22100100 22100312   0.496  1.784  
22100800 22101012   1.891  1.438  
22101500 22101712   4.021  3.278  
22102200 22102412   8.369  9.098  
22102900 22103112   10.227  10.148  
22110500 22110712   14.147  19.240  
22111200 22111412   1.365  4.454  
22111900 22112112   1.440  2.561  
22112600 22112812   2.897  6.294  
22120300 22120512   3.206  9.960  
22121000 22121212   24.986  18.686  
22121700 22121912   0.796  2.303  
22122400 22122612   21.452  17.912  
22123100 23010212   5.791  8.456  
23010700 23010912   17.665  20.973  
23011400 23011612   16.651  14.502  
23012100 23012312   14.902  13.516  
23012800 23013012   17.286  16.257  
23020400 23020612   1.661  8.204  
23021100 23021312   11.109  12.219  
23021800 23022012   2.156  3.104  
23022500 23022712   6.209  4.665  
23030400 23030612   2.224  1.488  
23031100 23031312   0.602  2.106  
23031800 23032012   5.144  7.105  
23032500 23032712   4.988  2.379  
23040100 23040312   18.316  13.674  
23040800 23041012   11.289  9.925  
23041500 23041712   1.629  1.109  
23042200 23042412   7.575  7.633  
23042900 23050112   15.667  13.176  
23050600 23050812   9.611  10.303  
23051300 23051512   5.746  6.311  
23052000 23052212   2.919  1.187  
23052700 23052912   6.139  4.596  
23060300 23060512   1.579  1.215  
23061000 23061212   13.919  15.820  
23061700 23061912   6.867  5.795  
23062400 23062612   2.591  2.578  
23070100 23070312   6.269  7.093  
23070800 23071012   2.721  3.062  
23071500 23071712   14.802  16.030  
23072200 23072412   4.890  5.084  
23072900 23073112   4.935  4.642  
23080500 23080712   5.531  6.730  
23081200 23081412   4.699  5.344  
23081900 23082112   7.575  7.071  
23082600 23082812   4.271  2.784  
23090200 23090412   2.091  2.184  
23090900 23091112   3.525  0.640  
23091600 23091812   6.021  9.845  
23092300 23092512   4.111  2.025  
23093000 23100212   3.368  3.128  
23100700 23100912   2.657  3.588  
23101400 23101612   2.456  6.580  
23102100 23102312   2.346  1.675  
23102800 23103012   2.012  5.825  
23110400 23110612   18.539  17.435  
23111100 23111312   24.493  20.606  
