22101600 22101812   0.256  0.030  -0.119  0.317  
22111600 22111812   -0.441  0.000  -0.441  0.000  
22121600 22121812   0.017  0.565  0.017  0.572  
23011600 23011812   -0.237  0.000  -0.236  0.000  
23021600 23021812   -0.087  0.000  -0.093  0.000  
23031600 23031812   0.233  0.000  0.232  0.000  
23041600 23041812   0.479  0.000  0.474  0.000  
23051600 23051812   -0.094  0.000  -0.093  0.000  
23061600 23061812   -0.112  0.000  -0.112  0.000  
23071600 23071812   0.022  0.000  0.020  0.000  
23081600 23081812   0.383  0.000  0.382  0.000  
23101600 23101812   0.259  0.000  0.265  0.000  
