22101600 22101812   0.260  0.031  0.071  0.561  
22111600 22111812   -0.380  0.000  -0.380  0.000  
22121600 22121812   0.053  0.083  0.053  0.083  
23011600 23011812   -0.273  0.000  -0.273  0.000  
23021600 23021812   -0.369  0.000  -0.376  0.000  
23031600 23031812   0.239  0.000  0.239  0.000  
23041600 23041812   0.454  0.000  0.456  0.000  
23051600 23051812   -0.305  0.000  -0.302  0.000  
23061600 23061812   -0.132  0.000  -0.132  0.000  
23071600 23071812   0.008  0.034  0.009  0.028  
23081600 23081812   0.502  0.000  0.502  0.000  
23101600 23101812   0.245  0.000  0.245  0.000  
