22100100 22100312   8.282  9.505  
22100800 22101012   5.291  5.495  
22101500 22101712   5.656  6.123  
22102200 22102412   9.496  9.805  
22102900 22103112   21.098  20.114  
22110500 22110712   20.324  21.572  
22111200 22111412   6.749  8.093  
22111900 22112112   2.305  2.874  
22112600 22112812   26.953  28.298  
22120300 22120512   14.849  17.549  
22121000 22121212   7.473  6.280  
22121700 22121912   10.230  9.285  
22122400 22122612   21.416  19.087  
22123100 23010212   14.525  13.834  
23010700 23010912   28.593  30.587  
23011400 23011612   13.814  11.082  
23012100 23012312   21.390  23.513  
23012800 23013012   4.077  2.655  
23020400 23020612   25.054  21.652  
23021100 23021312   16.330  24.756  
23021800 23022012   4.598  4.055  
23022500 23022712   38.763  39.864  
23030400 23030612   25.467  23.560  
23031100 23031312   26.457  31.065  
23031800 23032012   5.987  10.858  
23032500 23032712   3.777  5.520  
23040100 23040312   11.807  8.567  
23040800 23041012   19.819  22.221  
23041500 23041712   28.694  26.314  
23042200 23042412   9.829  11.837  
23042900 23050112   4.367  4.027  
23050600 23050812   6.515  7.992  
23051300 23051512   8.120  8.837  
23052000 23052212   12.061  13.924  
23052700 23052912   2.004  5.365  
23060300 23060512   11.414  14.225  
23061000 23061212   9.170  7.223  
23061700 23061912   3.175  3.106  
23062400 23062612   18.990  18.917  
23070100 23070312   1.160  1.756  
23070800 23071012   15.409  15.195  
23071500 23071712   8.057  8.838  
23072200 23072412   9.450  10.419  
23072900 23073112   7.786  9.365  
23080500 23080712   8.111  7.107  
23081200 23081412   5.338  4.157  
23081900 23082112   8.880  10.950  
23082600 23082812   5.315  5.563  
23090200 23090412   14.569  17.020  
23090900 23091112   2.243  2.637  
23091600 23091812   3.258  4.081  
23092300 23092512   10.217  11.081  
23093000 23100212   2.857  1.731  
23100700 23100912   11.884  13.873  
23101400 23101612   11.793  12.391  
23102100 23102312   3.733  3.828  
23102800 23103012   3.331  5.441  
