22100100 22100312   4.160  2.148  
22100800 22101012   1.171  2.351  
22101500 22101712   1.661  1.536  
22102200 22102412   2.005  2.297  
22102900 22103112   0.668  0.846  
22110500 22110712   2.277  2.902  
22111200 22111412   1.001  1.481  
22111900 22112112   0.396  0.292  
22112600 22112812   0.901  0.855  
22120300 22120512   0.232  0.367  
22121000 22121212   2.692  2.399  
22121700 22121912   0.774  0.671  
22122400 22122612   4.727  4.469  
22123100 23010212   0.986  0.537  
23010700 23010912   1.693  1.724  
23011400 23011612   2.356  1.503  
23012100 23012312   1.196  2.340  
23012800 23013012   0.509  0.859  
23020400 23020612   2.282  0.788  
23021100 23021312   0.458  0.984  
23021800 23022012   1.649  1.265  
23022500 23022712   0.768  1.026  
23030400 23030612   1.337  1.240  
23031100 23031312   0.670  0.803  
23031800 23032012   4.483  2.900  
23032500 23032712   0.208  0.263  
23040100 23040312   1.039  1.132  
23040800 23041012   3.814  3.696  
23041500 23041712   2.573  2.982  
23042200 23042412   1.137  1.223  
23042900 23050112   1.947  2.647  
23050600 23050812   1.449  1.350  
23051300 23051512   5.333  5.100  
23052000 23052212   2.140  3.513  
23052700 23052912   1.118  3.653  
23060300 23060512   1.259  1.312  
23061000 23061212   0.369  1.780  
23061700 23061912   2.249  2.088  
23062400 23062612   1.517  1.613  
