22100100 22100312   2.995  0.855  
22100800 22101012   1.790  3.025  
22101500 22101712   1.476  1.557  
22102200 22102412   1.405  1.708  
22102900 22103112   1.830  1.981  
22110500 22110712   1.906  3.036  
22111200 22111412   0.522  1.178  
22111900 22112112   2.830  2.746  
22112600 22112812   2.999  3.073  
22120300 22120512   0.712  0.749  
22121000 22121212   4.153  3.877  
22121700 22121912   1.047  1.154  
22122400 22122612   2.344  2.197  
22123100 23010212   0.304  0.607  
23010700 23010912   0.962  0.916  
23011400 23011612   2.303  1.583  
23012100 23012312   0.753  1.965  
23012800 23013012   1.365  1.950  
23020400 23020612   3.382  2.002  
23021100 23021312   0.512  0.450  
23021800 23022012   2.255  1.687  
23022500 23022712   1.893  0.136  
23030400 23030612   2.082  1.931  
23031100 23031312   0.663  0.464  
23031800 23032012   3.982  2.877  
23032500 23032712   0.622  0.704  
23040100 23040312   4.191  4.110  
23040800 23041012   1.377  1.455  
23041500 23041712   1.611  1.794  
23042200 23042412   0.706  0.521  
23042900 23050112   1.673  2.327  
23050600 23050812   0.136  0.189  
23051300 23051512   5.884  5.668  
23052000 23052212   1.895  2.692  
23052700 23052912   1.687  4.193  
23060300 23060512   0.602  0.438  
23061000 23061212   1.331  3.506  
23061700 23061912   0.373  0.304  
23062400 23062612   4.586  5.005  
23070100 23070312   1.660  1.815  
23070800 23071012   4.561  4.615  
23071500 23071712   2.358  2.647  
23072200 23072412   2.037  1.925  
23072900 23073112   1.543  1.819  
23080500 23080712   2.602  2.843  
23081200 23081412   4.426  2.230  
23081900 23082112   0.482  0.849  
23082600 23082812   1.950  1.803  
23090200 23090412   2.843  2.640  
23090900 23091112   6.100  4.968  
23091600 23091812   2.633  2.708  
23092300 23092512   5.109  5.715  
23093000 23100212   0.502  0.683  
23100700 23100912   1.000  1.063  
23101400 23101612   1.729  1.725  
23102100 23102312   1.231  1.257  
23102800 23103012   0.569  0.180  
