22100100 22100312   6.745  9.726  
22100800 22101012   13.311  13.029  
22101500 22101712   3.724  3.020  
22102200 22102412   17.077  18.065  
22102900 22103112   9.746  11.105  
22110500 22110712   50.851  53.113  
22111200 22111412   0.776  4.477  
22111900 22112112   4.222  4.160  
22112600 22112812   14.077  15.816  
22120300 22120512   3.746  2.223  
22121000 22121212   22.241  19.659  
22121700 22121912   7.363  7.245  
22122400 22122612   26.797  27.162  
22123100 23010212   16.317  15.116  
23010700 23010912   23.122  27.050  
23011400 23011612   10.369  12.116  
23012100 23012312   2.235  3.344  
23012800 23013012   33.513  34.237  
23020400 23020612   5.273  7.370  
23021100 23021312   13.336  19.387  
23021800 23022012   15.374  13.896  
23022500 23022712   5.009  2.981  
23030400 23030612   48.950  53.474  
23031100 23031312   22.151  22.917  
23031800 23032012   8.274  9.109  
23032500 23032712   15.149  20.600  
23040100 23040312   38.149  32.586  
23040800 23041012   1.705  2.117  
23041500 23041712   4.771  7.496  
23042200 23042412   6.109  6.413  
23042900 23050112   31.689  32.782  
23050600 23050812   5.885  6.055  
23051300 23051512   6.415  8.332  
23052000 23052212   20.936  20.718  
23052700 23052912   5.803  2.366  
23060300 23060512   14.991  15.472  
23061000 23061212   30.900  34.257  
23061700 23061912   14.447  15.604  
23062400 23062612   0.944  1.845  
23070100 23070312   12.067  12.970  
23070800 23071012   7.441  7.869  
23071500 23071712   10.231  11.648  
23072200 23072412   2.266  2.823  
23072900 23073112   13.281  13.226  
23080500 23080712   6.215  6.637  
23081200 23081412   12.595  14.374  
23081900 23082112   24.469  26.010  
23082600 23082812   10.765  11.726  
23090200 23090412   14.150  14.361  
23090900 23091112   7.806  9.818  
23091600 23091812   26.935  28.791  
23092300 23092512   10.492  13.668  
23093000 23100212   12.844  14.239  
23100700 23100912   7.386  8.057  
23101400 23101612   6.539  4.867  
23102100 23102312   3.883  2.773  
23102800 23103012   4.355  3.955  
