22100100 22100312   0.655  0.488  
22100800 22101012   0.352  0.201  
22101500 22101712   1.715  5.090  
22102200 22102412   0.156  1.358  
22102900 22103112   2.553  2.460  
22110500 22110712   4.515  10.325  
22111200 22111412   2.395  2.685  
22111900 22112112   1.613  2.452  
22112600 22112812   11.060  11.244  
22120300 22120512   8.086  8.355  
22121000 22121212   6.773  5.609  
22121700 22121912   2.634  3.495  
22122400 22122612   3.975  4.468  
22123100 23010212   1.698  2.768  
23010700 23010912   5.539  6.614  
23011400 23011612   2.368  1.935  
23012100 23012312   0.538  1.025  
23012800 23013012   12.721  13.522  
23020400 23020612   6.013  11.662  
23021100 23021312   1.024  3.778  
23021800 23022012   0.731  1.466  
23022500 23022712   7.092  8.243  
23030400 23030612   2.524  3.523  
23031100 23031312   5.899  6.524  
23031800 23032012   1.037  0.857  
23032500 23032712   2.589  3.943  
23040100 23040312   2.346  1.968  
23040800 23041012   1.692  0.277  
23041500 23041712   5.625  6.352  
23042200 23042412   3.441  5.161  
23042900 23050112   2.183  3.678  
23050600 23050812   0.867  1.483  
23051300 23051512   1.904  3.062  
23052000 23052212   2.621  2.493  
23052700 23052912   1.965  2.589  
23060300 23060512   0.204  0.217  
23061000 23061212   0.888  0.759  
23061700 23061912   4.733  6.294  
23062400 23062612   1.608  1.400  
