22100100 22100312   0.000  0.001  
22100800 22101012   0.000  0.000  
22101500 22101712   0.000  0.000  
22102200 22102412   0.128  0.213  
22102900 22103112   0.075  0.081  
22110500 22110712   0.185  0.374  
22111200 22111412   0.002  0.002  
22111900 22112112   0.000  0.000  
22112600 22112812   0.022  0.024  
22120300 22120512   0.065  0.060  
22121000 22121212   0.460  0.356  
22121700 22121912   0.012  0.006  
22122400 22122612   0.435  0.609  
22123100 23010212   0.134  0.322  
23010700 23010912   0.064  0.184  
23011400 23011612   0.600  0.699  
23012100 23012312   0.012  0.028  
23012800 23013012   0.000  0.000  
23020400 23020612   0.342  0.777  
23021100 23021312   0.055  0.149  
23021800 23022012   0.001  0.005  
23022500 23022712   0.004  0.006  
23030400 23030612   0.327  0.413  
23031100 23031312   0.033  0.032  
23031800 23032012   0.000  0.000  
23032500 23032712   0.029  0.093  
23040100 23040312   0.936  1.166  
23040800 23041012   0.121  0.166  
23041500 23041712   0.019  0.013  
23042200 23042412   0.120  0.057  
23042900 23050112   0.000  0.000  
23050600 23050812   0.263  0.456  
23051300 23051512   0.000  0.000  
23052000 23052212   0.000  0.001  
23052700 23052912   0.000  0.006  
23060300 23060512   0.000  0.000  
23061000 23061212   0.477  0.626  
23061700 23061912   0.028  0.057  
23062400 23062612   0.007  0.021  
23070100 23070312   0.000  0.002  
23070800 23071012   0.001  0.007  
23071500 23071712   0.000  0.000  
23072200 23072412   0.000  0.001  
23072900 23073112   0.000  0.003  
23080500 23080712   0.000  0.002  
23081200 23081412   0.000  0.001  
23081900 23082112   0.000  0.000  
23082600 23082812   0.000  0.000  
23090200 23090412   0.000  0.000  
23090900 23091112   0.000  0.000  
23091600 23091812   0.000  0.000  
23092300 23092512   0.009  0.005  
23093000 23100212   0.000  0.004  
23100700 23100912   0.000  0.000  
23101400 23101612   0.062  0.050  
23102100 23102312   0.000  0.000  
23102800 23103012   0.000  0.000  
