22100100 22100312   0.000  0.001  
22100800 22101012   0.000  0.000  
22101500 22101712   0.000  0.000  
22102200 22102412   0.092  0.118  
22102900 22103112   0.046  0.066  
22110500 22110712   0.180  0.460  
22111200 22111412   0.000  0.000  
22111900 22112112   0.000  0.000  
22112600 22112812   0.030  0.021  
22120300 22120512   0.109  0.086  
22121000 22121212   0.528  0.443  
22121700 22121912   0.005  0.006  
22122400 22122612   0.187  0.429  
22123100 23010212   0.313  0.599  
23010700 23010912   0.066  0.190  
23011400 23011612   0.633  0.725  
23012100 23012312   0.284  0.250  
23012800 23013012   0.000  0.000  
23020400 23020612   0.162  0.602  
23021100 23021312   0.094  0.175  
23021800 23022012   0.001  0.014  
23022500 23022712   1.687  1.687  
23030400 23030612   0.431  0.412  
23031100 23031312   0.006  0.018  
23031800 23032012   0.000  0.000  
23032500 23032712   0.040  0.162  
23040100 23040312   0.483  0.101  
23040800 23041012   0.191  0.151  
23041500 23041712   0.021  0.021  
23042200 23042412   0.178  0.260  
23042900 23050112   0.000  0.000  
23050600 23050812   0.170  0.489  
23051300 23051512   0.000  0.000  
23052000 23052212   0.000  0.001  
23052700 23052912   0.000  0.005  
23060300 23060512   0.000  0.000  
23061000 23061212   0.265  0.270  
23061700 23061912   0.016  0.040  
23062400 23062612   0.003  0.017  
23070100 23070312   0.000  0.002  
23070800 23071012   0.001  0.008  
23071500 23071712   0.000  0.000  
23072200 23072412   0.000  0.009  
23072900 23073112   0.000  0.008  
23080500 23080712   0.000  0.002  
23081200 23081412   0.004  0.002  
23081900 23082112   0.000  0.004  
23082600 23082812   0.000  0.000  
23090200 23090412   0.000  0.000  
23090900 23091112   0.000  0.001  
23091600 23091812   0.001  0.001  
23092300 23092512   0.006  0.007  
23093000 23100212   0.000  0.005  
23100700 23100912   0.000  0.000  
23101400 23101612   0.303  0.302  
23102100 23102312   0.000  0.000  
23102800 23103012   0.000  0.000  
