22100100 22100312   0.000  0.001  
22100800 22101012   0.000  0.000  
22101500 22101712   0.000  0.000  
22102200 22102412   0.336  0.411  
22102900 22103112   0.079  0.097  
22110500 22110712   0.493  1.249  
22111200 22111412   0.000  0.002  
22111900 22112112   0.000  0.000  
22112600 22112812   0.383  0.321  
22120300 22120512   0.033  0.019  
22121000 22121212   0.080  0.099  
22121700 22121912   0.018  0.008  
22122400 22122612   10.152  9.973  
22123100 23010212   0.185  0.319  
23010700 23010912   0.026  0.049  
23011400 23011612   0.531  0.512  
23012100 23012312   0.762  0.742  
23012800 23013012   0.001  0.001  
23020400 23020612   0.186  0.073  
23021100 23021312   0.106  0.248  
23021800 23022012   0.013  0.028  
23022500 23022712   0.021  0.021  
23030400 23030612   0.114  0.168  
23031100 23031312   0.076  0.159  
23031800 23032012   0.000  0.000  
23032500 23032712   0.207  0.319  
23040100 23040312   0.308  0.441  
23040800 23041012   0.435  0.515  
23041500 23041712   0.192  0.144  
23042200 23042412   0.053  0.082  
23042900 23050112   0.000  0.000  
23050600 23050812   0.108  0.257  
23051300 23051512   0.000  0.000  
23052000 23052212   0.006  0.005  
23052700 23052912   0.005  0.033  
23060300 23060512   0.000  0.001  
23061000 23061212   0.474  0.202  
23061700 23061912   0.206  0.302  
23062400 23062612   0.013  0.059  
23070100 23070312   0.000  0.003  
23070800 23071012   0.036  0.034  
23071500 23071712   0.000  0.000  
23072200 23072412   0.001  0.012  
23072900 23073112   0.007  0.025  
23080500 23080712   0.000  0.004  
23081200 23081412   0.000  0.003  
23081900 23082112   0.000  0.000  
23082600 23082812   0.010  0.007  
23090200 23090412   0.006  0.006  
23090900 23091112   0.000  0.001  
23091600 23091812   0.001  0.001  
23092300 23092512   3.445  3.457  
23093000 23100212   0.000  0.007  
23100700 23100912   0.000  0.000  
23101400 23101612   0.030  0.043  
23102100 23102312   0.000  0.000  
23102800 23103012   0.000  0.000  
