22100100 22100312   2.550  0.771  
22100800 22101012   1.107  2.283  
22101500 22101712   0.601  0.917  
22102200 22102412   1.957  2.215  
22102900 22103112   1.921  2.141  
22110500 22110712   2.127  2.938  
22111200 22111412   0.502  0.631  
22111900 22112112   1.083  0.812  
22112600 22112812   1.648  1.614  
22120300 22120512   1.595  1.570  
22121000 22121212   2.943  2.606  
22121700 22121912   0.874  0.730  
22122400 22122612   3.789  3.471  
22123100 23010212   1.575  0.926  
23010700 23010912   0.980  1.112  
23011400 23011612   2.468  1.495  
23012100 23012312   1.254  2.312  
23012800 23013012   0.757  1.167  
23020400 23020612   2.447  0.895  
23021100 23021312   0.412  1.020  
23021800 23022012   2.028  1.569  
23022500 23022712   0.541  0.978  
23030400 23030612   1.635  1.472  
23031100 23031312   0.472  0.372  
23031800 23032012   1.772  0.225  
23032500 23032712   0.219  0.284  
23040100 23040312   0.619  0.611  
23040800 23041012   2.201  2.144  
23041500 23041712   1.981  2.377  
23042200 23042412   1.315  1.390  
23042900 23050112   1.212  0.648  
23050600 23050812   1.405  1.602  
23051300 23051512   1.573  1.206  
23052000 23052212   3.102  1.781  
23052700 23052912   1.096  1.211  
23060300 23060512   2.531  2.542  
23061000 23061212   0.333  1.771  
23061700 23061912   1.439  1.285  
23062400 23062612   1.529  1.635  
