22100100 22100312   0.000  0.001  
22100800 22101012   0.000  0.000  
22101500 22101712   0.000  0.000  
22102200 22102412   0.202  0.217  
22102900 22103112   0.107  0.121  
22110500 22110712   0.214  0.393  
22111200 22111412   0.000  0.000  
22111900 22112112   0.000  0.001  
22112600 22112812   0.032  0.030  
22120300 22120512   0.085  0.071  
22121000 22121212   0.504  0.369  
22121700 22121912   0.098  0.102  
22122400 22122612   0.545  0.409  
22123100 23010212   0.314  0.540  
23010700 23010912   1.309  1.191  
23011400 23011612   0.705  0.735  
23012100 23012312   0.286  0.279  
23012800 23013012   0.001  0.000  
23020400 23020612   0.369  0.765  
23021100 23021312   0.059  0.140  
23021800 23022012   0.001  0.005  
23022500 23022712   0.241  0.242  
23030400 23030612   0.346  0.385  
23031100 23031312   0.038  0.037  
23031800 23032012   0.000  0.000  
23032500 23032712   0.031  0.094  
23040100 23040312   0.579  0.825  
23040800 23041012   0.451  0.427  
23041500 23041712   1.281  1.284  
23042200 23042412   0.215  0.345  
23042900 23050112   0.000  0.000  
23050600 23050812   0.221  0.448  
23051300 23051512   0.000  0.000  
23052000 23052212   0.001  0.001  
23052700 23052912   0.000  0.006  
23060300 23060512   0.000  0.000  
23061000 23061212   0.444  0.571  
23061700 23061912   0.025  0.046  
23062400 23062612   0.008  0.021  
23070100 23070312   0.000  0.002  
23070800 23071012   0.001  0.007  
23071500 23071712   0.000  0.000  
23072200 23072412   0.000  0.001  
23072900 23073112   0.000  0.004  
23080500 23080712   0.000  0.002  
23081200 23081412   0.000  0.001  
23081900 23082112   0.000  0.000  
23082600 23082812   0.000  0.000  
23090200 23090412   0.000  0.000  
23090900 23091112   0.000  0.000  
23091600 23091812   0.001  0.001  
23092300 23092512   0.011  0.007  
23093000 23100212   0.001  0.004  
23100700 23100912   0.000  0.000  
23101400 23101612   0.075  0.053  
23102100 23102312   0.000  0.000  
23102800 23103012   0.000  0.000  
