22100100 22100312   2.381  0.385  
22100800 22101012   0.159  1.228  
22101500 22101712   1.365  1.574  
22102200 22102412   1.026  1.270  
22102900 22103112   0.510  0.710  
22110500 22110712   1.764  3.160  
22111200 22111412   0.177  1.158  
22111900 22112112   0.525  0.374  
22112600 22112812   0.973  1.067  
22120300 22120512   1.929  1.949  
22121000 22121212   2.532  2.285  
22121700 22121912   0.377  0.630  
22122400 22122612   5.836  5.572  
22123100 23010212   2.208  1.656  
23010700 23010912   0.106  0.029  
23011400 23011612   2.802  0.612  
23012100 23012312   1.150  2.494  
23012800 23013012   0.664  0.302  
23020400 23020612   2.136  0.615  
23021100 23021312   0.562  1.302  
23021800 23022012   1.716  1.153  
23022500 23022712   0.339  0.806  
23030400 23030612   0.885  0.910  
23031100 23031312   1.028  0.965  
23031800 23032012   2.892  1.574  
23032500 23032712   0.847  1.051  
23040100 23040312   0.455  0.534  
23040800 23041012   0.390  0.304  
23041500 23041712   0.549  0.719  
23042200 23042412   0.364  0.393  
23042900 23050112   2.997  2.436  
23050600 23050812   0.297  0.165  
23051300 23051512   2.073  1.457  
23052000 23052212   1.767  1.944  
23052700 23052912   1.339  0.742  
23060300 23060512   0.236  0.387  
23061000 23061212   0.360  1.913  
23061700 23061912   1.390  1.196  
23062400 23062612   1.653  2.161  
23070100 23070312   0.937  1.008  
23070800 23071012   1.914  2.055  
23071500 23071712   3.507  3.357  
23072200 23072412   0.230  0.109  
23072900 23073112   0.287  0.271  
23080500 23080712   1.916  2.013  
23081200 23081412   3.896  1.634  
23081900 23082112   1.688  1.631  
23082600 23082812   0.743  1.231  
23090200 23090412   0.831  0.980  
23090900 23091112   2.738  1.834  
23091600 23091812   0.511  0.639  
23092300 23092512   1.660  2.056  
23093000 23100212   0.534  0.643  
23100700 23100912   2.885  2.593  
23101400 23101612   0.291  0.331  
23102100 23102312   1.610  1.440  
23102800 23103012   0.827  0.517  
