22100100 22100312   0.000  0.001  
22100800 22101012   0.000  0.000  
22101500 22101712   0.011  0.011  
22102200 22102412   0.083  0.118  
22102900 22103112   0.040  0.035  
22110500 22110712   0.060  0.177  
22111200 22111412   0.000  0.000  
22111900 22112112   0.000  0.001  
22112600 22112812   0.013  0.007  
22120300 22120512   0.289  0.311  
22121000 22121212   0.548  0.390  
22121700 22121912   0.004  0.002  
22122400 22122612   0.467  0.646  
22123100 23010212   0.062  0.142  
23010700 23010912   0.538  0.481  
23011400 23011612   0.300  0.288  
23012100 23012312   0.751  0.749  
23012800 23013012   0.000  0.000  
23020400 23020612   0.116  0.179  
23021100 23021312   0.009  0.065  
23021800 23022012   0.000  0.001  
23022500 23022712   0.032  0.033  
23030400 23030612   0.330  0.345  
23031100 23031312   0.018  0.029  
23031800 23032012   0.000  0.000  
23032500 23032712   0.153  0.097  
23040100 23040312   0.415  0.512  
23040800 23041012   0.033  0.096  
23041500 23041712   0.200  0.199  
23042200 23042412   0.181  0.084  
23042900 23050112   0.000  0.000  
23050600 23050812   0.147  0.351  
23051300 23051512   0.000  0.000  
23052000 23052212   0.000  0.001  
23052700 23052912   0.000  0.005  
23060300 23060512   0.000  0.000  
23061000 23061212   0.274  0.527  
23061700 23061912   0.004  0.042  
23062400 23062612   0.003  0.010  
23070100 23070312   0.000  0.002  
23070800 23071012   0.007  0.018  
23071500 23071712   0.000  0.000  
23072200 23072412   0.000  0.001  
23072900 23073112   0.000  0.001  
23080500 23080712   0.002  0.004  
23081200 23081412   0.000  0.001  
23081900 23082112   0.000  0.000  
23082600 23082812   0.000  0.001  
23090200 23090412   0.001  0.002  
23090900 23091112   0.000  0.000  
23091600 23091812   0.001  0.001  
23092300 23092512   0.004  0.003  
23093000 23100212   0.000  0.002  
23100700 23100912   0.000  0.001  
23101400 23101612   0.022  0.026  
23102100 23102312   0.000  0.000  
23102800 23103012   0.000  0.000  
