22100100 22100312   3.261  1.594  
22100800 22101012   1.446  2.527  
22101500 22101712   2.714  2.995  
22102200 22102412   1.456  1.751  
22102900 22103112   1.316  1.447  
22110500 22110712   4.792  5.851  
22111200 22111412   2.643  3.035  
22111900 22112112   3.242  3.005  
22112600 22112812   3.121  3.011  
22120300 22120512   2.482  1.944  
22121000 22121212   3.559  3.295  
22121700 22121912   0.531  0.844  
22122400 22122612   3.029  2.785  
22123100 23010212   1.395  0.829  
23010700 23010912   0.198  0.469  
23011400 23011612   2.612  1.416  
23012100 23012312   0.852  1.818  
23012800 23013012   0.309  0.535  
23020400 23020612   1.668  0.199  
23021100 23021312   0.699  0.363  
23021800 23022012   2.261  1.793  
23022500 23022712   1.229  2.271  
23030400 23030612   1.308  1.234  
23031100 23031312   0.644  0.723  
23031800 23032012   3.957  2.425  
23032500 23032712   0.549  0.682  
23040100 23040312   0.257  0.242  
23040800 23041012   2.337  2.311  
23041500 23041712   2.228  2.671  
23042200 23042412   2.117  2.052  
23042900 23050112   0.789  1.946  
23050600 23050812   1.328  1.482  
23051300 23051512   2.811  2.588  
23052000 23052212   1.655  2.241  
23052700 23052912   0.189  2.585  
23060300 23060512   1.308  1.375  
23061000 23061212   0.792  2.388  
23061700 23061912   2.677  2.629  
23062400 23062612   4.006  4.808  
23070100 23070312   0.552  0.563  
23070800 23071012   2.728  2.856  
23071500 23071712   0.638  0.320  
23072200 23072412   0.266  0.304  
23072900 23073112   1.268  1.277  
23080500 23080712   3.901  3.936  
23081200 23081412   5.316  2.948  
23081900 23082112   1.432  1.130  
23082600 23082812   0.952  0.681  
23090200 23090412   1.089  1.151  
23090900 23091112   4.862  3.863  
23091600 23091812   3.490  3.644  
23092300 23092512   3.631  4.420  
23093000 23100212   0.453  0.840  
23100700 23100912   0.741  0.846  
23101400 23101612   0.746  0.631  
23102100 23102312   0.495  0.329  
23102800 23103012   1.816  1.275  
