22100100 22100312   1.878  0.177  
22100800 22101012   1.346  2.599  
22101500 22101712   0.927  1.235  
22102200 22102412   1.798  1.986  
22102900 22103112   2.065  2.259  
22110500 22110712   1.467  1.520  
22111200 22111412   1.386  1.537  
22111900 22112112   1.492  1.190  
22112600 22112812   2.425  2.361  
22120300 22120512   0.264  0.281  
22121000 22121212   3.546  3.149  
22121700 22121912   0.573  0.487  
22122400 22122612   3.154  2.901  
22123100 23010212   1.235  0.657  
23010700 23010912   0.151  0.218  
23011400 23011612   2.829  1.354  
23012100 23012312   0.907  2.028  
23012800 23013012   0.910  1.353  
23020400 23020612   2.877  1.269  
23021100 23021312   0.414  0.615  
23021800 23022012   2.539  2.072  
23022500 23022712   0.500  1.244  
23030400 23030612   1.318  1.148  
23031100 23031312   0.632  0.560  
23031800 23032012   1.072  0.915  
23032500 23032712   0.924  1.069  
23040100 23040312   1.686  1.687  
23040800 23041012   2.036  1.992  
23041500 23041712   1.816  2.160  
23042200 23042412   1.469  1.479  
23042900 23050112   2.159  1.589  
23050600 23050812   1.224  1.409  
23051300 23051512   0.497  0.894  
23052000 23052212   1.339  1.779  
23052700 23052912   1.519  0.731  
23060300 23060512   2.124  2.173  
23061000 23061212   0.476  1.591  
23061700 23061912   0.376  0.237  
23062400 23062612   1.173  1.666  
23070100 23070312   0.856  0.897  
23070800 23071012   1.156  1.358  
23071500 23071712   3.744  3.932  
23072200 23072412   1.476  1.528  
23072900 23073112   0.586  0.567  
23080500 23080712   1.260  1.209  
23081200 23081412   3.004  0.693  
23081900 23082112   3.162  3.111  
23082600 23082812   0.644  1.025  
23090200 23090412   0.227  0.329  
23090900 23091112   4.023  3.181  
23091600 23091812   0.369  0.263  
23092300 23092512   3.342  4.106  
23093000 23100212   0.445  0.703  
23100700 23100912   0.915  1.231  
23101400 23101612   0.295  0.217  
23102100 23102312   1.153  1.036  
23102800 23103012   1.306  0.853  
