22100100 22100312   0.000  0.001  
22100800 22101012   0.001  0.001  
22101500 22101712   0.000  0.000  
22102200 22102412   0.269  0.197  
22102900 22103112   0.038  0.043  
22110500 22110712   0.055  0.237  
22111200 22111412   0.000  0.000  
22111900 22112112   0.000  0.000  
22112600 22112812   0.381  0.388  
22120300 22120512   0.032  0.020  
22121000 22121212   0.366  0.249  
22121700 22121912   0.008  0.006  
22122400 22122612   0.392  0.708  
22123100 23010212   0.102  0.206  
23010700 23010912   0.556  0.530  
23011400 23011612   0.141  0.148  
23012100 23012312   1.678  1.671  
23012800 23013012   0.000  0.000  
23020400 23020612   0.163  0.198  
23021100 23021312   0.007  0.045  
23021800 23022012   0.001  0.002  
23022500 23022712   0.036  0.037  
23030400 23030612   0.271  0.296  
23031100 23031312   0.022  0.051  
23031800 23032012   0.000  0.000  
23032500 23032712   0.120  0.134  
23040100 23040312   0.422  0.515  
23040800 23041012   0.049  0.123  
23041500 23041712   0.399  0.398  
23042200 23042412   0.336  0.371  
23042900 23050112   0.000  0.000  
23050600 23050812   0.238  0.358  
23051300 23051512   0.000  0.000  
23052000 23052212   0.001  0.002  
23052700 23052912   0.001  0.004  
23060300 23060512   0.000  0.000  
23061000 23061212   0.473  0.744  
23061700 23061912   0.026  0.069  
23062400 23062612   0.004  0.009  
23070100 23070312   0.000  0.002  
23070800 23071012   0.000  0.002  
23071500 23071712   0.000  0.000  
23072200 23072412   0.000  0.004  
23072900 23073112   0.000  0.000  
23080500 23080712   0.000  0.001  
23081200 23081412   0.000  0.001  
23081900 23082112   0.000  0.000  
23082600 23082812   0.000  0.001  
23090200 23090412   0.003  0.003  
23090900 23091112   0.000  0.000  
23091600 23091812   0.000  0.000  
23092300 23092512   0.392  0.391  
23093000 23100212   0.000  0.002  
23100700 23100912   0.000  0.000  
23101400 23101612   0.019  0.021  
23102100 23102312   0.000  0.000  
23102800 23103012   0.000  0.000  
