22100100 22100312   6.843  9.812  
22100800 22101012   13.547  13.219  
22101500 22101712   20.232  18.764  
22102200 22102412   16.589  17.563  
22102900 22103112   9.667  11.027  
22110500 22110712   51.077  53.312  
22111200 22111412   3.633  4.336  
22111900 22112112   3.446  3.600  
22112600 22112812   17.887  20.056  
22120300 22120512   2.395  3.729  
22121000 22121212   23.514  20.987  
22121700 22121912   7.647  7.486  
22122400 22122612   24.776  25.104  
22123100 23010212   16.268  14.993  
23010700 23010912   23.688  27.750  
23011400 23011612   10.310  12.301  
23012100 23012312   2.038  3.156  
23012800 23013012   33.542  34.253  
23020400 23020612   5.351  7.321  
23021100 23021312   13.410  19.533  
23021800 23022012   14.906  13.431  
23022500 23022712   5.544  3.524  
23030400 23030612   49.496  53.985  
23031100 23031312   21.530  22.404  
23031800 23032012   7.055  7.924  
23032500 23032712   15.278  20.758  
23040100 23040312   38.761  33.207  
23040800 23041012   5.027  5.533  
23041500 23041712   2.711  5.189  
23042200 23042412   5.409  5.624  
23042900 23050112   32.317  33.500  
23050600 23050812   4.980  5.125  
23051300 23051512   6.520  8.462  
23052000 23052212   20.278  20.075  
23052700 23052912   5.623  2.182  
23060300 23060512   14.657  15.124  
23061000 23061212   31.395  34.773  
23061700 23061912   14.028  15.127  
23062400 23062612   0.859  1.932  
23070100 23070312   11.897  12.793  
23070800 23071012   7.692  8.121  
23071500 23071712   10.674  12.105  
23072200 23072412   2.067  2.622  
23072900 23073112   13.172  13.110  
23080500 23080712   5.821  6.241  
23081200 23081412   12.429  14.197  
23081900 23082112   23.649  25.199  
23082600 23082812   10.786  11.707  
23090200 23090412   15.054  15.261  
23090900 23091112   7.669  9.875  
23091600 23091812   27.863  29.598  
23092300 23092512   10.684  13.854  
23093000 23100212   12.584  14.010  
23100700 23100912   6.777  7.435  
23101400 23101612   6.700  5.055  
23102100 23102312   3.658  2.554  
23102800 23103012   3.833  3.455  
