22100100 22100312   2.811  0.312  
22100800 22101012   1.366  2.322  
22101500 22101712   3.588  3.534  
22102200 22102412   0.490  0.719  
22102900 22103112   0.981  0.855  
22110500 22110712   1.846  1.931  
22111200 22111412   0.691  0.359  
22111900 22112112   2.922  2.584  
22112600 22112812   3.312  3.010  
22120300 22120512   2.818  1.963  
22121000 22121212   1.097  1.363  
22121700 22121912   2.507  2.061  
22122400 22122612   3.538  3.800  
22123100 23010212   1.301  1.866  
23010700 23010912   0.759  1.130  
23011400 23011612   2.303  0.774  
23012100 23012312   0.727  1.631  
23012800 23013012   1.524  1.075  
23020400 23020612   2.613  1.705  
23021100 23021312   2.461  2.192  
23021800 23022012   3.443  2.898  
23022500 23022712   0.502  0.735  
23030400 23030612   0.116  0.317  
23031100 23031312   1.054  1.463  
23031800 23032012   5.151  4.417  
23032500 23032712   2.203  2.087  
23040100 23040312   0.414  0.403  
23040800 23041012   1.495  1.492  
23041500 23041712   3.350  3.355  
23042200 23042412   0.454  0.690  
23042900 23050112   2.417  2.688  
23050600 23050812   1.066  0.940  
23051300 23051512   4.683  5.077  
23052000 23052212   2.858  2.199  
23052700 23052912   1.970  0.723  
23060300 23060512   0.154  0.126  
23061000 23061212   0.949  3.185  
23061700 23061912   1.991  2.273  
23062400 23062612   1.282  1.413  
23070100 23070312   2.455  2.367  
23070800 23071012   1.508  1.558  
23071500 23071712   0.232  0.316  
23072200 23072412   2.621  2.799  
23072900 23073112   2.868  2.967  
23080500 23080712   0.885  0.915  
23081200 23081412   6.529  3.914  
23081900 23082112   1.555  1.699  
23082600 23082812   2.608  2.643  
23090200 23090412   3.222  3.172  
23090900 23091112   4.607  3.445  
23091600 23091812   4.876  4.901  
23092300 23092512   5.460  6.185  
23093000 23100212   0.794  1.125  
23100700 23100912   0.959  0.532  
23101400 23101612   1.501  1.672  
23102100 23102312   0.660  0.421  
23102800 23103012   1.129  0.754  
