22100100 22100312   4.359  2.461  
22100800 22101012   1.253  2.286  
22101500 22101712   3.031  3.497  
22102200 22102412   1.539  1.736  
22102900 22103112   1.893  1.957  
22110500 22110712   3.064  4.106  
22111200 22111412   0.432  0.709  
22111900 22112112   0.143  0.204  
22112600 22112812   0.589  0.536  
22120300 22120512   1.435  1.347  
22121000 22121212   1.573  1.179  
22121700 22121912   0.819  0.571  
22122400 22122612   5.040  4.708  
22123100 23010212   1.879  1.236  
23010700 23010912   1.598  1.873  
23011400 23011612   2.297  1.273  
23012100 23012312   1.630  2.423  
23012800 23013012   1.033  1.265  
23020400 23020612   0.112  1.608  
23021100 23021312   0.293  0.783  
23021800 23022012   1.731  1.322  
23022500 23022712   0.552  1.932  
23030400 23030612   1.464  1.415  
23031100 23031312   2.125  2.306  
23031800 23032012   5.416  3.955  
23032500 23032712   0.947  0.860  
23040100 23040312   0.340  0.361  
23040800 23041012   4.420  4.306  
23041500 23041712   3.069  3.408  
23042200 23042412   0.846  0.917  
23042900 23050112   1.167  1.944  
23050600 23050812   1.906  1.761  
23051300 23051512   5.371  5.248  
23052000 23052212   2.563  3.141  
23052700 23052912   0.725  3.370  
23060300 23060512   1.741  1.797  
23061000 23061212   0.652  1.202  
23061700 23061912   1.395  1.405  
23062400 23062612   1.256  1.398  
