22100100 22100312   1.737  1.958  
22100800 22101012   1.380  2.007  
22101500 22101712   2.435  2.701  
22102200 22102412   2.561  3.834  
22102900 22103112   17.447  15.100  
22110500 22110712   14.647  14.899  
22111200 22111412   2.025  2.418  
22111900 22112112   4.223  4.168  
22112600 22112812   18.709  19.936  
22120300 22120512   2.802  6.087  
22121000 22121212   17.233  18.330  
22121700 22121912   2.492  3.395  
22122400 22122612   2.078  1.814  
22123100 23010212   5.633  8.435  
23010700 23010912   20.111  22.468  
23011400 23011612   13.242  12.282  
23012100 23012312   4.829  4.481  
23012800 23013012   0.687  0.741  
23020400 23020612   17.093  10.695  
23021100 23021312   4.612  7.918  
23021800 23022012   4.925  3.581  
23022500 23022712   7.418  4.795  
23030400 23030612   9.766  10.494  
23031100 23031312   15.551  16.217  
23031800 23032012   3.819  3.758  
23032500 23032712   7.454  9.257  
23040100 23040312   4.553  9.151  
23040800 23041012   17.499  19.782  
23041500 23041712   13.319  12.818  
23042200 23042412   2.562  1.556  
23042900 23050112   6.800  4.789  
23050600 23050812   7.671  8.396  
23051300 23051512   2.039  1.528  
23052000 23052212   7.288  8.198  
23052700 23052912   4.329  6.972  
23060300 23060512   5.022  5.541  
23061000 23061212   8.014  8.130  
23061700 23061912   6.394  7.661  
23062400 23062612   1.640  2.391  
23070100 23070312   1.139  0.695  
23070800 23071012   6.502  7.521  
23071500 23071712   3.234  3.415  
23072200 23072412   3.669  3.165  
23072900 23073112   7.539  8.301  
23080500 23080712   9.381  10.069  
23081200 23081412   6.336  5.329  
23081900 23082112   8.892  7.772  
23082600 23082812   3.643  3.816  
23090200 23090412   10.943  10.635  
23090900 23091112   5.179  4.126  
23091600 23091812   4.333  4.560  
23092300 23092512   14.590  16.621  
23093000 23100212   7.840  8.358  
23100700 23100912   6.185  5.131  
23101400 23101612   12.465  12.810  
23102100 23102312   11.429  9.567  
23102800 23103012   1.526  2.257  
