22100100 22100312   2.102  0.748  
22100800 22101012   2.403  1.507  
22101500 22101712   1.941  1.775  
22102200 22102412   0.260  0.992  
22102900 22103112   1.519  1.262  
22110500 22110712   5.018  8.983  
22111200 22111412   0.721  1.589  
22111900 22112112   1.268  1.633  
22112600 22112812   2.172  4.775  
22120300 22120512   6.878  9.011  
22121000 22121212   10.711  11.840  
22121700 22121912   1.947  2.197  
22122400 22122612   2.599  1.779  
22123100 23010212   7.146  8.294  
23010700 23010912   10.829  12.391  
23011400 23011612   4.250  2.959  
23012100 23012312   4.932  4.998  
23012800 23013012   10.508  10.914  
23020400 23020612   4.407  9.720  
23021100 23021312   0.934  3.135  
23021800 23022012   5.588  6.513  
23022500 23022712   5.468  6.337  
23030400 23030612   4.561  5.730  
23031100 23031312   5.318  6.096  
23031800 23032012   3.858  4.191  
23032500 23032712   2.164  4.949  
23040100 23040312   1.214  6.915  
23040800 23041012   0.695  2.599  
23041500 23041712   1.997  2.948  
23042200 23042412   2.387  3.647  
23042900 23050112   1.939  3.701  
23050600 23050812   2.601  2.724  
23051300 23051512   5.418  6.652  
23052000 23052212   1.711  2.253  
23052700 23052912   1.976  3.366  
23060300 23060512   1.636  2.388  
23061000 23061212   4.254  4.609  
23061700 23061912   5.036  8.005  
23062400 23062612   2.945  3.390  
