22100100 22100312   3.284  2.408  
22100800 22101012   1.194  1.342  
22101500 22101712   2.084  2.178  
22102200 22102412   10.302  9.384  
22102900 22103112   25.426  24.418  
22110500 22110712   9.999  14.254  
22111200 22111412   4.135  4.626  
22111900 22112112   0.659  0.453  
22112600 22112812   29.576  32.652  
22120300 22120512   4.570  10.140  
22121000 22121212   21.912  22.904  
22121700 22121912   0.841  0.589  
22122400 22122612   3.678  3.255  
22123100 23010212   20.851  20.168  
23010700 23010912   24.686  27.329  
23011400 23011612   7.215  6.439  
23012100 23012312   12.832  13.672  
23012800 23013012   9.152  11.263  
23020400 23020612   19.587  16.836  
23021100 23021312   12.998  13.127  
23021800 23022012   5.334  5.131  
23022500 23022712   19.494  21.353  
23030400 23030612   19.644  19.274  
23031100 23031312   22.985  26.825  
23031800 23032012   6.491  10.071  
23032500 23032712   13.380  16.001  
23040100 23040312   24.165  27.966  
23040800 23041012   6.091  24.062  
23042200 23042412   28.516  30.427  
23042900 23050112   34.982  37.043  
23050600 23050812   34.124  35.353  
23052000 23052212   10.084  11.572  
23052700 23052912   14.225  17.226  
23060300 23060512   5.154  4.802  
23061000 23061212   7.087  8.898  
23061700 23061912   5.380  5.322  
23062400 23062612   14.987  14.232  
23070100 23070312   3.942  5.603  
23070800 23071012   16.231  15.251  
23071500 23071712   7.583  8.608  
23072200 23072412   7.197  7.096  
23072900 23073112   12.632  12.686  
23080500 23080712   4.957  4.403  
23081200 23081412   4.348  2.224  
23081900 23082112   13.860  14.920  
23082600 23082812   7.491  7.096  
23090200 23090412   9.151  8.779  
23090900 23091112   0.290  0.624  
23091600 23091812   2.840  2.759  
23092300 23092512   9.307  11.930  
23093000 23100212   3.841  2.519  
23100700 23100912   7.926  9.064  
23101400 23101612   2.041  1.064  
23102100 23102312   0.183  1.175  
23102800 23103012   2.860  1.966  
