22100100 22100312   0.687  1.156  
22100800 22101012   5.595  4.653  
22101500 22101712   10.533  9.239  
22102200 22102412   5.076  5.374  
22102900 22103112   7.366  9.940  
22110500 22110712   16.765  20.376  
22111200 22111412   1.829  2.697  
22111900 22112112   0.559  0.325  
22112600 22112812   2.128  3.009  
22120300 22120512   15.848  19.262  
22121000 22121212   17.126  15.749  
22121700 22121912   2.984  3.226  
22122400 22122612   2.661  1.993  
22123100 23010212   11.457  12.609  
23010700 23010912   24.757  28.478  
23012100 23012312   2.631  2.245  
23012800 23013012   5.633  9.469  
23020400 23020612   24.161  21.705  
23021100 23021312   5.361  10.093  
23021800 23022012   10.442  10.896  
23022500 23022712   13.615  15.348  
23030400 23030612   3.378  1.533  
23031100 23031312   10.461  7.252  
23031800 23032012   0.627  0.694  
23032500 23032712   21.452  25.693  
23040100 23040312   2.885  6.484  
23040800 23041012   3.332  2.152  
23041500 23041712   16.902  15.877  
23042200 23042412   5.386  5.899  
23042900 23050112   11.497  14.370  
23050600 23050812   5.299  5.619  
23051300 23051512   7.123  8.735  
23052000 23052212   7.130  5.177  
23052700 23052912   3.477  5.008  
23060300 23060512   18.984  18.891  
23061000 23061212   8.582  11.007  
23061700 23061912   10.782  10.950  
23062400 23062612   9.650  10.407  
23070100 23070312   1.819  0.872  
23070800 23071012   5.260  5.692  
23071500 23071712   1.271  0.972  
23072200 23072412   2.693  3.152  
23072900 23073112   4.323  4.243  
23080500 23080712   1.174  0.674  
23081200 23081412   5.614  6.606  
23081900 23082112   11.401  12.811  
23082600 23082812   12.019  12.519  
23090200 23090412   0.751  2.376  
23090900 23091112   6.113  6.405  
23091600 23091812   4.734  4.061  
23092300 23092512   2.189  1.434  
23093000 23100212   6.968  5.872  
23100700 23100912   16.936  16.616  
23101400 23101612   12.830  9.996  
23102100 23102312   3.355  4.803  
23102800 23103012   4.210  3.021  
