22100100 22100312   3.484  1.593  
22100800 22101012   1.321  2.355  
22101500 22101712   2.235  2.224  
22102200 22102412   3.685  3.738  
22102900 22103112   0.833  0.911  
22110500 22110712   2.286  3.192  
22111200 22111412   0.701  1.423  
22111900 22112112   1.615  1.542  
22112600 22112812   0.846  0.819  
22120300 22120512   1.301  1.481  
22121000 22121212   2.580  2.223  
22121700 22121912   0.458  0.225  
22122400 22122612   2.337  2.117  
22123100 23010212   2.447  1.927  
23010700 23010912   1.486  1.559  
23011400 23011612   2.488  1.757  
23012100 23012312   0.508  1.573  
23012800 23013012   0.978  0.461  
23020400 23020612   0.935  0.663  
23021100 23021312   0.991  0.358  
23021800 23022012   1.974  1.467  
23022500 23022712   0.178  1.617  
23030400 23030612   0.556  0.435  
23031100 23031312   1.686  1.851  
23031800 23032012   4.816  3.685  
23032500 23032712   0.138  0.207  
23040100 23040312   1.714  1.868  
23040800 23041012   4.219  4.102  
23041500 23041712   3.265  3.610  
23042200 23042412   1.066  1.102  
23042900 23050112   1.365  1.645  
23050600 23050812   0.984  0.711  
23051300 23051512   4.160  4.278  
23052000 23052212   2.618  2.819  
23052700 23052912   0.631  3.297  
23060300 23060512   1.755  1.804  
23061000 23061212   1.313  1.053  
23061700 23061912   1.178  1.728  
23062400 23062612   0.956  1.050  
