22100100 22100312   0.000  0.001  
22100800 22101012   0.000  0.000  
22101500 22101712   0.000  0.000  
22102200 22102412   0.109  0.191  
22102900 22103112   0.077  0.074  
22110500 22110712   0.128  0.291  
22111200 22111412   0.000  0.000  
22111900 22112112   0.000  0.000  
22112600 22112812   0.012  0.011  
22120300 22120512   0.041  0.041  
22121000 22121212   0.484  0.338  
22121700 22121912   0.007  0.004  
22122400 22122612   1.014  1.077  
22123100 23010212   0.143  0.243  
23010700 23010912   0.942  0.884  
23011400 23011612   0.467  0.465  
23012100 23012312   0.379  0.378  
23012800 23013012   0.000  0.000  
23020400 23020612   0.144  0.299  
23021100 23021312   0.024  0.095  
23021800 23022012   0.002  0.003  
23022500 23022712   0.038  0.039  
23030400 23030612   0.310  0.570  
23031100 23031312   0.031  0.039  
23031800 23032012   0.000  0.000  
23032500 23032712   0.050  0.097  
23040100 23040312   0.777  0.812  
23040800 23041012   0.191  0.135  
23041500 23041712   0.591  0.594  
23042200 23042412   0.103  0.071  
23042900 23050112   0.000  0.000  
23050600 23050812   0.188  0.377  
23051300 23051512   0.000  0.000  
23052000 23052212   0.001  0.002  
23052700 23052912   0.000  0.005  
23060300 23060512   0.000  0.000  
23061000 23061212   0.419  0.700  
23061700 23061912   0.015  0.048  
23062400 23062612   0.004  0.013  
