23042900 23050112   0.043  0.051  
23050600 23050812   0.025  0.067  
23051300 23051512   0.000  0.000  
23052000 23052212   0.003  0.002  
23052700 23052912   0.000  0.001  
23060300 23060512   0.029  0.036  
23061000 23061212   0.033  0.057  
23061700 23061912   0.001  0.003  
23062400 23062612   0.023  0.015  
23070100 23070312   0.000  0.001  
23070800 23071012   0.013  0.011  
23071500 23071712   0.078  0.079  
23072200 23072412   0.029  0.042  
23072900 23073112   0.021  0.023  
23080500 23080712   0.000  0.002  
23081200 23081412   0.022  0.024  
23081900 23082112   0.000  0.000  
23082600 23082812   0.000  0.001  
23090200 23090412   0.000  0.000  
23090900 23091112   0.033  0.034  
23091600 23091812   0.086  0.086  
23092300 23092512   0.382  0.383  
23093000 23100212   0.004  0.004  
23100700 23100912   0.447  0.447  
23101400 23101612   1.054  1.048  
23102100 23102312   0.000  0.000  
23102800 23103012   0.000  0.000  
