22100100 22100312   2.153  0.343  
22100800 22101012   1.031  2.061  
22101500 22101712   2.862  2.937  
22102200 22102412   3.734  3.474  
22102900 22103112   2.571  2.227  
22110500 22110712   6.052  6.866  
22111200 22111412   1.980  2.431  
22111900 22112112   4.038  3.762  
22112600 22112812   1.035  4.200  
22120300 22120512   11.374  2.083  
22121000 22121212   3.012  2.224  
22121700 22121912   3.944  1.103  
22122400 22122612   2.913  2.520  
22123100 23010212   0.396  0.990  
23010700 23010912   1.319  1.386  
23011400 23011612   0.742  0.671  
23012100 23012312   1.522  1.202  
23012800 23013012   2.198  1.100  
23020400 23020612   1.352  2.018  
23021100 23021312   1.434  1.882  
23021800 23022012   0.381  1.757  
23022500 23022712   7.985  1.450  
23030400 23030612   0.618  1.523  
23031100 23031312   0.376  0.359  
23031800 23032012   1.288  2.020  
23032500 23032712   1.840  1.731  
23040100 23040312   1.522  1.741  
23040800 23041012   2.676  2.634  
23041500 23041712   1.327  1.518  
23042200 23042412   0.852  0.726  
23042900 23050112   1.092  1.194  
23050600 23050812   0.232  0.590  
23051300 23051512   4.452  4.814  
23052000 23052212   2.618  1.367  
23052700 23052912   0.603  2.007  
23060300 23060512   2.452  2.592  
23061000 23061212   3.482  6.289  
23061700 23061912   0.736  0.282  
23062400 23062612   3.073  3.285  
23070100 23070312   0.545  0.704  
23070800 23071012   3.463  3.558  
23071500 23071712   2.598  2.863  
23072200 23072412   0.629  0.482  
23072900 23073112   1.388  1.379  
23080500 23080712   2.469  2.450  
23081200 23081412   5.535  3.622  
23081900 23082112   2.692  2.973  
23082600 23082812   3.021  2.966  
23090200 23090412   0.715  0.628  
23090900 23091112   4.708  3.575  
23091600 23091812   1.377  1.193  
23092300 23092512   5.884  7.062  
23093000 23100212   0.783  0.370  
23100700 23100912   4.608  4.455  
23101400 23101612   0.319  0.552  
23102100 23102312   0.161  0.248  
23102800 23103012   1.382  0.634  
