22100100 22100312   1.993  0.130  
22100800 22101012   0.823  2.092  
22101500 22101712   0.654  0.749  
22102200 22102412   0.877  1.056  
22102900 22103112   1.824  2.021  
22110500 22110712   1.562  2.554  
22111200 22111412   1.003  1.080  
22111900 22112112   1.962  1.673  
22112600 22112812   2.156  2.104  
22120300 22120512   0.576  0.615  
22121000 22121212   3.692  3.296  
22121700 22121912   0.802  0.752  
22122400 22122612   3.178  2.899  
22123100 23010212   0.872  0.271  
23010700 23010912   0.346  0.455  
23011400 23011612   2.877  1.312  
23012100 23012312   0.993  2.110  
23012800 23013012   1.959  2.441  
23020400 23020612   2.835  1.234  
23021100 23021312   0.551  0.499  
23021800 23022012   2.541  2.042  
23022500 23022712   0.553  1.164  
23030400 23030612   1.075  0.907  
23031100 23031312   0.617  0.540  
23031800 23032012   1.352  0.557  
23032500 23032712   0.998  1.128  
23040100 23040312   1.184  1.195  
23040800 23041012   2.159  2.133  
23041500 23041712   1.905  2.241  
23042200 23042412   1.441  1.422  
23042900 23050112   2.513  1.935  
23050600 23050812   1.270  1.466  
23051300 23051512   0.675  0.574  
23052000 23052212   1.814  1.150  
23052700 23052912   1.766  0.465  
23060300 23060512   2.369  2.413  
23061000 23061212   0.826  1.248  
23061700 23061912   0.689  0.553  
23062400 23062612   0.536  1.008  
23070100 23070312   1.315  1.346  
23070800 23071012   0.736  0.942  
23071500 23071712   3.252  3.431  
23072200 23072412   1.183  1.241  
23072900 23073112   0.725  0.710  
23080500 23080712   1.777  1.724  
23081200 23081412   3.411  1.047  
23081900 23082112   3.067  3.016  
23082600 23082812   0.364  0.777  
23090200 23090412   0.409  0.516  
23090900 23091112   3.702  2.857  
23091600 23091812   0.506  0.393  
23092300 23092512   3.408  4.134  
23093000 23100212   0.490  0.722  
23100700 23100912   1.415  1.722  
23101400 23101612   0.256  0.192  
23102100 23102312   1.199  1.095  
23102800 23103012   1.238  0.809  
