22100100 22100312   3.313  1.203  
22100800 22101012   0.319  0.963  
22101500 22101712   1.061  1.233  
22102200 22102412   2.430  2.382  
22102900 22103112   0.584  0.655  
22110500 22110712   1.736  2.999  
22111200 22111412   0.431  0.968  
22111900 22112112   0.107  0.180  
22112600 22112812   2.612  2.662  
22120300 22120512   0.733  0.728  
22121000 22121212   3.319  3.071  
22121700 22121912   1.024  1.318  
22122400 22122612   2.989  2.968  
22123100 23010212   0.257  0.349  
23010700 23010912   0.410  0.364  
23011400 23011612   2.593  0.572  
23012100 23012312   0.523  1.802  
23012800 23013012   0.179  0.788  
23020400 23020612   2.277  0.881  
23021100 23021312   0.364  1.028  
23021800 23022012   2.076  1.477  
23022500 23022712   0.218  0.290  
23030400 23030612   1.586  1.578  
23031100 23031312   0.197  0.045  
23031800 23032012   1.534  0.672  
23032500 23032712   0.714  0.725  
23040100 23040312   1.123  1.230  
23040800 23041012   0.510  0.537  
23041500 23041712   0.708  0.717  
23042200 23042412   0.189  0.328  
23042900 23050112   1.229  1.238  
23050600 23050812   0.647  0.581  
23051300 23051512   2.170  1.895  
23052000 23052212   1.696  1.557  
23052700 23052912   1.766  0.394  
23060300 23060512   0.240  0.231  
23061000 23061212   1.013  1.586  
23061700 23061912   0.169  0.237  
23062400 23062612   4.920  5.052  
23070100 23070312   2.254  2.293  
23070800 23071012   3.765  3.645  
23071500 23071712   0.306  0.176  
23072200 23072412   1.208  1.190  
23072900 23073112   0.826  0.884  
23080500 23080712   1.391  1.372  
23081200 23081412   4.492  2.298  
23081900 23082112   0.342  0.292  
23082600 23082812   0.674  0.401  
23090200 23090412   1.150  1.181  
23090900 23091112   3.065  2.229  
23091600 23091812   1.194  1.208  
23092300 23092512   1.629  1.910  
23093000 23100212   1.465  1.524  
23100700 23100912   0.754  0.593  
23101400 23101612   1.326  1.388  
23102100 23102312   0.391  0.287  
23102800 23103012   0.721  0.878  
