22100100 22100312   4.195  2.303  
22100800 22101012   1.219  2.048  
22101500 22101712   1.342  1.494  
22102200 22102412   0.994  0.752  
22102900 22103112   1.587  1.598  
22110500 22110712   6.057  7.489  
22111200 22111412   1.335  1.443  
22111900 22112112   2.634  2.441  
22112600 22112812   3.282  3.271  
22120300 22120512   3.697  4.898  
22121000 22121212   2.186  2.457  
22121700 22121912   2.169  2.292  
22122400 22122612   1.434  1.408  
22123100 23010212   0.239  0.586  
23010700 23010912   0.646  0.803  
23011400 23011612   1.810  0.830  
23012100 23012312   0.179  0.676  
23012800 23013012   1.481  1.757  
23020400 23020612   0.917  0.059  
23021100 23021312   0.855  0.749  
23021800 23022012   2.737  2.389  
23022500 23022712   3.003  3.032  
23030400 23030612   0.145  0.121  
23031100 23031312   0.830  0.907  
23031800 23032012   1.596  2.363  
23032500 23032712   2.381  2.316  
23040100 23040312   0.239  0.447  
23040800 23041012   0.796  0.773  
23041500 23041712   0.593  0.620  
23042200 23042412   1.682  1.662  
23042900 23050112   2.977  3.048  
23050600 23050812   4.903  5.030  
23051300 23051512   2.863  3.253  
23052000 23052212   3.866  2.577  
23052700 23052912   0.839  3.076  
23060300 23060512   1.438  1.554  
23061000 23061212   0.389  1.225  
23061700 23061912   1.700  2.100  
23062400 23062612   0.139  0.445  
23070100 23070312   0.560  0.707  
23070800 23071012   1.916  2.135  
23071500 23071712   1.419  1.629  
23072200 23072412   1.629  1.754  
23072900 23073112   3.383  3.496  
23080500 23080712   3.698  3.516  
23081200 23081412   3.336  1.246  
23081900 23082112   1.547  1.671  
23082600 23082812   5.300  0.937  
23090200 23090412   0.440  0.626  
23090900 23091112   3.239  2.321  
23091600 23091812   3.924  4.093  
23092300 23092512   5.388  6.272  
23093000 23100212   0.975  1.214  
23100700 23100912   1.730  1.529  
23101400 23101612   1.476  1.463  
23102100 23102312   0.826  0.823  
23102800 23103012   1.353  0.930  
