22100100 22100312   0.389  1.010  
22100800 22101012   0.736  1.097  
22101500 22101712   1.139  1.837  
22102200 22102412   1.540  2.788  
22102900 22103112   0.630  1.293  
22110500 22110712   4.089  8.675  
22111200 22111412   3.192  3.975  
22111900 22112112   1.829  1.534  
22112600 22112812   8.786  9.359  
22120300 22120512   5.048  5.980  
22121000 22121212   8.627  9.063  
22121700 22121912   5.468  5.866  
22122400 22122612   4.357  5.170  
22123100 23010212   5.606  6.878  
23010700 23010912   8.942  10.638  
23011400 23011612   3.703  2.635  
23012100 23012312   3.948  4.238  
23012800 23013012   9.270  10.385  
23020400 23020612   8.800  14.767  
23021100 23021312   1.222  2.166  
23021800 23022012   1.785  3.403  
23022500 23022712   3.841  4.819  
23030400 23030612   0.634  1.103  
23031100 23031312   1.201  1.657  
23031800 23032012   3.054  3.243  
23032500 23032712   0.598  2.531  
23040100 23040312   4.657  2.271  
23040800 23041012   7.539  5.294  
23041500 23041712   1.915  2.627  
23042200 23042412   1.315  2.724  
23042900 23050112   2.452  4.148  
23050600 23050812   0.359  0.696  
23051300 23051512   2.984  4.045  
23052000 23052212   1.590  2.245  
23052700 23052912   1.141  2.651  
23060300 23060512   2.688  2.856  
23061000 23061212   2.530  3.877  
23061700 23061912   2.901  5.287  
23062400 23062612   1.798  1.761  
