22100100 22100312   0.000  0.001  
22100800 22101012   0.000  0.000  
22101500 22101712   0.000  0.000  
22102200 22102412   0.156  0.191  
22102900 22103112   1.881  1.871  
22110500 22110712   0.747  1.155  
22111200 22111412   0.000  0.000  
22111900 22112112   0.000  0.000  
22112600 22112812   2.880  2.942  
22120300 22120512   0.050  0.043  
22121000 22121212   0.429  0.403  
22121700 22121912   0.063  0.045  
22122400 22122612   3.859  3.397  
22123100 23010212   1.110  1.169  
23010700 23010912   0.043  0.250  
23011400 23011612   1.287  1.502  
23012100 23012312   0.835  0.825  
23012800 23013012   0.001  0.000  
23020400 23020612   0.724  0.083  
23021100 23021312   0.257  0.428  
23021800 23022012   0.016  0.047  
23022500 23022712   1.020  1.022  
23030400 23030612   0.709  0.788  
23031100 23031312   0.081  0.127  
23031800 23032012   0.000  0.000  
23032500 23032712   0.871  0.767  
23040100 23040312   3.793  3.725  
23040800 23041012   1.025  0.913  
23041500 23041712   1.171  1.164  
23042200 23042412   0.303  0.309  
23042900 23050112   0.000  0.000  
23050600 23050812   0.247  0.364  
23051300 23051512   0.002  0.003  
23052000 23052212   0.000  0.001  
23052700 23052912   0.034  0.039  
23060300 23060512   0.000  0.000  
23061000 23061212   0.660  0.938  
23061700 23061912   0.162  0.222  
23062400 23062612   0.029  0.061  
23070100 23070312   0.000  0.002  
23070800 23071012   0.005  0.023  
23071500 23071712   0.000  0.000  
23072200 23072412   0.002  0.002  
23072900 23073112   0.001  0.009  
23080500 23080712   0.000  0.003  
23081200 23081412   0.001  0.006  
23081900 23082112   0.000  0.001  
23082600 23082812   0.000  0.001  
23090200 23090412   0.008  0.008  
23090900 23091112   0.000  0.000  
23091600 23091812   0.009  0.009  
23092300 23092512   1.062  1.065  
23093000 23100212   0.021  0.050  
23100700 23100912   0.000  0.000  
23101400 23101612   0.222  0.217  
23102100 23102312   0.000  0.000  
23102800 23103012   0.000  0.000  
