22100100 22100312   0.852  0.929  
22100800 22101012   6.808  5.256  
22101500 22101712   9.052  8.204  
22102200 22102412   5.257  7.313  
22102900 22103112   6.537  9.085  
22100100 22100312   0.852  0.929  
22100800 22101012   6.808  5.256  
22101500 22101712   9.052  8.204  
22102200 22102412   5.257  7.313  
22102900 22103112   6.537  9.085  
22110500 22110712   12.299  17.156  
22111200 22111412   6.067  7.707  
22111900 22112112   3.924  5.765  
22112600 22112812   9.789  6.292  
22120300 22120512   3.995  3.791  
22121000 22121212   22.970  24.368  
22121700 22121912   4.477  4.828  
22122400 22122612   14.217  14.506  
22123100 23010212   14.258  17.585  
23010700 23010912   15.458  19.625  
23011400 23011612   6.431  8.139  
23012100 23012312   5.142  7.467  
23012800 23013012   6.560  6.634  
23020400 23020612   18.952  21.116  
23021100 23021312   8.115  12.464  
23021800 23022012   3.489  4.034  
23022500 23022712   1.962  3.311  
23030400 23030612   12.372  12.579  
23031100 23031312   5.439  6.667  
23031800 23032012   5.160  7.500  
23032500 23032712   10.356  13.871  
23040100 23040312   15.668  20.260  
23040800 23041012   8.971  7.661  
23041500 23041712   7.667  8.435  
23042200 23042412   6.572  6.846  
23042900 23050112   3.529  4.556  
23050600 23050812   6.442  6.978  
23051300 23051512   3.261  3.807  
23052000 23052212   10.721  10.130  
23052700 23052912   13.832  14.911  
23060300 23060512   5.707  6.150  
23061000 23061212   10.836  11.523  
23061700 23061912   3.421  2.936  
23062400 23062612   3.278  4.815  
23070100 23070312   6.654  6.509  
23070800 23071012   7.439  6.817  
23071500 23071712   4.812  4.929  
23072200 23072412   3.057  3.770  
23072900 23073112   1.312  1.394  
23080500 23080712   9.344  8.265  
23081200 23081412   3.379  3.506  
23081900 23082112   12.514  12.639  
23082600 23082812   1.535  1.517  
23090200 23090412   14.477  14.406  
23090900 23091112   2.156  2.702  
23091600 23091812   6.442  6.862  
23092300 23092512   7.016  6.422  
23093000 23100212   12.805  13.583  
23100700 23100912   7.945  7.670  
23101400 23101612   11.891  13.154  
23102100 23102312   13.374  12.193  
23102800 23103012   7.915  8.198  
23110400 23110612   9.634  11.539  
23111100 23111312   22.270  27.482  
23111800 23112012   5.317  6.080  
23112500 23112712   5.909  7.436  
23120200 23120412   9.673  11.800  
23120900 23121112   4.546  4.940  
23121600 23121812   7.806  8.733  
23122300 23122512   17.984  17.418  
23123000 24010112   12.596  16.091  
24010600 24010812   20.224  26.998  
