22100100 22100312   2.119  0.153  
22100800 22101012   0.395  1.411  
22101500 22101712   1.290  1.479  
22102200 22102412   2.281  2.138  
22102900 22103112   1.038  1.035  
22110500 22110712   0.795  1.991  
22111200 22111412   0.658  1.152  
22111900 22112112   0.111  0.112  
22112600 22112812   2.629  2.675  
22120300 22120512   0.747  0.721  
22121000 22121212   3.470  3.288  
22121700 22121912   0.233  0.595  
22122400 22122612   2.750  2.780  
22123100 23010212   0.227  0.289  
23010700 23010912   0.983  0.897  
23011400 23011612   2.591  0.525  
23012100 23012312   1.239  2.565  
23012800 23013012   0.278  0.994  
23020400 23020612   1.801  0.524  
23021100 23021312   0.799  1.450  
23021800 23022012   1.667  1.100  
23022500 23022712   0.349  0.084  
23030400 23030612   0.702  0.661  
23031100 23031312   0.253  0.198  
23031800 23032012   0.934  0.309  
23032500 23032712   0.968  0.909  
23040100 23040312   1.037  0.926  
23040800 23041012   1.579  1.554  
23041500 23041712   1.185  1.240  
23042200 23042412   0.501  0.400  
23042900 23050112   3.627  3.486  
23050600 23050812   0.379  0.224  
23051300 23051512   2.889  2.407  
23052000 23052212   2.687  1.262  
23052700 23052912   0.542  1.519  
23060300 23060512   0.137  0.151  
23061000 23061212   0.450  2.741  
23061700 23061912   0.661  0.719  
23062400 23062612   4.451  4.524  
23070100 23070312   1.538  1.611  
23070800 23071012   4.067  4.076  
23071500 23071712   0.808  0.712  
23072200 23072412   0.408  0.374  
23072900 23073112   0.543  0.431  
23080500 23080712   1.923  1.965  
23081200 23081412   4.764  2.454  
23081900 23082112   0.241  0.278  
23082600 23082812   0.310  0.575  
23090200 23090412   0.136  0.112  
23090900 23091112   3.129  2.222  
23091600 23091812   1.180  1.053  
23092300 23092512   2.396  2.738  
23093000 23100212   0.110  0.076  
23100700 23100912   0.861  0.757  
23101400 23101612   0.667  0.740  
23102100 23102312   0.839  0.788  
23102800 23103012   0.133  0.124  
