22100100 22100312   4.402  3.822  
22100800 22101012   3.019  2.554  
22101500 22101712   7.748  7.625  
22102200 22102412   11.208  12.334  
22102900 22103112   9.659  8.405  
22110500 22110712   10.616  18.573  
22111200 22111412   1.742  1.063  
22111900 22112112   3.431  4.472  
22112600 22112812   4.593  7.160  
22120300 22120512   13.437  15.943  
22121000 22121212   11.625  10.393  
22121700 22121912   11.380  9.731  
22122400 22122612   15.279  12.529  
22123100 23010212   17.160  15.975  
23010700 23010912   18.958  21.354  
23011400 23011612   12.550  10.159  
23012100 23012312   20.672  21.683  
23012800 23013012   1.626  5.781  
23020400 23020612   12.792  10.283  
23021100 23021312   7.930  12.439  
23021800 23022012   13.237  13.628  
23022500 23022712   30.892  33.448  
23030400 23030612   18.830  20.693  
23031100 23031312   15.677  19.457  
23031800 23032012   5.734  9.304  
23032500 23032712   1.248  2.506  
23040100 23040312   4.017  1.804  
23040800 23041012   14.288  15.747  
23041500 23041712   20.957  20.442  
23042200 23042412   8.060  9.041  
23042900 23050112   9.008  11.206  
23050600 23050812   4.484  6.527  
23051300 23051512   7.599  5.543  
23052000 23052212   7.245  9.431  
23052700 23052912   1.065  3.680  
23060300 23060512   2.144  3.028  
23061000 23061212   5.501  5.688  
23061700 23061912   3.396  6.018  
23062400 23062612   11.937  12.199  
23070100 23070312   11.539  10.930  
23070800 23071012   7.354  6.463  
23071500 23071712   2.150  1.157  
23072200 23072412   1.575  0.894  
23072900 23073112   3.589  5.726  
23080500 23080712   2.139  2.625  
23081200 23081412   14.779  16.372  
23081900 23082112   4.679  5.135  
23082600 23082812   3.928  3.864  
23090200 23090412   6.471  7.922  
23090900 23091112   6.480  8.703  
23091600 23091812   8.456  8.108  
23092300 23092512   1.534  3.645  
23093000 23100212   0.728  0.498  
23100700 23100912   3.176  0.892  
23101400 23101612   5.281  4.220  
23102100 23102312   0.842  1.320  
23102800 23103012   6.904  8.661  
