22100100 22100312   3.401  4.183  
22100800 22101012   4.542  4.258  
22101500 22101712   9.159  8.079  
22102200 22102412   7.818  8.668  
22102900 22103112   5.846  5.306  
22110500 22110712   6.560  8.208  
22111200 22111412   1.424  2.187  
22111900 22112112   6.005  5.482  
22112600 22112812   9.874  8.291  
22120300 22120512   12.089  15.903  
22121000 22121212   34.635  29.880  
22121700 22121912   4.403  4.133  
22122400 22122612   9.030  9.697  
22123100 23010212   8.543  7.965  
23010700 23010912   17.273  18.761  
23011400 23011612   7.277  6.342  
23012100 23012312   6.370  6.336  
23012800 23013012   14.922  16.220  
23020400 23020612   7.220  13.214  
23021100 23021312   10.688  14.949  
23021800 23022012   8.987  7.467  
23022500 23022712   2.848  2.636  
23030400 23030612   28.261  31.833  
23031100 23031312   6.161  5.859  
23031800 23032012   1.329  1.746  
23032500 23032712   7.395  2.340  
23040100 23040312   23.989  20.942  
23040800 23041012   5.001  5.237  
23041500 23041712   4.551  4.787  
23042200 23042412   3.793  4.402  
23042900 23050112   13.842  14.770  
23050600 23050812   10.272  9.775  
23051300 23051512   11.750  12.416  
23052000 23052212   13.006  14.074  
23052700 23052912   0.718  0.810  
23060300 23060512   6.424  6.268  
23061000 23061212   12.648  15.364  
23061700 23061912   6.795  7.572  
23062400 23062612   0.594  0.365  
23070100 23070312   9.439  10.787  
23070800 23071012   4.092  3.496  
23071500 23071712   13.326  14.495  
23072200 23072412   0.823  0.457  
23072900 23073112   3.155  3.678  
23080500 23080712   4.330  4.266  
23081200 23081412   9.092  9.831  
23081900 23082112   7.527  7.971  
23082600 23082812   0.967  1.762  
23090200 23090412   3.604  3.185  
23090900 23091112   0.543  0.753  
23091600 23091812   17.653  19.222  
23092300 23092512   1.862  0.289  
23093000 23100212   5.341  4.964  
23100700 23100912   7.166  6.321  
23101400 23101612   3.500  6.381  
23102100 23102312   2.605  2.213  
23102800 23103012   3.819  4.761  
