22100100 22100312   4.494  3.811  
22100800 22101012   1.319  1.564  
22101500 22101712   3.016  2.502  
22102200 22102412   3.708  3.392  
22102900 22103112   13.789  12.807  
22110500 22110712   6.350  10.475  
22111200 22111412   1.621  1.106  
22111900 22112112   2.446  2.708  
22112600 22112812   21.094  23.403  
22120300 22120512   1.645  6.439  
22121000 22121212   20.059  21.273  
22121700 22121912   0.863  0.366  
22122400 22122612   10.715  10.340  
22123100 23010212   14.752  14.299  
23010700 23010912   20.670  23.499  
23012100 23012312   1.432  1.373  
23012800 23013012   3.991  3.170  
23020400 23020612   7.466  5.393  
23021100 23021312   2.305  1.758  
23021800 23022012   3.292  3.213  
23022500 23022712   15.914  17.634  
23030400 23030612   15.392  15.263  
23031100 23031312   14.963  17.771  
23031800 23032012   0.486  2.453  
23032500 23032712   7.791  10.125  
23040100 23040312   2.729  6.363  
23040800 23041012   3.706  5.064  
23041500 23041712   2.176  1.681  
23042200 23042412   2.024  0.823  
23042900 23050112   7.638  9.061  
23050600 23050812   4.492  6.650  
23051300 23051512   3.867  3.448  
23052000 23052212   5.215  6.196  
23052700 23052912   6.968  8.713  
23060300 23060512   4.544  4.569  
23061000 23061212   3.576  5.112  
23061700 23061912   0.559  0.476  
23062400 23062612   8.068  7.712  
23070100 23070312   8.617  9.841  
23070800 23071012   7.658  7.163  
23071500 23071712   4.343  5.268  
23072200 23072412   6.139  6.152  
23072900 23073112   11.362  11.989  
23080500 23080712   2.137  2.643  
23081200 23081412   0.863  1.873  
23081900 23082112   8.280  9.306  
23082600 23082812   7.502  7.520  
23090200 23090412   7.471  7.019  
23090900 23091112   0.183  0.470  
23091600 23091812   3.305  3.645  
23092300 23092512   1.769  4.297  
23093000 23100212   9.863  9.102  
23100700 23100912   3.912  5.110  
23101400 23101612   3.563  5.091  
23102100 23102312   4.771  6.019  
23102800 23103012   5.004  4.648  
