22100100 22100312   2.635  0.949  
22100800 22101012   2.798  4.003  
22101500 22101712   0.414  0.750  
22102200 22102412   2.765  3.338  
22102900 22103112   2.295  2.491  
22110500 22110712   3.160  4.440  
22111200 22111412   0.734  0.979  
22111900 22112112   1.296  1.094  
22112600 22112812   0.954  0.957  
22120300 22120512   0.450  0.661  
22121000 22121212   1.860  1.601  
22121700 22121912   0.627  0.574  
22122400 22122612   3.970  3.551  
22123100 23010212   1.351  0.839  
23010700 23010912   1.020  1.215  
23011400 23011612   2.900  1.238  
23012100 23012312   1.868  2.957  
23012800 23013012   0.514  0.867  
23020400 23020612   1.207  0.509  
23021100 23021312   0.243  0.849  
23021800 23022012   1.509  1.030  
23022500 23022712   1.781  2.360  
23030400 23030612   0.731  0.719  
23031100 23031312   0.117  0.161  
23031800 23032012   4.221  2.523  
23032500 23032712   0.916  1.006  
23040100 23040312   0.695  0.616  
23040800 23041012   1.041  0.975  
23041500 23041712   1.748  2.073  
23042200 23042412   2.014  2.066  
23042900 23050112   1.127  2.330  
23050600 23050812   2.216  2.319  
23051300 23051512   2.886  2.649  
23052000 23052212   2.227  0.948  
23052700 23052912   0.511  1.884  
23060300 23060512   2.098  2.125  
23061000 23061212   0.449  1.165  
23061700 23061912   0.243  0.104  
23062400 23062612   4.202  4.784  
23070100 23070312   0.662  0.793  
23070800 23071012   2.593  2.766  
23071500 23071712   2.409  2.665  
23072200 23072412   0.210  0.313  
23072900 23073112   0.124  0.124  
23080500 23080712   2.997  3.120  
23081200 23081412   2.114  0.356  
23081900 23082112   4.001  4.349  
23082600 23082812   3.179  3.171  
23090200 23090412   2.528  2.780  
23090900 23091112   2.713  1.734  
23091600 23091812   1.053  1.270  
23092300 23092512   3.415  4.122  
23093000 23100212   1.622  2.106  
23100700 23100912   1.883  2.232  
23101400 23101612   0.504  0.385  
23102100 23102312   0.270  0.030  
23102800 23103012   0.613  1.185  
