22100100 22100312   5.294  3.529  
22100800 22101012   0.277  1.193  
22101500 22101712   0.935  0.904  
22102200 22102412   2.885  3.328  
22102900 22103112   0.325  0.702  
23031100 23031312   1.323  1.133  
23031800 23032012   1.426  0.532  
23032500 23032712   0.495  0.567  
23040100 23040312   2.679  2.698  
23040800 23041012   0.276  0.127  
23041500 23041712   0.084  0.289  
23042200 23042412   2.208  2.094  
23042900 23050112   5.765  6.051  
23050600 23050812   0.538  0.439  
23051300 23051512   5.961  5.688  
23052000 23052212   2.226  3.508  
23052700 23052912   0.865  1.084  
23060300 23060512   1.039  0.868  
23061000 23061212   4.607  3.175  
23061700 23061912   0.212  0.267  
23062400 23062612   4.550  4.791  
23070100 23070312   0.908  0.787  
23070800 23071012   0.722  0.768  
23071500 23071712   2.708  2.731  
23072200 23072412   0.507  0.548  
23072900 23073112   1.980  1.961  
23080500 23080712   3.174  3.319  
23081200 23081412   0.473  1.496  
23081900 23082112   1.927  2.221  
23082600 23082812   3.492  3.517  
23090200 23090412   4.060  4.333  
23090900 23091112   1.943  1.241  
23091600 23091812   2.214  2.643  
23092300 23092512   1.509  1.808  
23093000 23100212   5.848  6.123  
23100700 23100912   0.842  0.615  
23101400 23101612   1.345  1.176  
23102100 23102312   0.696  0.672  
23102800 23103012   0.864  1.484  
