22100100 22100312   1.764  3.692  
22100800 22101012   5.887  5.069  
22101500 22101712   14.954  14.831  
22102200 22102412   2.367  3.348  
22102900 22103112   16.089  17.898  
22110500 22110712   15.605  19.591  
22111200 22111412   3.417  4.687  
22111900 22112112   2.422  1.644  
22112600 22112812   22.181  24.889  
22120300 22120512   19.906  21.381  
22121000 22121212   12.898  12.649  
22121700 22121912   10.713  11.339  
22123100 23010212   4.470  5.053  
23010700 23010912   10.801  11.484  
23011400 23011612   10.655  7.652  
23012100 23012312   5.140  4.654  
23012800 23013012   26.779  26.763  
23020400 23020612   1.512  6.637  
23021100 23021312   8.145  12.856  
23021800 23022012   18.403  19.315  
23022500 23022712   1.121  0.850  
23030400 23030612   9.608  10.942  
23031100 23031312   5.031  6.578  
23031800 23032012   1.817  2.094  
23032500 23032712   4.658  8.918  
23040100 23040312   5.299  0.635  
23040800 23041012   9.948  13.190  
23041500 23041712   9.680  11.126  
23042200 23042412   3.310  2.200  
23042900 23050112   2.006  3.674  
23050600 23050812   6.114  6.161  
23051300 23051512   2.166  1.740  
23052000 23052212   8.971  7.070  
23052700 23052912   0.538  4.798  
23060300 23060512   4.533  6.498  
23061000 23061212   12.229  13.510  
23061700 23061912   12.397  14.176  
23062400 23062612   6.200  5.843  
23070100 23070312   10.627  9.956  
23070800 23071012   3.686  4.578  
23071500 23071712   6.004  5.290  
23072200 23072412   4.409  4.145  
23072900 23073112   7.948  10.063  
23080500 23080712   4.294  4.542  
23081200 23081412   3.035  2.574  
23081900 23082112   10.150  10.381  
23082600 23082812   6.952  6.492  
23090200 23090412   15.562  16.100  
23090900 23091112   1.113  0.390  
23091600 23091812   10.962  11.030  
23092300 23092512   11.412  13.801  
23093000 23100212   7.973  8.268  
23100700 23100912   10.303  8.674  
23101400 23101612   10.813  8.695  
23102100 23102312   5.466  3.569  
23102800 23103012   2.868  4.504  
