22100100 22100312   0.000  0.001  
22100800 22101012   0.000  0.000  
22101500 22101712   0.000  0.000  
22102200 22102412   0.109  0.135  
22102900 22103112   0.146  0.210  
22110500 22110712   0.660  1.135  
22111200 22111412   0.000  0.000  
22111900 22112112   0.280  0.280  
22112600 22112812   0.980  0.931  
22120300 22120512   0.131  0.112  
22121000 22121212   0.743  0.659  
22121700 22121912   0.007  0.007  
22122400 22122612   0.598  1.014  
22123100 23010212   1.058  1.312  
23010700 23010912   0.660  0.744  
23011400 23011612   0.983  1.213  
23012100 23012312   0.648  0.583  
23012800 23013012   0.100  0.100  
23020400 23020612   2.312  2.697  
23021100 23021312   0.367  0.466  
23021800 23022012   0.007  0.014  
23022500 23022712   1.249  1.249  
23030400 23030612   0.166  0.211  
23031100 23031312   0.035  0.077  
23031800 23032012   0.000  0.001  
23032500 23032712   0.116  0.156  
23040100 23040312   1.710  2.177  
23040800 23041012   0.263  0.345  
23041500 23041712   0.783  0.758  
23042200 23042412   0.882  0.938  
23042900 23050112   0.000  0.000  
23050600 23050812   0.105  0.375  
23051300 23051512   0.087  0.086  
23052000 23052212   0.006  0.009  
23052700 23052912   0.010  0.018  
23060300 23060512   0.001  0.001  
23061000 23061212   0.400  0.419  
23061700 23061912   0.063  0.183  
23062400 23062612   0.052  0.106  
23070100 23070312   0.000  0.002  
23070800 23071012   0.008  0.051  
23071500 23071712   0.000  0.000  
23072200 23072412   0.007  0.025  
23072900 23073112   0.027  0.049  
23080500 23080712   0.011  0.010  
23081200 23081412   0.004  0.005  
23081900 23082112   0.004  0.007  
23082600 23082812   0.006  0.002  
23090200 23090412   0.001  0.001  
23090900 23091112   0.000  0.001  
23091600 23091812   0.005  0.005  
23092300 23092512   0.178  0.134  
23093000 23100212   0.021  0.035  
23100700 23100912   0.000  0.000  
23101400 23101612   0.941  0.932  
23102100 23102312   0.001  0.002  
23102800 23103012   0.000  0.000  
