22100100 22100312   0.000  0.001  
22100800 22101012   0.000  0.000  
22101500 22101712   0.000  0.000  
22102200 22102412   0.080  0.056  
22102900 22103112   0.040  0.042  
22110500 22110712   0.100  0.179  
22111200 22111412   0.000  0.000  
22111900 22112112   0.001  0.001  
22112600 22112812   0.005  0.009  
22120300 22120512   0.289  0.251  
22121000 22121212   0.902  0.734  
22121700 22121912   0.008  0.008  
22122400 22122612   0.141  0.252  
22123100 23010212   0.216  0.233  
23010700 23010912   0.142  0.113  
23011400 23011612   0.092  0.194  
23012100 23012312   0.181  0.171  
23012800 23013012   0.000  0.000  
23020400 23020612   0.624  0.512  
23021100 23021312   0.039  0.034  
23021800 23022012   0.006  0.013  
23022500 23022712   0.005  0.007  
23030400 23030612   1.277  1.346  
23031100 23031312   0.008  0.023  
23031800 23032012   0.000  0.001  
23032500 23032712   0.163  0.271  
23040100 23040312   0.121  0.207  
23040800 23041012   0.478  0.464  
23041500 23041712   0.016  0.044  
23042200 23042412   0.062  0.051  
23042900 23050112   0.000  0.000  
23050600 23050812   0.131  0.410  
23051300 23051512   0.000  0.000  
23052000 23052212   0.001  0.002  
23052700 23052912   0.002  0.008  
23060300 23060512   0.008  0.003  
23061000 23061212   0.108  0.189  
23061700 23061912   0.038  0.023  
23062400 23062612   0.003  0.025  
23070100 23070312   0.000  0.003  
23070800 23071012   0.007  0.017  
23071500 23071712   0.000  0.000  
23072200 23072412   0.003  0.005  
23072900 23073112   0.020  0.038  
23080500 23080712   0.001  0.007  
23081200 23081412   0.005  0.003  
23081900 23082112   0.000  0.000  
23082600 23082812   0.000  0.000  
23090200 23090412   0.000  0.000  
23090900 23091112   0.000  0.001  
23091600 23091812   0.000  0.000  
23092300 23092512   0.066  0.073  
23093000 23100212   0.000  0.001  
23100700 23100912   0.000  0.000  
23101400 23101612   0.262  0.243  
23102100 23102312   0.000  0.000  
23102800 23103012   0.000  0.000  
