22100100 22100312   11.567  13.125  
22100800 22101012   4.276  4.686  
22101500 22101712   21.123  20.174  
22102200 22102412   5.553  6.267  
22102900 22103112   12.573  13.124  
22110500 22110712   9.654  12.096  
22111200 22111412   5.252  8.205  
22111900 22112112   6.476  6.770  
22112600 22112812   6.513  5.794  
22120300 22120512   10.661  11.355  
22121000 22121212   23.073  21.505  
22121700 22121912   27.967  27.438  
22122400 22122612   14.371  12.212  
22123100 23010212   4.010  2.625  
23010700 23010912   22.179  24.607  
23011400 23011612   3.934  7.175  
23012100 23012312   8.343  9.024  
23012800 23013012   9.722  9.836  
23020400 23020612   8.450  13.607  
23021100 23021312   4.364  2.144  
23021800 23022012   8.727  6.694  
23022500 23022712   2.318  1.244  
23030400 23030612   6.428  9.232  
23031100 23031312   1.182  1.193  
23031800 23032012   6.229  6.003  
23032500 23032712   2.411  6.249  
23040100 23040312   13.782  8.872  
23040800 23041012   18.912  18.695  
23041500 23041712   2.267  2.426  
23042200 23042412   2.943  3.268  
23042900 23050112   29.141  30.311  
23050600 23050812   1.967  1.332  
23051300 23051512   6.107  4.339  
23052000 23052212   14.338  13.275  
23052700 23052912   20.732  17.816  
23060300 23060512   8.212  8.957  
23061000 23061212   15.920  20.381  
23061700 23061912   3.830  2.649  
23062400 23062612   9.109  11.390  
23070100 23070312   8.726  9.077  
23070800 23071012   5.730  6.355  
23071500 23071712   2.946  3.575  
23072200 23072412   4.606  4.583  
23072900 23073112   9.268  9.369  
23080500 23080712   12.386  12.005  
23081200 23081412   4.625  6.113  
23081900 23082112   17.473  18.736  
23082600 23082812   11.839  10.953  
23090200 23090412   5.239  4.993  
23090900 23091112   1.518  2.286  
23091600 23091812   12.470  13.704  
23092300 23092512   14.207  14.393  
23093000 23100212   6.487  7.398  
23100700 23100912   10.381  11.179  
23101400 23101612   6.019  4.532  
23102100 23102312   13.780  13.722  
23102800 23103012   14.235  14.118  
