22100100 22100312   4.312  2.470  
22100800 22101012   1.628  0.853  
22101500 22101712   1.530  1.450  
22102200 22102412   1.584  1.469  
22102900 22103112   1.050  1.237  
22110500 22110712   4.969  6.627  
22111200 22111412   0.566  0.853  
22111900 22112112   0.274  0.072  
22112600 22112812   1.800  1.723  
22120300 22120512   0.848  0.263  
22121000 22121212   1.966  1.671  
22121700 22121912   2.023  2.146  
22122400 22122612   5.057  4.883  
22123100 23010212   0.787  0.315  
23010700 23010912   0.833  1.106  
23011400 23011612   1.944  0.666  
23012100 23012312   1.189  1.707  
23012800 23013012   2.550  2.984  
23020400 23020612   1.269  0.138  
23021100 23021312   0.530  0.329  
23021800 23022012   0.982  0.666  
23022500 23022712   4.058  2.220  
23030400 23030612   0.316  0.229  
23031100 23031312   0.750  0.477  
23031800 23032012   3.134  1.897  
23032500 23032712   0.784  0.626  
23040100 23040312   0.358  0.440  
23040800 23041012   0.792  0.767  
23041500 23041712   0.392  0.623  
23042200 23042412   0.712  0.607  
23042900 23050112   0.714  0.488  
23050600 23050812   3.022  3.489  
23051300 23051512   3.955  3.725  
23052000 23052212   4.118  2.800  
23052700 23052912   0.628  2.861  
23060300 23060512   2.251  2.186  
23061000 23061212   0.395  1.596  
23061700 23061912   3.231  3.395  
23062400 23062612   4.445  4.861  
23070100 23070312   0.409  0.182  
23070800 23071012   3.028  3.166  
23071500 23071712   3.868  4.092  
23072200 23072412   1.219  1.241  
23072900 23073112   0.837  0.837  
23080500 23080712   0.654  0.670  
23081200 23081412   3.593  1.211  
23081900 23082112   1.496  1.756  
23082600 23082812   1.534  1.436  
23090200 23090412   0.763  0.748  
23090900 23091112   2.496  1.705  
23091600 23091812   0.500  0.399  
23092300 23092512   3.827  4.784  
23093000 23100212   0.769  1.264  
23100700 23100912   1.253  1.365  
23101400 23101612   2.688  2.672  
23102100 23102312   1.334  1.118  
23102800 23103012   0.070  0.678  
