22100100 22100312   2.456  2.688  
22100800 22101012   2.181  2.600  
22101500 22101712   5.897  5.620  
22102200 22102412   1.299  2.113  
22102900 22103112   1.673  2.904  
22110500 22110712   7.398  10.864  
22111200 22111412   1.898  1.897  
22111900 22112112   2.578  2.750  
22112600 22112812   5.040  6.273  
22120300 22120512   7.254  5.990  
22121000 22121212   6.500  4.696  
22121700 22121912   4.475  4.623  
22122400 22122612   8.537  8.423  
22123100 23010212   0.589  1.192  
23010700 23010912   3.436  4.905  
23011400 23011612   1.695  1.446  
23012100 23012312   3.292  3.517  
23012800 23013012   14.580  15.153  
23020400 23020612   11.213  17.603  
23021100 23021312   2.067  0.522  
23021800 23022012   2.366  3.138  
23022500 23022712   3.004  3.636  
23030400 23030612   0.618  0.238  
23031100 23031312   0.835  1.589  
23031800 23032012   0.408  0.730  
23032500 23032712   1.598  3.434  
23040100 23040312   0.765  5.931  
23040800 23041012   2.360  1.997  
23041500 23041712   1.686  3.357  
23042200 23042412   1.670  3.321  
23042900 23050112   3.251  4.371  
23050600 23050812   4.698  5.696  
23051300 23051512   2.441  3.329  
23052000 23052212   3.279  3.007  
23052700 23052912   1.978  1.036  
23060300 23060512   0.991  0.664  
23061000 23061212   1.039  3.296  
23061700 23061912   5.582  6.767  
23062400 23062612   1.730  1.972  
