22100100 22100312   0.951  0.276  
22100800 22101012   1.950  1.923  
22101500 22101712   5.350  4.679  
22102200 22102412   6.278  6.967  
22102900 22103112   8.635  8.822  
22110500 22110712   12.221  12.305  
22111200 22111412   1.175  3.093  
22111900 22112112   4.309  3.780  
22112600 22112812   3.739  5.021  
22120300 22120512   1.313  5.471  
22121000 22121212   20.572  17.396  
22121700 22121912   0.818  0.859  
22122400 22122612   18.324  18.081  
22123100 23010212   11.112  12.321  
23010700 23010912   18.280  20.345  
23011400 23011612   5.922  4.936  
23012100 23012312   15.566  16.326  
23012800 23013012   16.406  17.683  
23020400 23020612   1.506  7.211  
23021100 23021312   4.910  7.905  
23021800 23022012   2.218  3.945  
23022500 23022712   7.015  7.020  
23030400 23030612   2.910  1.065  
23031100 23031312   0.595  0.740  
23031800 23032012   7.472  7.757  
23032500 23032712   5.580  3.105  
23040100 23040312   16.469  12.556  
23040800 23041012   12.397  12.217  
23041500 23041712   0.704  0.386  
23042200 23042412   7.058  7.697  
23042900 23050112   11.772  13.143  
23050600 23050812   9.947  9.702  
23051300 23051512   6.854  7.276  
23052000 23052212   5.450  5.992  
23052700 23052912   3.794  4.043  
23060300 23060512   0.730  0.340  
23061000 23061212   13.166  15.741  
23061700 23061912   4.455  4.727  
23062400 23062612   3.499  4.562  
23070100 23070312   4.659  5.860  
23070800 23071012   5.630  4.935  
23071500 23071712   13.487  14.578  
23072200 23072412   2.891  2.605  
23072900 23073112   3.916  4.333  
23080500 23080712   6.660  6.487  
23081200 23081412   4.472  5.503  
23081900 23082112   7.062  7.013  
23082600 23082812   3.150  2.283  
23090200 23090412   2.381  1.681  
23090900 23091112   1.207  1.470  
23091600 23091812   7.500  9.107  
23092300 23092512   0.929  0.402  
23093000 23100212   1.080  0.752  
23100700 23100912   3.416  2.999  
23101400 23101612   3.970  6.737  
23102100 23102312   1.433  1.092  
23102800 23103012   5.067  6.265  
