22100100 22100312   3.346  1.344  
22100800 22101012   0.357  1.530  
22101500 22101712   1.336  1.296  
22102200 22102412   2.037  2.307  
22102900 22103112   0.594  0.698  
22110500 22110712   2.685  3.528  
22111200 22111412   1.007  1.460  
22111900 22112112   0.895  0.739  
22112600 22112812   0.765  0.698  
22120300 22120512   0.865  1.047  
22121000 22121212   1.934  1.689  
22121700 22121912   0.335  0.230  
22122400 22122612   5.073  4.830  
22123100 23010212   1.835  1.235  
23010700 23010912   1.218  1.339  
23011400 23011612   2.495  1.368  
23012100 23012312   1.747  2.870  
23012800 23013012   0.349  0.703  
23020400 23020612   0.791  0.803  
23021100 23021312   0.752  0.296  
23021800 23022012   1.665  1.252  
23022500 23022712   1.217  2.130  
23030400 23030612   1.243  1.220  
23031100 23031312   1.561  1.722  
23031800 23032012   4.646  2.900  
23032500 23032712   0.573  0.686  
23040100 23040312   0.249  0.231  
23040800 23041012   3.380  3.351  
23041500 23041712   2.531  2.978  
23042200 23042412   1.822  1.879  
23042900 23050112   0.536  1.239  
23050600 23050812   1.465  1.457  
23051300 23051512   4.359  4.015  
23052000 23052212   2.119  3.303  
23052700 23052912   0.956  3.583  
23060300 23060512   1.139  1.176  
23061000 23061212   0.596  1.480  
23061700 23061912   1.942  1.857  
23062400 23062612   4.400  5.199  
23070100 23070312   0.190  0.207  
23070800 23071012   3.314  3.417  
23071500 23071712   0.799  1.001  
23072200 23072412   0.472  0.448  
23072900 23073112   0.702  0.763  
23080500 23080712   4.349  4.391  
23081200 23081412   5.696  3.342  
23081900 23082112   0.388  0.703  
23082600 23082812   1.239  1.036  
23090200 23090412   1.472  1.461  
23090900 23091112   5.510  4.482  
23091600 23091812   2.167  2.395  
23092300 23092512   4.787  5.711  
23093000 23100212   0.756  1.108  
23100700 23100912   2.489  2.287  
23101400 23101612   1.572  1.520  
23102100 23102312   1.123  0.914  
23102800 23103012   1.751  2.064  
