22100100 22100312   2.422  2.335  
22100800 22101012   0.159  0.343  
22101500 22101712   1.898  1.604  
22102200 22102412   1.547  0.808  
22102900 22103112   1.224  2.689  
22110500 22110712   10.982  15.376  
22111200 22111412   0.725  0.613  
22111900 22112112   1.464  1.000  
22112600 22112812   7.744  8.872  
22120300 22120512   3.787  4.201  
22121000 22121212   5.531  4.899  
22121700 22121912   2.829  3.071  
22122400 22122612   0.878  1.758  
22123100 23010212   7.298  6.505  
23010700 23010912   6.356  7.188  
23011400 23011612   3.124  2.476  
23012100 23012312   7.509  7.883  
23012800 23013012   9.940  10.895  
23020400 23020612   8.095  14.130  
23021100 23021312   0.697  2.709  
23021800 23022012   0.376  0.599  
23022500 23022712   2.406  2.571  
23030400 23030612   2.083  2.600  
23031100 23031312   5.035  5.791  
23031800 23032012   2.538  2.569  
23032500 23032712   0.798  3.110  
23040100 23040312   4.687  10.585  
23040800 23041012   1.139  1.701  
23041500 23041712   4.153  4.755  
23042200 23042412   5.806  6.354  
23042900 23050112   0.442  1.358  
23050600 23050812   1.064  1.970  
23051300 23051512   1.207  0.709  
23052000 23052212   2.506  2.986  
23052700 23052912   0.914  0.119  
23060300 23060512   1.899  1.737  
23061000 23061212   0.264  2.163  
23061700 23061912   2.817  4.186  
23062400 23062612   1.165  0.534  
23070100 23070312   3.432  3.513  
23070800 23071012   3.177  3.068  
23071500 23071712   0.650  0.503  
23072200 23072412   1.918  1.715  
23072900 23073112   2.741  3.819  
23080500 23080712   1.644  1.213  
23081200 23081412   1.077  1.694  
23081900 23082112   4.050  4.046  
23082600 23082812   1.702  1.858  
23090200 23090412   3.866  4.060  
23090900 23091112   2.730  2.922  
23091600 23091812   1.456  1.921  
23092300 23092512   2.775  2.932  
23093000 23100212   0.529  0.868  
23100700 23100912   1.588  0.941  
23101400 23101612   2.703  3.465  
23102100 23102312   2.080  1.532  
23102800 23103012   2.362  2.976  
