22100100 22100312   3.926  2.008  
22100800 22101012   0.526  1.443  
22101500 22101712   1.649  1.631  
22102200 22102412   2.365  2.445  
22102900 22103112   0.197  0.077  
22110500 22110712   2.095  2.787  
22111200 22111412   0.885  1.359  
22111900 22112112   0.127  0.093  
22112600 22112812   0.662  0.630  
22120300 22120512   0.710  0.301  
22121000 22121212   1.503  1.282  
22121700 22121912   0.972  0.583  
22122400 22122612   4.205  4.020  
22123100 23010212   1.064  0.767  
23010700 23010912   2.224  2.180  
23011400 23011612   1.757  1.391  
23012100 23012312   0.632  1.309  
23012800 23013012   40.795  41.045  
23020400 23020612   2.581  1.914  
23021100 23021312   1.699  1.716  
23021800 23022012   2.093  2.057  
23022500 23022712   3.903  2.074  
23030400 23030612   1.904  1.806  
23031100 23031312   1.782  1.515  
23031800 23032012   5.479  4.306  
23032500 23032712   1.269  1.157  
23040100 23040312   1.721  1.904  
23040800 23041012   4.425  4.387  
23041500 23041712   2.960  3.268  
23042200 23042412   0.731  0.717  
23042900 23050112   0.835  0.856  
23050600 23050812   0.768  0.499  
23051300 23051512   4.091  4.033  
23052000 23052212   2.618  2.556  
23052700 23052912   0.169  2.541  
23060300 23060512   2.863  2.941  
23061000 23061212   0.577  1.740  
23061700 23061912   1.425  1.245  
23062400 23062612   1.203  1.278  
