22100100 22100312   2.611  0.805  
22100800 22101012   0.823  1.952  
22101500 22101712   0.584  0.393  
22102200 22102412   1.488  1.884  
22102900 22103112   1.521  1.758  
22110500 22110712   3.370  4.224  
22111200 22111412   0.326  1.432  
22111900 22112112   1.353  1.061  
22112600 22112812   1.724  1.636  
22120300 22120512   0.660  0.741  
22121000 22121212   3.129  2.695  
22121700 22121912   0.537  0.348  
22122400 22122612   3.474  2.955  
22123100 23010212   1.539  0.856  
23010700 23010912   0.722  0.960  
23011400 23011612   2.765  1.209  
23012100 23012312   1.329  2.459  
23012800 23013012   0.466  0.814  
23020400 23020612   2.187  0.502  
23021100 23021312   0.498  0.505  
23021800 23022012   2.000  1.537  
23022500 23022712   0.569  1.303  
23030400 23030612   1.354  1.231  
23031100 23031312   0.427  0.547  
23031800 23032012   2.520  0.893  
23032500 23032712   0.999  1.160  
23040100 23040312   0.698  0.701  
23040800 23041012   1.676  1.605  
23041500 23041712   1.962  2.374  
23042200 23042412   1.473  1.573  
23042900 23050112   0.870  1.154  
23050600 23050812   1.346  1.586  
23051300 23051512   1.706  1.257  
23052000 23052212   2.916  1.488  
23052700 23052912   1.675  0.864  
23060300 23060512   0.998  1.091  
23061000 23061212   0.517  2.071  
23061700 23061912   1.875  1.754  
23062400 23062612   1.529  1.662  
