22100100 22100312   0.000  0.001  
22100800 22101012   0.000  0.000  
22101500 22101712   0.000  0.000  
22102200 22102412   0.113  0.108  
22102900 22103112   1.402  1.481  
22110500 22110712   0.615  0.632  
22111200 22111412   0.000  0.000  
22111900 22112112   0.001  0.001  
22112600 22112812   0.752  0.741  
22120300 22120512   0.781  0.724  
22121000 22121212   0.742  0.786  
22121700 22121912   0.002  0.004  
22122400 22122612   0.278  0.447  
22123100 23010212   0.563  0.696  
23010700 23010912   0.471  0.536  
23011400 23011612   0.607  0.697  
23012100 23012312   0.017  0.086  
23012800 23013012   0.000  0.000  
23020400 23020612   0.425  0.339  
23021100 23021312   0.015  0.048  
23021800 23022012   0.042  0.051  
23022500 23022712   0.767  0.768  
23030400 23030612   0.279  0.302  
23031100 23031312   0.070  0.100  
23031800 23032012   0.000  0.001  
23032500 23032712   0.196  0.244  
23040100 23040312   0.129  0.205  
23040800 23041012   0.159  0.200  
23041500 23041712   1.051  1.049  
23042200 23042412   0.158  0.105  
23042900 23050112   0.000  0.000  
23050600 23050812   0.242  0.467  
23051300 23051512   0.000  0.000  
23052000 23052212   0.000  0.003  
23052700 23052912   0.018  0.032  
23060300 23060512   0.000  0.000  
23061000 23061212   0.064  0.191  
23061700 23061912   0.007  0.042  
23062400 23062612   0.032  0.164  
23070100 23070312   0.000  0.006  
23070800 23071012   0.000  0.019  
23071500 23071712   0.000  0.001  
23072200 23072412   0.005  0.009  
23072900 23073112   0.004  0.012  
23080500 23080712   0.022  0.104  
23081200 23081412   0.011  0.006  
23081900 23082112   0.000  0.000  
23082600 23082812   0.000  0.001  
23090200 23090412   0.000  0.000  
23090900 23091112   0.000  0.001  
23091600 23091812   0.001  0.001  
23092300 23092512   0.026  0.043  
23093000 23100212   0.000  0.002  
23100700 23100912   0.005  0.006  
23101400 23101612   1.579  1.518  
23102100 23102312   0.000  0.000  
23102800 23103012   0.000  0.000  
