22100100 22100312   0.000  0.001  
22100800 22101012   0.000  0.000  
22101500 22101712   0.000  0.001  
22102200 22102412   0.511  0.445  
22102900 22103112   0.057  0.057  
22110500 22110712   0.234  0.232  
22111200 22111412   0.000  0.000  
22111900 22112112   0.001  0.001  
22112600 22112812   0.967  0.977  
22120300 22120512   0.134  0.251  
22121000 22121212   0.061  0.087  
22121700 22121912   0.183  0.183  
22122400 22122612   1.729  1.685  
22123100 23010212   0.070  0.186  
23010700 23010912   0.671  0.585  
23011400 23011612   0.101  0.095  
23012100 23012312   0.005  0.013  
23012800 23013012   0.000  0.000  
23020400 23020612   0.347  0.216  
23021100 23021312   0.003  0.010  
23021800 23022012   0.001  0.001  
23022500 23022712   0.007  0.007  
23030400 23030612   0.211  0.133  
23031100 23031312   0.011  0.015  
23031800 23032012   0.000  0.000  
23032500 23032712   0.552  0.462  
23040100 23040312   0.543  0.574  
23040800 23041012   0.004  0.031  
23041500 23041712   0.006  0.004  
23042200 23042412   0.112  0.158  
23042900 23050112   0.000  0.000  
23050600 23050812   0.063  0.136  
23051300 23051512   0.000  0.000  
23052000 23052212   0.000  0.003  
23052700 23052912   0.000  0.017  
23060300 23060512   0.000  0.001  
23061000 23061212   0.254  0.297  
23061700 23061912   0.001  0.013  
23062400 23062612   0.000  0.016  
23070100 23070312   0.000  0.002  
23070800 23071012   0.000  0.002  
23071500 23071712   0.000  0.000  
23072200 23072412   0.000  0.002  
23072900 23073112   0.000  0.002  
23080500 23080712   0.000  0.002  
23081200 23081412   0.000  0.001  
23081900 23082112   0.000  0.000  
23082600 23082812   0.001  0.002  
23090200 23090412   0.000  0.001  
23090900 23091112   0.000  0.001  
23091600 23091812   0.000  0.000  
23092300 23092512   0.002  0.002  
23093000 23100212   0.002  0.002  
23100700 23100912   0.000  0.000  
23101400 23101612   0.352  0.338  
23102100 23102312   0.000  0.000  
23102800 23103012   0.000  0.000  
