22100100 22100312   2.083  1.236  
22100800 22101012   1.151  0.746  
22101500 22101712   2.627  3.793  
22102200 22102412   0.949  0.229  
22102900 22103112   3.891  2.919  
22110500 22110712   10.182  13.286  
22111200 22111412   1.294  1.092  
22111900 22112112   0.662  0.603  
22112600 22112812   10.406  9.694  
22120300 22120512   3.085  1.634  
22121000 22121212   2.056  2.423  
22121700 22121912   1.229  1.833  
22122400 22122612   8.924  7.930  
22123100 23010212   6.921  9.762  
23010700 23010912   1.221  5.782  
23011400 23011612   1.681  2.728  
23012100 23012312   0.588  0.716  
23012800 23013012   14.065  14.602  
23020400 23020612   4.954  15.637  
23021100 23021312   3.899  1.121  
23021800 23022012   1.066  0.381  
23022500 23022712   1.627  0.249  
23030400 23030612   0.756  0.406  
23031100 23031312   2.445  4.218  
23031800 23032012   1.259  0.593  
23032500 23032712   5.358  5.639  
23040100 23040312   7.225  13.335  
23040800 23041012   8.819  7.658  
23041500 23041712   1.282  0.743  
23042200 23042412   2.971  1.196  
23042900 23050112   0.687  2.505  
23050600 23050812   0.750  0.536  
23051300 23051512   0.967  1.875  
23052000 23052212   4.684  4.774  
23052700 23052912   3.427  2.233  
23060300 23060512   0.506  0.318  
23061000 23061212   1.753  4.246  
23061700 23061912   0.673  0.454  
23062400 23062612   3.359  3.359  
23070100 23070312   6.825  7.076  
23070800 23071012   3.808  5.112  
23071500 23071712   0.842  0.720  
23072200 23072412   1.730  2.216  
23072900 23073112   2.067  3.341  
23080500 23080712   0.498  0.748  
23081200 23081412   0.955  1.516  
23081900 23082112   0.926  2.967  
23082600 23082812   2.028  2.376  
23090200 23090412   3.294  2.652  
23090900 23091112   0.789  1.031  
23091600 23091812   5.327  5.939  
23092300 23092512   1.672  2.845  
23093000 23100212   0.775  0.614  
23100700 23100912   0.935  0.637  
23101400 23101612   3.656  4.913  
23102100 23102312   0.158  0.480  
23102800 23103012   0.611  1.094  
