22100100 22100312   0.000  0.001  
22100800 22101012   0.000  0.000  
22101500 22101712   0.000  0.000  
22102200 22102412   0.078  0.111  
22102900 22103112   0.043  0.038  
22110500 22110712   0.109  0.216  
22111200 22111412   0.000  0.000  
22111900 22112112   0.000  0.001  
22112600 22112812   0.196  0.202  
22120300 22120512   0.054  0.057  
22121000 22121212   0.640  0.429  
22121700 22121912   0.010  0.008  
22122400 22122612   0.273  0.150  
22123100 23010212   0.098  0.180  
23010700 23010912   0.519  0.438  
23011400 23011612   0.434  0.437  
23012100 23012312   0.565  0.562  
23012800 23013012   0.010  0.004  
23020400 23020612   0.013  0.167  
23021100 23021312   0.015  0.071  
23021800 23022012   0.000  0.002  
23022500 23022712   0.041  0.042  
23030400 23030612   0.289  0.407  
23031100 23031312   0.020  0.023  
23031800 23032012   0.000  0.000  
23032500 23032712   0.068  0.081  
23040100 23040312   0.406  0.581  
23040800 23041012   0.202  0.162  
23041500 23041712   0.296  0.296  
23042200 23042412   0.266  0.119  
23042900 23050112   0.000  0.000  
23050600 23050812   0.177  0.394  
23051300 23051512   0.000  0.000  
23052000 23052212   0.000  0.001  
23052700 23052912   0.000  0.005  
23060300 23060512   0.000  0.000  
23061000 23061212   0.275  0.516  
23061700 23061912   0.005  0.019  
23062400 23062612   0.004  0.013  
23070100 23070312   0.000  0.002  
23070800 23071012   0.000  0.005  
23071500 23071712   0.000  0.000  
23072200 23072412   0.000  0.001  
23072900 23073112   0.000  0.003  
23080500 23080712   0.000  0.002  
23081200 23081412   0.001  0.001  
23081900 23082112   0.000  0.000  
23082600 23082812   0.000  0.000  
23090200 23090412   0.000  0.000  
23090900 23091112   0.000  0.000  
23091600 23091812   0.001  0.001  
23092300 23092512   0.005  0.003  
23093000 23100212   0.000  0.002  
23100700 23100912   0.000  0.000  
23101400 23101612   0.019  0.028  
23102100 23102312   0.000  0.000  
23102800 23103012   0.000  0.000  
