22100100 22100312   2.623  3.079  
22100800 22101012   1.656  1.095  
22101500 22101712   1.556  1.840  
22102200 22102412   0.548  1.114  
22102900 22103112   2.240  0.975  
22110500 22110712   2.823  5.929  
22111200 22111412   0.676  0.473  
22111900 22112112   0.129  0.833  
22112600 22112812   3.499  3.736  
22120300 22120512   8.465  9.204  
22121000 22121212   2.197  2.607  
22121700 22121912   2.124  3.209  
22122400 22122612   2.148  1.236  
22123100 23010212   4.935  8.359  
23010700 23010912   5.361  7.480  
23011400 23011612   4.194  3.264  
23012100 23012312   3.434  4.098  
23012800 23013012   10.081  11.052  
23020400 23020612   3.756  10.704  
23021100 23021312   1.203  3.733  
23021800 23022012   0.360  1.902  
23022500 23022712   9.596  10.894  
23030400 23030612   1.146  2.810  
23031100 23031312   2.434  2.809  
23031800 23032012   0.685  0.801  
23032500 23032712   0.454  1.324  
23040100 23040312   3.543  9.404  
23040800 23041012   2.502  4.186  
23041500 23041712   5.162  5.334  
23042200 23042412   5.220  6.758  
23042900 23050112   4.290  6.451  
23050600 23050812   0.987  0.904  
23051300 23051512   3.165  4.785  
23052000 23052212   3.244  2.779  
23052700 23052912   0.869  1.155  
23060300 23060512   3.423  3.376  
23061000 23061212   0.777  1.377  
23061700 23061912   6.491  8.925  
23062400 23062612   2.170  1.729  
