22100100 22100312   3.098  1.248  
22100800 22101012   0.824  1.928  
22101500 22101712   1.100  1.058  
22102200 22102412   1.463  1.739  
22102900 22103112   1.172  1.278  
22110500 22110712   3.715  4.307  
22111200 22111412   0.909  1.195  
22111900 22112112   0.883  0.708  
22112600 22112812   1.247  1.192  
22120300 22120512   1.608  1.087  
22121000 22121212   1.996  1.863  
22121700 22121912   0.286  0.461  
22122400 22122612   4.809  4.708  
22123100 23010212   1.241  0.715  
23010700 23010912   1.178  1.296  
23011400 23011612   2.103  1.354  
23012100 23012312   1.400  2.265  
23012800 23013012   1.072  1.295  
23020400 23020612   1.030  0.345  
23021100 23021312   0.345  0.814  
23021800 23022012   1.591  1.355  
23022500 23022712   1.000  2.120  
23030400 23030612   1.293  1.273  
23031100 23031312   1.233  1.399  
23031800 23032012   4.055  2.467  
23032500 23032712   0.926  1.057  
23040100 23040312   0.221  0.213  
23040800 23041012   3.500  3.476  
23041500 23041712   2.713  3.139  
23042200 23042412   1.784  1.855  
23042900 23050112   1.189  2.066  
23050600 23050812   1.800  1.776  
23051300 23051512   4.009  3.726  
23052000 23052212   2.228  2.803  
23052700 23052912   0.950  3.461  
23060300 23060512   1.429  1.464  
23061000 23061212   0.734  1.227  
23061700 23061912   2.018  1.920  
23062400 23062612   1.425  1.538  
