22100100 22100312   2.704  1.653  
22100800 22101012   1.230  2.031  
22101500 22101712   2.349  2.616  
22102200 22102412   1.930  2.492  
22102900 22103112   0.994  2.020  
22110500 22110712   5.640  10.452  
22111200 22111412   0.248  0.531  
22111900 22112112   0.340  0.233  
22112600 22112812   4.901  7.524  
22120300 22120512   5.878  8.022  
22121000 22121212   9.245  9.705  
22121700 22121912   3.028  3.098  
22122400 22122612   2.882  2.150  
22123100 23010212   9.938  10.344  
23010700 23010912   12.222  13.369  
23011400 23011612   4.946  4.188  
23012100 23012312   2.829  2.908  
23012800 23013012   15.171  15.694  
23020400 23020612   8.512  13.322  
23021100 23021312   2.783  4.520  
23021800 23022012   11.345  11.903  
23022500 23022712   1.801  2.378  
23030400 23030612   4.997  5.671  
23031100 23031312   2.750  3.955  
23031800 23032012   5.563  5.794  
23032500 23032712   3.267  6.327  
23040100 23040312   5.651  10.586  
23040800 23041012   4.815  7.455  
23041500 23041712   3.069  4.226  
23042200 23042412   1.087  1.959  
23042900 23050112   0.850  2.613  
23050600 23050812   1.928  2.000  
23051300 23051512   6.765  7.853  
23052000 23052212   1.263  1.792  
23052700 23052912   1.083  2.059  
23060300 23060512   1.495  2.124  
23061000 23061212   5.275  5.948  
23061700 23061912   4.147  6.801  
23062400 23062612   1.855  1.670  
23070100 23070312   5.359  5.314  
23070800 23071012   2.851  3.470  
23071500 23071712   0.654  0.285  
23072200 23072412   1.557  1.259  
23072900 23073112   5.596  4.278  
23080500 23080712   2.430  2.029  
23081200 23081412   2.339  3.086  
23081900 23082112   3.878  4.116  
23082600 23082812   3.069  3.464  
23090200 23090412   10.933  11.341  
23090900 23091112   3.016  3.221  
23091600 23091812   3.861  4.017  
23092300 23092512   3.928  5.734  
23093000 23100212   0.926  1.004  
23100700 23100912   0.902  0.718  
23101400 23101612   1.812  0.401  
23102100 23102312   3.615  2.568  
23102800 23103012   1.702  1.985  
