22100100 22100312   1.167  1.056  
22100800 22101012   0.865  0.502  
22101500 22101712   2.143  1.647  
22102200 22102412   0.511  1.350  
22102900 22103112   1.783  0.369  
22110500 22110712   1.122  3.007  
22111200 22111412   0.710  0.589  
22111900 22112112   0.363  0.892  
22112600 22112812   2.280  1.817  
22120300 22120512   5.263  6.992  
22121000 22121212   11.752  12.678  
22121700 22121912   0.104  0.062  
22122400 22122612   2.436  1.698  
22123100 23010212   0.965  4.209  
23010700 23010912   8.977  11.470  
23011400 23011612   2.542  2.215  
23012100 23012312   2.519  2.613  
23012800 23013012   1.463  1.698  
23020400 23020612   2.276  8.530  
23021100 23021312   0.272  1.629  
23021800 23022012   0.535  0.592  
23022500 23022712   3.687  4.242  
23030400 23030612   3.349  2.239  
23031100 23031312   2.965  3.228  
23031800 23032012   0.290  0.484  
23032500 23032712   1.663  3.384  
23040100 23040312   5.974  10.208  
23040800 23041012   0.529  2.716  
23041500 23041712   5.496  5.885  
23042200 23042412   0.494  0.463  
23042900 23050112   1.906  2.386  
23050600 23050812   0.493  0.876  
23051300 23051512   1.032  1.216  
23052000 23052212   1.765  1.925  
23052700 23052912   2.867  4.461  
23060300 23060512   1.394  1.292  
23061000 23061212   0.574  1.004  
23061700 23061912   0.410  0.841  
23062400 23062612   1.374  0.945  
23070100 23070312   2.439  1.893  
23070800 23071012   2.108  2.104  
23071500 23071712   1.229  1.327  
23072200 23072412   1.480  1.172  
23072900 23073112   1.691  1.821  
23080500 23080712   1.069  1.428  
23081200 23081412   0.524  0.324  
23081900 23082112   7.576  7.383  
23082600 23082812   1.636  1.926  
23090200 23090412   4.832  4.334  
23090900 23091112   1.173  0.899  
23091600 23091812   0.570  0.468  
23092300 23092512   0.488  0.973  
23093000 23100212   1.406  1.712  
23100700 23100912   0.252  0.266  
23101400 23101612   1.727  1.706  
23102100 23102312   1.526  0.905  
23102800 23103012   0.452  0.548  
