22100100 22100312   0.001  0.001  
22100800 22101012   0.000  0.000  
22101500 22101712   0.011  0.011  
22102200 22102412   0.099  0.108  
22102900 22103112   0.129  0.091  
22110500 22110712   0.635  1.014  
22111200 22111412   0.000  0.000  
22111900 22112112   0.000  0.000  
22112600 22112812   1.070  1.060  
22120300 22120512   0.058  0.065  
22121000 22121212   0.197  0.207  
22121700 22121912   0.185  0.183  
22122400 22122612   0.363  0.125  
22123100 23010212   0.862  0.914  
23010700 23010912   0.437  0.452  
23011400 23011612   0.689  0.872  
23012100 23012312   0.192  0.166  
23012800 23013012   0.000  0.000  
23020400 23020612   1.253  2.052  
23021100 23021312   0.217  0.348  
23021800 23022012   0.006  0.024  
23022500 23022712   1.167  1.164  
23030400 23030612   0.223  0.313  
23031100 23031312   0.027  0.047  
23031800 23032012   0.000  0.003  
23032500 23032712   0.107  0.161  
23040100 23040312   0.812  0.959  
23040800 23041012   0.121  0.068  
23041500 23041712   0.080  0.076  
23042200 23042412   0.301  0.340  
23042900 23050112   0.000  0.000  
23050600 23050812   0.077  0.279  
23051300 23051512   0.002  0.003  
23052000 23052212   0.006  0.007  
23052700 23052912   0.052  0.088  
23060300 23060512   0.001  0.003  
23061000 23061212   0.129  0.362  
23061700 23061912   0.104  0.168  
23062400 23062612   0.148  0.395  
23070100 23070312   0.001  0.002  
23070800 23071012   0.035  0.136  
23071500 23071712   0.001  0.002  
23072200 23072412   0.004  0.008  
23072900 23073112   0.029  0.081  
23080500 23080712   0.013  0.039  
23081200 23081412   0.019  0.033  
23081900 23082112   0.000  0.012  
23082600 23082812   0.003  0.005  
23090200 23090412   0.001  0.001  
23090900 23091112   0.000  0.001  
23091600 23091812   0.007  0.007  
23092300 23092512   0.101  0.093  
23093000 23100212   0.013  0.060  
23100700 23100912   0.000  0.000  
23101400 23101612   0.291  0.293  
23102100 23102312   0.000  0.000  
23102800 23103012   0.000  0.000  
