22100100 22100312   0.000  0.001  
22100800 22101012   0.000  0.000  
22101500 22101712   0.000  0.000  
22102200 22102412   0.170  0.235  
22102900 22103112   0.924  0.911  
22110500 22110712   0.869  1.448  
22111200 22111412   0.000  0.000  
22111900 22112112   0.000  0.000  
22112600 22112812   0.533  0.533  
22120300 22120512   0.201  0.178  
22121000 22121212   0.174  0.232  
22121700 22121912   0.086  0.099  
22122400 22122612   1.075  0.768  
22123100 23010212   1.026  1.103  
23010700 23010912   0.154  0.307  
23011400 23011612   1.258  1.467  
23012100 23012312   0.029  0.044  
23012800 23013012   0.100  0.100  
23020400 23020612   0.049  0.710  
23021100 23021312   0.255  0.444  
23021800 23022012   0.024  0.046  
23022500 23022712   0.538  0.539  
23030400 23030612   0.185  0.218  
23031100 23031312   0.207  0.180  
23031800 23032012   0.000  0.000  
23032500 23032712   0.119  0.106  
23040100 23040312   2.154  2.194  
23040800 23041012   0.727  0.682  
23041500 23041712   0.857  0.865  
23042200 23042412   0.122  0.123  
23042900 23050112   0.002  0.002  
23050600 23050812   0.135  0.252  
23051300 23051512   0.000  0.000  
23052000 23052212   0.002  0.003  
23052700 23052912   0.135  0.112  
23060300 23060512   0.000  0.000  
23061000 23061212   0.739  0.858  
23061700 23061912   0.191  0.225  
23062400 23062612   0.191  0.178  
23070100 23070312   0.000  0.002  
23070800 23071012   0.032  0.072  
23071500 23071712   0.000  0.001  
23072200 23072412   0.002  0.014  
23072900 23073112   0.004  0.016  
23080500 23080712   0.005  0.010  
23081200 23081412   0.011  0.022  
23081900 23082112   0.000  0.012  
23082600 23082812   0.000  0.002  
23090200 23090412   0.003  0.003  
23090900 23091112   0.000  0.000  
23091600 23091812   0.006  0.006  
23092300 23092512   1.929  1.932  
23093000 23100212   0.044  0.080  
23100700 23100912   0.000  0.000  
23101400 23101612   0.391  0.385  
23102100 23102312   0.000  0.000  
23102800 23103012   0.000  0.000  
