22100100 22100312   0.290  0.801  
22100800 22101012   0.696  1.377  
22101500 22101712   1.319  2.885  
22102200 22102412   3.265  2.283  
22102900 22103112   2.672  1.415  
22110500 22110712   3.309  6.242  
22111200 22111412   0.528  0.279  
22111900 22112112   0.923  0.632  
22112600 22112812   1.500  1.043  
22120300 22120512   6.775  8.281  
22121000 22121212   5.406  6.116  
22121700 22121912   3.063  3.111  
22122400 22122612   0.718  0.651  
22123100 23010212   3.119  6.540  
23010700 23010912   4.465  6.830  
23011400 23011612   2.907  2.467  
23012100 23012312   2.659  2.852  
23012800 23013012   4.533  5.139  
23020400 23020612   5.832  12.391  
23021100 23021312   0.473  2.324  
23021800 23022012   0.350  0.678  
23022500 23022712   3.160  3.820  
23030400 23030612   2.380  0.803  
23031100 23031312   2.641  2.865  
23031800 23032012   3.368  3.493  
23032500 23032712   2.196  1.014  
23040100 23040312   1.609  7.324  
23040800 23041012   0.874  1.274  
23041500 23041712   5.304  5.626  
23042200 23042412   1.908  1.103  
23042900 23050112   1.379  2.407  
23050600 23050812   3.747  3.623  
23051300 23051512   2.773  4.094  
23052000 23052212   1.518  1.086  
23052700 23052912   1.797  3.329  
23060300 23060512   1.400  1.397  
23061000 23061212   0.906  0.430  
23061700 23061912   5.147  6.773  
23062400 23062612   1.120  0.609  
23070100 23070312   5.761  5.537  
23070800 23071012   4.232  4.893  
23071500 23071712   1.818  1.834  
23072200 23072412   2.580  2.176  
23072900 23073112   3.729  3.804  
23080500 23080712   0.694  0.459  
23081200 23081412   0.492  1.253  
23081900 23082112   3.713  3.811  
23082600 23082812   0.833  1.753  
23090200 23090412   3.318  2.753  
23090900 23091112   1.468  1.066  
23091600 23091812   0.437  0.766  
23092300 23092512   1.332  1.882  
23093000 23100212   0.494  1.080  
23100700 23100912   2.816  2.860  
23101400 23101612   1.112  1.473  
23102100 23102312   3.104  1.855  
23102800 23103012   0.188  0.334  
