22100100 22100312   1.704  0.715  
22100800 22101012   2.364  3.266  
22101500 22101712   3.218  3.102  
22102200 22102412   4.562  4.344  
22102900 22103112   2.413  2.318  
22110500 22110712   3.774  5.105  
22111200 22111412   0.537  1.187  
22111900 22112112   4.219  3.911  
22112600 22112812   2.302  2.244  
22120300 22120512   1.131  0.199  
22121000 22121212   1.882  1.764  
22121700 22121912   1.244  0.542  
22122400 22122612   4.743  4.789  
22123100 23010212   0.266  0.664  
23010700 23010912   1.113  1.081  
23011400 23011612   2.143  0.878  
23012100 23012312   0.874  0.203  
23012800 23013012   0.985  0.366  
23020400 23020612   0.685  0.793  
23021100 23021312   2.596  2.030  
23021800 23022012   3.110  2.457  
23022500 23022712   1.672  1.128  
23030400 23030612   1.018  1.179  
23031100 23031312   0.246  0.449  
23031800 23032012   1.093  0.345  
23032500 23032712   1.124  1.042  
23040100 23040312   0.565  0.832  
23040800 23041012   3.498  3.397  
23041500 23041712   2.659  2.914  
23042200 23042412   0.343  0.262  
23042900 23050112   5.921  5.635  
23050600 23050812   1.410  1.231  
23051300 23051512   2.637  3.014  
23052000 23052212   1.668  1.212  
23052700 23052912   1.225  1.530  
23060300 23060512   1.968  1.914  
23061000 23061212   1.580  4.463  
23061700 23061912   1.540  1.479  
23062400 23062612   3.969  4.195  
23070100 23070312   0.477  0.226  
23070800 23071012   4.347  4.538  
23071500 23071712   0.479  0.808  
23072200 23072412   0.233  0.200  
23072900 23073112   1.633  1.658  
23080500 23080712   3.563  3.571  
23081200 23081412   6.485  4.165  
23081900 23082112   2.232  2.568  
23082600 23082812   0.716  0.600  
23090200 23090412   0.812  1.173  
23090900 23091112   1.212  0.153  
23091600 23091812   1.094  1.066  
23092300 23092512   4.059  5.207  
23093000 23100212   0.474  0.247  
23100700 23100912   5.037  4.698  
23101400 23101612   1.211  1.208  
23102100 23102312   0.645  0.373  
23102800 23103012   0.845  1.101  
