22100100 22100312   3.562  2.052  
22100800 22101012   0.352  1.049  
22101500 22101712   1.587  1.666  
22102200 22102412   0.917  0.861  
22102900 22103112   1.447  1.318  
22110500 22110712   5.100  5.244  
22111200 22111412   1.827  2.138  
22111900 22112112   1.262  1.009  
22112600 22112812   1.503  0.795  
22120300 22120512   4.631  3.354  
22121000 22121212   1.562  0.906  
22121700 22121912   5.258  0.488  
22122400 22122612   2.349  2.625  
22123100 23010212   1.939  2.376  
23010700 23010912   2.085  2.168  
23011400 23011612   0.996  1.324  
23012100 23012312   1.695  0.133  
23012800 23013012   3.622  2.373  
23020400 23020612   0.498  0.352  
23021100 23021312   0.597  0.407  
23021800 23022012   1.071  1.480  
23022500 23022712   8.527  2.343  
23030400 23030612   2.981  0.646  
23031100 23031312   0.805  0.719  
23031800 23032012   1.177  0.636  
23032500 23032712   1.211  0.563  
23040100 23040312   1.523  0.944  
23040800 23041012   2.030  1.925  
23041500 23041712   1.804  2.024  
23042200 23042412   2.098  2.076  
23042900 23050112   6.756  6.662  
23050600 23050812   2.425  2.196  
23051300 23051512   3.333  3.552  
23052000 23052212   2.568  1.459  
23052700 23052912   0.318  2.346  
23060300 23060512   1.531  1.595  
23061000 23061212   1.474  0.249  
23061700 23061912   0.942  1.102  
23062400 23062612   3.357  3.754  
23070100 23070312   0.463  0.519  
23070800 23071012   3.910  4.099  
23071500 23071712   2.706  3.114  
23072200 23072412   1.503  1.425  
23072900 23073112   1.467  1.581  
23080500 23080712   2.566  2.492  
23081200 23081412   3.690  2.008  
23081900 23082112   4.344  4.706  
23082600 23082812   1.667  1.379  
23090200 23090412   1.076  1.183  
23090900 23091112   4.916  4.214  
23091600 23091812   1.443  1.417  
23092300 23092512   4.665  5.691  
23093000 23100212   0.457  0.139  
23100700 23100912   0.992  0.927  
23101400 23101612   1.980  1.810  
23102100 23102312   0.293  0.262  
23102800 23103012   1.087  0.393  
