22100100 22100312   1.022  1.548  
22100800 22101012   0.268  0.837  
22101500 22101712   1.203  1.935  
22102200 22102412   0.245  1.137  
22102900 22103112   1.297  0.250  
22110500 22110712   1.461  4.472  
22111200 22111412   3.798  4.125  
22111900 22112112   2.244  2.754  
22112600 22112812   2.438  2.071  
22120300 22120512   5.093  5.861  
22121000 22121212   7.858  8.248  
22121700 22121912   2.644  2.901  
22122400 22122612   0.437  0.878  
22123100 23010212   2.290  5.556  
23010700 23010912   5.285  7.459  
23011400 23011612   1.925  1.513  
23012100 23012312   2.438  2.545  
23012800 23013012   3.496  4.052  
23020400 23020612   4.522  10.966  
23021100 23021312   0.460  2.441  
23021800 23022012   0.333  0.645  
23022500 23022712   3.420  3.811  
23030400 23030612   1.139  2.681  
23031100 23031312   2.149  2.601  
23031800 23032012   3.560  3.664  
23032500 23032712   0.742  1.836  
23040100 23040312   2.675  7.872  
23040800 23041012   1.021  1.074  
23041500 23041712   1.954  2.364  
23042200 23042412   2.215  3.006  
23042900 23050112   0.975  2.152  
23050600 23050812   0.886  0.693  
23051300 23051512   4.037  5.090  
23052000 23052212   0.725  1.158  
23052700 23052912   2.790  4.073  
23060300 23060512   0.516  0.500  
23061000 23061212   2.335  2.922  
23061700 23061912   1.024  0.673  
23062400 23062612   2.918  2.479  
