22100100 22100312   5.845  7.797  
22100800 22101012   11.037  9.812  
22101500 22101712   9.413  9.772  
22102200 22102412   0.861  2.274  
22102900 22103112   18.191  17.778  
22110500 22110712   10.839  15.475  
22111200 22111412   2.775  3.294  
22111900 22112112   0.591  1.078  
22112600 22112812   24.398  27.475  
22120300 22120512   3.565  6.468  
22121000 22121212   17.763  18.280  
22121700 22121912   5.369  5.254  
22122400 22122612   3.916  2.580  
22123100 23010212   22.372  22.993  
23010700 23010912   12.218  13.263  
23011400 23011612   11.686  7.178  
23012100 23012312   12.785  12.112  
23012800 23013012   6.261  4.373  
23020400 23020612   2.035  4.612  
23021100 23021312   4.215  8.408  
23021800 23022012   16.257  17.457  
23022500 23022712   3.192  4.305  
23030400 23030612   11.753  13.170  
23031100 23031312   3.888  6.197  
23031800 23032012   1.776  1.065  
23032500 23032712   16.007  19.352  
23040100 23040312   3.014  2.208  
23040800 23041012   10.621  14.755  
23041500 23041712   8.441  9.521  
23042200 23042412   2.013  2.952  
23042900 23050112   2.130  2.661  
23050600 23050812   2.573  3.448  
23051300 23051512   9.697  10.997  
23052000 23052212   4.216  2.785  
23052700 23052912   0.786  5.838  
23060300 23060512   5.626  8.132  
23061000 23061212   6.967  7.228  
23061700 23061912   14.219  17.082  
23062400 23062612   9.958  9.179  
23070100 23070312   8.407  7.820  
23070800 23071012   3.432  5.195  
23071500 23071712   3.039  3.629  
23072200 23072412   6.574  6.666  
23072900 23073112   11.231  12.898  
23080500 23080712   1.582  1.570  
23081200 23081412   4.212  3.336  
23081900 23082112   9.165  9.476  
23082600 23082812   1.501  1.677  
23090200 23090412   20.210  20.166  
23090900 23091112   0.306  2.847  
23091600 23091812   11.338  10.827  
23092300 23092512   5.926  9.834  
23093000 23100212   1.879  2.166  
23100700 23100912   11.558  9.801  
23101400 23101612   4.537  2.947  
23102100 23102312   1.518  0.854  
23102800 23103012   9.306  10.944  
