22100100 22100312   2.856  0.890  
22100800 22101012   2.268  3.586  
22101500 22101712   1.462  1.641  
22102200 22102412   3.473  3.813  
22102900 22103112   2.350  2.736  
22110500 22110712   1.726  1.646  
22111200 22111412   0.086  0.695  
22111900 22112112   1.256  1.050  
22112600 22112812   1.431  1.485  
22120300 22120512   1.181  1.245  
22121000 22121212   1.837  1.557  
22121700 22121912   1.173  1.323  
22122400 22122612   3.674  3.444  
22123100 23010212   1.351  0.806  
23010700 23010912   1.713  1.706  
23011400 23011612   2.754  1.235  
23012100 23012312   0.766  2.237  
23012800 23013012   0.673  0.194  
23020400 23020612   2.719  1.120  
23021100 23021312   0.281  0.681  
23021800 23022012   3.199  2.573  
23022500 23022712   1.269  0.659  
23030400 23030612   1.053  0.979  
23031100 23031312   0.490  0.445  
23031800 23032012   2.430  1.217  
23032500 23032712   1.483  1.491  
23040100 23040312   0.714  0.628  
23040800 23041012   1.604  1.745  
23041500 23041712   1.457  1.707  
23042200 23042412   0.338  0.127  
23042900 23050112   1.206  1.747  
23050600 23050812   1.361  1.521  
23051300 23051512   1.002  0.755  
23052000 23052212   1.493  2.485  
23052700 23052912   0.859  2.880  
23060300 23060512   1.421  1.465  
23061000 23061212   1.193  1.029  
23061700 23061912   1.446  1.572  
23062400 23062612   3.270  3.429  
23070100 23070312   0.187  0.297  
23070800 23071012   2.383  2.472  
23071500 23071712   1.941  2.091  
23072200 23072412   0.231  0.113  
23072900 23073112   0.610  0.533  
23080500 23080712   1.531  1.500  
23081200 23081412   5.231  3.201  
23081900 23082112   0.613  0.306  
23082600 23082812   0.258  0.580  
23090200 23090412   0.327  0.526  
23090900 23091112   2.862  1.989  
23091600 23091812   1.505  1.712  
23092300 23092512   2.839  3.387  
23093000 23100212   0.664  0.885  
23100700 23100912   2.047  2.278  
23101400 23101612   1.678  1.574  
23102100 23102312   1.223  1.278  
23102800 23103012   0.932  1.327  
