22100100 22100312   2.608  4.280  
22100800 22101012   4.828  4.547  
22101500 22101712   7.928  7.350  
22102200 22102412   0.995  0.866  
22102900 22103112   10.003  12.589  
22110500 22110712   18.426  17.809  
22111200 22111412   4.414  4.122  
22111900 22112112   4.002  3.982  
22112600 22112812   34.239  35.191  
22120300 22120512   11.542  12.330  
22121000 22121212   9.127  8.051  
22121700 22121912   17.178  18.448  
23010700 23010912   8.813  10.974  
23011400 23011612   10.867  8.093  
23012100 23012312   3.092  2.803  
23012800 23013012   47.555  47.852  
23020400 23020612   15.151  19.133  
23021100 23021312   5.999  10.343  
23021800 23022012   0.917  1.828  
23022500 23022712   9.825  10.313  
23030400 23030612   18.760  21.510  
23031100 23031312   15.614  16.943  
23031800 23032012   0.915  0.375  
23032500 23032712   0.817  4.376  
23040100 23040312   12.544  7.236  
23040800 23041012   23.703  26.501  
23041500 23041712   9.407  10.425  
23042200 23042412   1.727  3.173  
23042900 23050112   13.168  14.078  
23050600 23050812   7.439  6.632  
23051300 23051512   6.469  5.514  
23052000 23052212   5.923  5.220  
23052700 23052912   5.980  3.616  
23060300 23060512   3.091  3.145  
23061000 23061212   1.521  3.623  
23061700 23061912   14.041  16.095  
23062400 23062612   0.861  1.142  
23070100 23070312   4.479  5.472  
23070800 23071012   7.104  6.949  
23071500 23071712   6.150  4.832  
23072200 23072412   6.654  6.595  
23072900 23073112   12.073  13.578  
23080500 23080712   12.009  11.725  
23081200 23081412   5.458  5.364  
23081900 23082112   1.154  2.153  
23082600 23082812   3.881  3.881  
23090200 23090412   9.448  11.167  
23090900 23091112   0.300  0.324  
23091600 23091812   12.679  13.426  
23092300 23092512   1.051  0.376  
23093000 23100212   12.049  11.879  
23100700 23100912   8.543  7.024  
23101400 23101612   1.232  2.321  
23102100 23102312   12.720  11.546  
23102800 23103012   11.509  12.468  
