22100100 22100312   2.284  0.153  
22100800 22101012   2.179  3.086  
22101500 22101712   1.295  1.309  
22102200 22102412   0.214  0.285  
22102900 22103112   2.636  2.444  
22110500 22110712   5.614  5.461  
22111200 22111412   0.249  0.146  
22111900 22112112   2.842  2.118  
22112600 22112812   2.964  3.443  
22120300 22120512   17.364  2.346  
22121000 22121212   6.402  2.808  
22121700 22121912   7.105  1.135  
22122400 22122612   2.521  1.387  
22123100 23010212   0.986  1.012  
23010700 23010912   0.335  0.304  
23011400 23011612   0.894  0.845  
23012100 23012312   2.689  1.034  
23012800 23013012   6.787  2.986  
23020400 23020612   0.627  0.542  
23021100 23021312   0.778  1.853  
23021800 23022012   1.699  2.027  
23022500 23022712   11.873  1.261  
23030400 23030612   4.099  2.033  
23031100 23031312   0.610  0.139  
23031800 23032012   0.953  0.542  
23032500 23032712   0.944  0.997  
23040100 23040312   2.312  2.367  
23040800 23041012   2.843  2.771  
23041500 23041712   2.071  2.263  
23042200 23042412   1.210  1.258  
23042900 23050112   4.805  4.700  
23050600 23050812   1.612  1.127  
23051300 23051512   2.999  3.337  
23052000 23052212   4.238  2.911  
23052700 23052912   1.268  3.310  
23060300 23060512   2.664  2.951  
23061000 23061212   5.628  8.240  
23061700 23061912   2.243  2.512  
23062400 23062612   2.747  2.995  
23070100 23070312   0.690  0.436  
23070800 23071012   0.257  0.497  
23071500 23071712   0.862  1.156  
23072200 23072412   2.018  2.111  
23072900 23073112   1.416  1.454  
23080500 23080712   1.390  1.335  
23081200 23081412   6.328  4.705  
23081900 23082112   2.621  2.885  
23082600 23082812   3.255  3.167  
23090200 23090412   1.412  1.519  
23090900 23091112   6.032  4.929  
23091600 23091812   0.407  0.470  
23092300 23092512   7.098  8.281  
23093000 23100212   1.248  0.919  
23100700 23100912   1.379  1.233  
23101400 23101612   1.634  1.679  
23102100 23102312   0.400  0.521  
23102800 23103012   1.874  0.743  
