22100100 22100312   3.894  1.893  
22100800 22101012   0.501  1.510  
22101500 22101712   0.836  0.826  
22102200 22102412   2.992  3.083  
22102900 22103112   0.264  0.138  
22110500 22110712   1.819  2.608  
22111200 22111412   0.630  1.187  
22111900 22112112   0.469  0.421  
22112600 22112812   1.244  1.198  
22120300 22120512   0.257  0.381  
22121000 22121212   2.413  2.086  
22121700 22121912   0.680  0.592  
22122400 22122612   3.110  2.856  
22123100 23010212   1.308  0.952  
23010700 23010912   2.070  1.991  
23011400 23011612   2.269  1.510  
23012100 23012312   0.605  1.667  
23012800 23013012   0.605  0.201  
23020400 23020612   1.186  0.277  
23021100 23021312   0.384  0.485  
23021800 23022012   1.306  0.925  
23022500 23022712   1.531  1.175  
23030400 23030612   0.992  0.874  
23031100 23031312   1.033  1.205  
23031800 23032012   4.188  2.939  
23032500 23032712   0.514  0.450  
23040100 23040312   2.121  2.284  
23040800 23041012   4.774  4.731  
23041500 23041712   3.148  3.491  
23042200 23042412   0.383  0.363  
23042900 23050112   0.748  1.080  
23050600 23050812   0.804  0.553  
23051300 23051512   4.088  4.004  
23052000 23052212   2.626  2.494  
23052700 23052912   0.721  3.234  
23060300 23060512   1.904  1.972  
23061000 23061212   0.940  1.423  
23061700 23061912   1.568  1.383  
23062400 23062612   1.418  1.527  
