22100100 22100312   1.807  0.299  
22100800 22101012   0.288  0.933  
22101500 22101712   1.034  1.152  
22102200 22102412   2.489  3.130  
22102900 22103112   0.803  1.192  
22110500 22110712   2.468  3.855  
22111200 22111412   0.937  0.727  
22111900 22112112   0.257  0.062  
22112600 22112812   0.400  0.340  
22120300 22120512   0.211  0.430  
22121000 22121212   2.678  2.291  
22121700 22121912   1.942  2.343  
22122400 22122612   5.479  5.524  
22123100 23010212   1.138  0.525  
23010700 23010912   0.879  1.156  
23011400 23011612   2.992  0.745  
23012100 23012312   0.609  1.939  
23012800 23013012   0.295  0.959  
23020400 23020612   1.447  0.316  
23021100 23021312   0.835  0.124  
23021800 23022012   1.342  0.504  
23022500 23022712   1.402  2.213  
23030400 23030612   1.609  1.644  
23031100 23031312   1.198  1.072  
23031800 23032012   4.707  3.299  
23032500 23032712   0.367  0.398  
23040100 23040312   2.530  2.498  
23040800 23041012   0.718  0.688  
23041500 23041712   0.958  1.138  
23042200 23042412   1.735  1.559  
23042900 23050112   3.838  4.658  
23050600 23050812   0.301  0.352  
23051300 23051512   6.067  5.606  
23052000 23052212   2.581  1.412  
23052700 23052912   1.161  1.225  
23060300 23060512   1.654  1.634  
23061000 23061212   2.697  1.470  
23061700 23061912   0.133  0.139  
23062400 23062612   3.457  4.071  
23070100 23070312   2.353  2.242  
23070800 23071012   0.246  0.150  
23071500 23071712   3.599  3.610  
23072200 23072412   0.447  0.420  
23072900 23073112   0.662  0.735  
23080500 23080712   5.051  5.353  
23081200 23081412   1.101  0.898  
23081900 23082112   1.923  2.164  
23082600 23082812   0.255  0.385  
23090200 23090412   1.727  1.829  
23090900 23091112   2.493  1.851  
23091600 23091812   1.642  1.925  
23092300 23092512   1.530  2.058  
23093000 23100212   1.237  1.589  
23100700 23100912   1.341  1.776  
23101400 23101612   1.731  1.564  
23102100 23102312   0.171  0.298  
23102800 23103012   1.187  1.849  
