22100100 22100312   3.604  1.566  
22100800 22101012   0.308  1.484  
22101500 22101712   1.542  1.741  
22102200 22102412   2.030  1.411  
22102900 22103112   0.733  0.425  
22110500 22110712   3.463  4.907  
22111200 22111412   1.643  1.578  
22111900 22112112   0.405  0.189  
22112600 22112812   0.238  0.201  
22120300 22120512   0.863  1.114  
22121000 22121212   2.809  2.492  
22121700 22121912   1.655  1.961  
22122400 22122612   4.767  4.781  
22123100 23010212   0.967  0.448  
23010700 23010912   0.843  1.064  
23011400 23011612   2.659  0.831  
23012100 23012312   0.403  0.865  
23012800 23013012   0.310  1.059  
23020400 23020612   1.133  0.480  
23021100 23021312   0.530  0.368  
23021800 23022012   0.803  0.093  
23022500 23022712   1.035  2.346  
23030400 23030612   1.825  1.841  
23031100 23031312   1.257  1.100  
23031800 23032012   4.172  2.673  
23032500 23032712   0.091  0.117  
23040100 23040312   1.804  1.779  
23040800 23041012   1.094  1.063  
23041500 23041712   0.551  0.768  
23042200 23042412   0.580  0.445  
23042900 23050112   1.548  1.067  
23050600 23050812   0.236  0.675  
23051300 23051512   4.840  4.434  
23052000 23052212   3.461  2.046  
23052700 23052912   2.318  0.259  
23060300 23060512   0.125  0.144  
23061000 23061212   1.403  2.621  
23061700 23061912   2.436  2.369  
23062400 23062612   2.475  3.047  
23070100 23070312   1.918  1.895  
23070800 23071012   0.243  0.340  
23071500 23071712   1.077  1.049  
23072200 23072412   0.947  1.002  
23072900 23073112   1.414  1.366  
23080500 23080712   4.129  4.396  
23081200 23081412   4.173  1.638  
23081900 23082112   0.639  0.771  
23082600 23082812   2.547  2.753  
23090200 23090412   1.929  1.893  
23090900 23091112   3.919  3.021  
23091600 23091812   2.724  2.922  
23092300 23092512   3.216  3.856  
23093000 23100212   1.466  1.813  
23100700 23100912   1.459  1.185  
23101400 23101612   2.837  2.707  
23102100 23102312   1.425  1.132  
23102800 23103012   1.484  0.762  
