22100100 22100312   3.778  1.689  
22100800 22101012   1.325  0.325  
22101500 22101712   2.708  2.908  
22102200 22102412   0.888  0.938  
22102900 22103112   2.472  2.604  
22110500 22110712   4.756  6.151  
22111200 22111412   0.574  0.407  
22111900 22112112   1.815  1.653  
22112600 22112812   3.563  3.548  
22120300 22120512   1.453  1.604  
22121000 22121212   3.650  3.296  
22121700 22121912   0.590  0.763  
22122400 22122612   2.728  2.625  
22123100 23010212   0.287  0.777  
23010700 23010912   0.196  0.038  
23011400 23011612   2.584  0.753  
23012100 23012312   0.887  1.942  
23012800 23013012   1.588  2.242  
23020400 23020612   2.191  1.123  
23021100 23021312   0.691  0.604  
23021800 23022012   2.171  1.723  
23022500 23022712   1.277  0.474  
23030400 23030612   1.900  2.044  
23031100 23031312   0.313  0.160  
23031800 23032012   2.523  1.628  
23032500 23032712   0.446  0.383  
23040100 23040312   0.322  0.378  
23040800 23041012   1.059  1.045  
23041500 23041712   0.872  0.920  
23042200 23042412   0.319  0.324  
23042900 23050112   4.074  4.141  
23050600 23050812   0.314  0.348  
23051300 23051512   4.441  4.151  
23052000 23052212   2.975  1.352  
23052700 23052912   0.239  2.034  
23060300 23060512   0.154  0.455  
23061000 23061212   1.548  3.771  
23061700 23061912   0.874  0.998  
23062400 23062612   5.305  5.703  
23070100 23070312   0.874  0.926  
23070800 23071012   3.930  3.982  
23071500 23071712   1.009  1.242  
23072200 23072412   1.147  1.231  
23072900 23073112   0.197  0.099  
23080500 23080712   1.538  1.754  
23081200 23081412   5.507  3.046  
23081900 23082112   0.846  0.966  
23082600 23082812   2.622  2.536  
23090200 23090412   0.701  0.498  
23090900 23091112   3.725  2.674  
23091600 23091812   3.455  3.390  
23092300 23092512   2.716  3.127  
23093000 23100212   0.995  1.255  
23100700 23100912   0.896  1.026  
23101400 23101612   1.823  2.027  
23102100 23102312   0.651  0.451  
23102800 23103012   0.589  0.159  
