23042900 23050112   0.001  0.001  
23050600 23050812   0.188  0.294  
23051300 23051512   0.000  0.000  
23052000 23052212   0.000  0.001  
23052700 23052912   0.004  0.006  
23060300 23060512   0.000  0.001  
23061000 23061212   0.447  0.583  
23061700 23061912   0.007  0.010  
23062400 23062612   0.002  0.002  
23070100 23070312   0.000  0.001  
23070800 23071012   0.005  0.028  
23071500 23071712   0.000  0.000  
23072200 23072412   0.038  0.039  
23072900 23073112   0.000  0.002  
23080500 23080712   0.001  0.001  
23081200 23081412   0.002  0.005  
23081900 23082112   0.000  0.001  
23082600 23082812   0.001  0.001  
23090200 23090412   0.000  0.000  
23090900 23091112   0.014  0.014  
23091600 23091812   0.098  0.098  
23092300 23092512   0.133  0.131  
23093000 23100212   0.000  0.000  
23100700 23100912   0.000  0.000  
23101400 23101612   0.484  0.499  
23102100 23102312   0.001  0.001  
23102800 23103012   0.000  0.000  
