22100100 22100312   0.001  0.001  
22100800 22101012   0.001  0.001  
22101500 22101712   0.027  0.028  
22102200 22102412   0.124  0.090  
22102900 22103112   0.309  0.473  
22110500 22110712   0.452  0.682  
22111200 22111412   0.000  0.001  
22111900 22112112   0.003  0.003  
22112600 22112812   0.087  0.134  
22120300 22120512   1.323  1.168  
22121000 22121212   1.523  1.434  
22121700 22121912   0.005  0.008  
22122400 22122612   0.236  0.359  
22123100 23010212   0.668  0.723  
23010700 23010912   2.944  2.907  
23011400 23011612   1.356  0.960  
23012100 23012312   0.050  0.130  
23012800 23013012   0.000  0.000  
23020400 23020612   1.022  1.207  
23021100 23021312   0.046  0.048  
23021800 23022012   0.025  0.053  
23022500 23022712   0.928  0.924  
23030400 23030612   0.420  0.601  
23031100 23031312   1.475  1.467  
23031800 23032012   0.001  0.003  
23032500 23032712   0.130  0.168  
23040100 23040312   0.113  0.163  
23040800 23041012   0.270  0.253  
23041500 23041712   1.902  1.955  
23042200 23042412   0.176  0.101  
23042900 23050112   0.004  0.004  
23050600 23050812   0.321  0.586  
23051300 23051512   0.000  0.000  
23052000 23052212   0.050  0.082  
23052700 23052912   0.431  0.403  
23060300 23060512   0.000  0.002  
23061000 23061212   0.039  0.103  
23061700 23061912   0.070  0.103  
23062400 23062612   0.190  0.526  
23070100 23070312   0.007  0.034  
23070800 23071012   0.120  0.218  
23071500 23071712   0.005  0.021  
23072200 23072412   0.166  0.178  
23072900 23073112   0.151  0.154  
23080500 23080712   0.269  0.419  
23081200 23081412   0.072  0.061  
23081900 23082112   0.000  0.001  
23082600 23082812   0.001  0.010  
23090200 23090412   0.001  0.001  
23090900 23091112   0.002  0.009  
23091600 23091812   0.001  0.002  
23092300 23092512   0.025  0.035  
23093000 23100212   0.003  0.007  
23100700 23100912   0.007  0.007  
23101400 23101612   4.083  4.025  
23102100 23102312   0.001  0.001  
23102800 23103012   0.000  0.000  
