22100100 22100312   4.973  3.199  
22100800 22101012   0.209  1.057  
22101500 22101712   1.404  1.308  
22102200 22102412   3.231  3.675  
22102900 22103112   0.083  0.438  
23031100 23031312   1.510  1.349  
23031800 23032012   1.189  0.276  
23032500 23032712   0.610  0.687  
23040100 23040312   2.585  2.601  
23040800 23041012   0.358  0.233  
23041500 23041712   0.218  0.436  
23042200 23042412   2.379  2.263  
23042900 23050112   5.550  5.860  
23050600 23050812   1.076  0.971  
23051300 23051512   6.060  5.783  
23052000 23052212   2.088  3.364  
23052700 23052912   0.713  1.241  
23060300 23060512   0.968  0.814  
23061000 23061212   4.662  3.230  
23061700 23061912   0.337  0.385  
23062400 23062612   4.973  5.241  
23070100 23070312   0.715  0.584  
23070800 23071012   0.964  1.015  
23071500 23071712   2.729  2.754  
23072200 23072412   0.849  0.901  
23072900 23073112   1.795  1.767  
23080500 23080712   3.000  3.144  
23081200 23081412   0.826  1.130  
23081900 23082112   1.954  2.253  
23082600 23082812   3.742  3.776  
23090200 23090412   4.205  4.476  
23090900 23091112   2.296  1.583  
23091600 23091812   2.046  2.468  
23092300 23092512   1.043  1.345  
23093000 23100212   5.994  6.274  
23100700 23100912   1.233  0.999  
23101400 23101612   1.083  0.908  
23102100 23102312   1.102  1.069  
23102800 23103012   0.655  1.290  
