22100100 22100312   2.088  2.084  
22100800 22101012   3.026  2.284  
22101500 22101712   0.904  1.333  
22102200 22102412   0.585  1.043  
22102900 22103112   5.844  3.748  
22110500 22110712   4.851  7.769  
22111200 22111412   0.161  0.038  
22111900 22112112   0.796  0.355  
22112600 22112812   4.664  5.882  
22120300 22120512   2.974  5.890  
22121000 22121212   15.250  16.693  
22121700 22121912   5.201  5.272  
22122400 22122612   2.714  2.331  
22123100 23010212   5.858  8.634  
23010700 23010912   13.748  16.711  
23011400 23011612   2.634  2.138  
23012100 23012312   1.017  1.165  
23012800 23013012   4.679  4.901  
23020400 23020612   11.539  16.740  
23021100 23021312   1.491  0.768  
23021800 23022012   2.583  2.629  
23022500 23022712   0.748  1.251  
23030400 23030612   3.462  3.764  
23031100 23031312   1.331  1.984  
23031800 23032012   2.618  2.918  
23032500 23032712   1.169  1.446  
23040100 23040312   9.438  13.238  
23040800 23041012   2.058  0.685  
23041500 23041712   1.100  0.474  
23042200 23042412   2.602  2.628  
23042900 23050112   4.804  5.378  
23050600 23050812   3.257  1.594  
23051300 23051512   2.453  2.999  
23052000 23052212   4.169  3.897  
23052700 23052912   1.536  0.806  
23060300 23060512   1.695  2.227  
23061000 23061212   4.529  4.403  
23061700 23061912   3.851  5.100  
23062400 23062612   2.802  1.782  
