22100100 22100312   4.250  5.269  
22100800 22101012   4.477  4.578  
22101500 22101712   1.883  1.819  
22102200 22102412   4.379  4.629  
22102900 22103112   9.934  10.079  
22110500 22110712   8.577  12.724  
22111200 22111412   0.500  1.510  
22111900 22112112   2.692  3.780  
22112600 22112812   12.883  13.672  
22120300 22120512   4.182  8.433  
22121000 22121212   11.518  13.312  
22121700 22121912   2.847  4.787  
22122400 22122612   7.799  7.717  
22123100 23010212   2.897  3.077  
23010700 23010912   0.890  3.860  
23012100 23012312   4.358  7.143  
23012800 23013012   8.603  6.159  
23020400 23020612   7.623  15.103  
23021100 23021312   1.871  0.811  
23021800 23022012   8.011  9.164  
23022500 23022712   5.520  6.610  
23030400 23030612   0.718  1.891  
23031100 23031312   8.350  9.354  
23031800 23032012   5.079  5.403  
23032500 23032712   9.694  10.647  
23040100 23040312   2.066  1.987  
23040800 23041012   5.686  7.997  
23041500 23041712   6.519  6.615  
23042200 23042412   2.277  3.293  
23042900 23050112   0.825  0.771  
23050600 23050812   0.663  0.377  
23051300 23051512   2.062  2.396  
23052000 23052212   2.485  3.093  
23052700 23052912   1.751  4.933  
23060300 23060512   4.256  5.264  
23061000 23061212   3.432  4.229  
23061700 23061912   1.210  0.797  
23062400 23062612   4.030  4.676  
23070100 23070312   0.806  0.874  
23070800 23071012   1.294  0.340  
23071500 23071712   2.134  1.455  
23072200 23072412   10.924  11.381  
23072900 23073112   5.480  7.531  
23080500 23080712   1.974  2.265  
23081200 23081412   6.134  7.256  
23081900 23082112   1.746  1.975  
23082600 23082812   0.963  0.893  
23090200 23090412   7.265  8.654  
23090900 23091112   4.491  4.703  
23091600 23091812   3.028  2.810  
23092300 23092512   1.962  3.841  
23093000 23100212   1.343  1.234  
23100700 23100912   2.212  3.496  
23101400 23101612   1.437  2.280  
23102100 23102312   3.294  3.038  
23102800 23103012   3.895  3.070  
