22100100 22100312   1.275  0.688  
22100800 22101012   3.291  2.704  
22101500 22101712   2.665  2.370  
22102200 22102412   1.024  1.977  
22102900 22103112   14.348  14.230  
22110500 22110712   1.032  4.719  
22111200 22111412   3.878  3.889  
22111900 22112112   1.566  2.008  
22112600 22112812   13.279  15.902  
22120300 22120512   11.642  15.340  
22121000 22121212   16.228  16.679  
22121700 22121912   0.877  0.311  
22122400 22122612   10.496  9.498  
22123100 23010212   2.741  3.883  
23010700 23010912   13.618  15.951  
23011400 23011612   5.267  4.754  
23012100 23012312   3.583  3.697  
23012800 23013012   1.431  2.044  
23020400 23020612   5.861  3.477  
23021100 23021312   2.366  1.573  
23021800 23022012   9.824  10.667  
23022500 23022712   1.534  0.613  
23030400 23030612   8.167  6.946  
23031100 23031312   13.127  14.408  
23031800 23032012   0.719  1.420  
23032500 23032712   2.534  3.798  
23040100 23040312   0.978  5.459  
23040800 23041012   12.370  14.272  
23041500 23041712   3.440  3.748  
23042200 23042412   3.944  2.725  
23042900 23050112   11.725  12.963  
23050600 23050812   5.528  6.952  
23051300 23051512   1.770  1.502  
23052000 23052212   3.471  3.720  
23052700 23052912   2.190  4.492  
23060300 23060512   1.852  1.645  
23061000 23061212   4.558  4.576  
23061700 23061912   12.781  13.310  
23062400 23062612   10.456  10.307  
23070100 23070312   7.794  7.382  
23070800 23071012   6.978  6.966  
23071500 23071712   3.823  3.291  
23072200 23072412   5.321  5.546  
23072900 23073112   10.920  11.752  
23080500 23080712   0.787  0.362  
23081200 23081412   0.623  1.493  
23081900 23082112   6.578  6.632  
23082600 23082812   4.210  4.291  
23090200 23090412   6.805  6.555  
23090900 23091112   2.447  3.407  
23091600 23091812   2.936  2.567  
23092300 23092512   5.254  7.369  
23093000 23100212   1.203  0.916  
23100700 23100912   0.641  0.991  
23101400 23101612   4.139  4.531  
23102100 23102312   0.851  2.389  
23102800 23103012   1.423  1.771  
