22100100 22100312   2.387  0.691  
22100800 22101012   0.174  1.041  
22101500 22101712   0.836  1.006  
22102200 22102412   0.637  0.328  
22102900 22103112   0.292  0.259  
22110500 22110712   2.837  4.273  
22111200 22111412   0.796  0.821  
22111900 22112112   0.877  0.676  
22112600 22112812   0.185  0.123  
22120300 22120512   0.209  0.121  
22121000 22121212   2.709  2.358  
22121700 22121912   1.869  2.215  
22122400 22122612   4.806  4.745  
22123100 23010212   1.332  0.781  
23010700 23010912   0.900  1.184  
23011400 23011612   2.697  0.781  
23012100 23012312   0.165  1.007  
23012800 23013012   0.529  1.313  
23020400 23020612   1.129  0.486  
23021100 23021312   1.367  0.693  
23021800 23022012   1.817  1.062  
23022500 23022712   0.869  2.024  
23030400 23030612   1.498  1.518  
23031100 23031312   1.185  1.028  
23031800 23032012   4.453  2.965  
23032500 23032712   0.594  0.695  
23040100 23040312   2.474  2.395  
23040800 23041012   0.831  0.816  
23041500 23041712   0.413  0.640  
23042200 23042412   0.985  0.840  
23042900 23050112   2.554  3.390  
23050600 23050812   1.075  0.555  
23051300 23051512   7.484  6.934  
23052000 23052212   2.805  1.629  
23052700 23052912   0.399  2.025  
23060300 23060512   1.439  1.441  
23061000 23061212   2.355  1.131  
23061700 23061912   0.244  0.183  
23062400 23062612   4.497  5.183  
23070100 23070312   2.157  2.098  
23070800 23071012   0.770  0.875  
23071500 23071712   2.417  2.428  
23072200 23072412   1.048  1.094  
23072900 23073112   0.182  0.142  
23080500 23080712   5.752  6.053  
23081200 23081412   2.437  0.564  
23081900 23082112   2.866  3.053  
23082600 23082812   0.362  0.487  
23090200 23090412   2.929  3.000  
23090900 23091112   3.856  3.228  
23091600 23091812   1.766  2.062  
23092300 23092512   2.268  2.821  
23093000 23100212   1.939  2.313  
23100700 23100912   0.166  0.692  
23101400 23101612   2.085  1.916  
23102100 23102312   0.576  0.338  
23102800 23103012   0.763  0.116  
