22100100 22100312   2.447  2.091  
22100800 22101012   2.614  2.195  
22101500 22101712   2.580  4.349  
22102200 22102412   0.519  1.074  
22102900 22103112   1.757  2.429  
22110500 22110712   1.883  5.542  
22111200 22111412   0.392  1.179  
22111900 22112112   0.395  0.861  
22112600 22112812   5.981  5.291  
22120300 22120512   7.613  6.935  
22121000 22121212   0.883  1.050  
22121700 22121912   1.691  2.731  
22122400 22122612   0.599  1.470  
22123100 23010212   2.209  4.947  
23010700 23010912   8.346  9.409  
23011400 23011612   4.466  3.701  
23012100 23012312   2.423  2.750  
23012800 23013012   14.943  15.820  
23020400 23020612   2.695  8.818  
23021100 23021312   1.225  1.776  
23021800 23022012   1.440  2.785  
23022500 23022712   11.509  12.887  
23030400 23030612   1.994  3.669  
23031100 23031312   7.430  7.661  
23031800 23032012   0.518  0.612  
23032500 23032712   3.118  4.747  
23040100 23040312   2.738  2.580  
23040800 23041012   1.046  0.463  
23041500 23041712   8.150  8.449  
23042200 23042412   5.058  6.324  
23042900 23050112   0.873  3.204  
23050600 23050812   1.347  1.420  
23051300 23051512   6.251  7.689  
23052000 23052212   1.969  2.031  
23052700 23052912   1.689  3.060  
23060300 23060512   1.971  2.095  
23061000 23061212   4.619  5.134  
23061700 23061912   1.617  1.546  
23062400 23062612   2.495  2.410  
