22100100 22100312   1.020  0.446  
22100800 22101012   3.418  2.701  
22101500 22101712   2.471  2.251  
22102200 22102412   1.361  1.688  
22102900 22103112   2.107  3.673  
22110500 22110712   9.418  12.918  
22111200 22111412   0.303  0.420  
22111900 22112112   0.806  0.630  
22112600 22112812   2.435  1.709  
22120300 22120512   8.845  9.606  
22121000 22121212   15.868  15.147  
22121700 22121912   0.078  0.084  
22122400 22122612   2.463  1.877  
22123100 23010212   5.776  5.267  
23010700 23010912   11.850  12.391  
23011400 23011612   2.604  2.307  
23012100 23012312   0.187  0.234  
23012800 23013012   1.653  2.148  
23020400 23020612   12.936  15.958  
23021100 23021312   1.040  0.491  
23021800 23022012   4.057  4.270  
23022500 23022712   3.169  3.179  
23030400 23030612   2.208  1.097  
23031100 23031312   4.909  5.435  
23031800 23032012   5.103  5.408  
23032500 23032712   1.139  4.534  
23040100 23040312   4.802  9.125  
23040800 23041012   8.182  5.364  
23041500 23041712   1.486  0.958  
23042200 23042412   3.252  3.344  
23042900 23050112   6.209  7.273  
23050600 23050812   4.152  4.411  
23051300 23051512   3.681  4.050  
23052000 23052212   8.128  7.520  
23052700 23052912   3.103  6.172  
23060300 23060512   3.915  4.813  
23061000 23061212   2.156  2.522  
23061700 23061912   5.615  3.259  
23062400 23062612   7.073  6.977  
23070100 23070312   8.901  8.861  
23070800 23071012   5.734  6.432  
23071500 23071712   4.827  5.355  
23072200 23072412   6.447  6.107  
23072900 23073112   9.078  10.669  
23080500 23080712   2.563  2.841  
23081200 23081412   0.762  1.052  
23081900 23082112   1.196  0.957  
23082600 23082812   4.304  4.289  
23090200 23090412   7.715  8.315  
23090900 23091112   2.973  2.858  
23091600 23091812   1.732  1.381  
23092300 23092512   1.478  2.455  
23093000 23100212   5.289  5.188  
23100700 23100912   0.918  0.174  
23101400 23101612   1.784  3.816  
23102100 23102312   3.446  1.871  
23102800 23103012   0.366  0.517  
