22100100 22100312   4.402  2.597  
22100800 22101012   1.323  2.336  
22101500 22101712   2.672  2.671  
22102200 22102412   0.618  0.864  
22102900 22103112   2.398  2.508  
22110500 22110712   4.707  5.708  
22111200 22111412   1.866  2.430  
22111900 22112112   1.953  1.693  
22112600 22112812   1.820  1.731  
22120300 22120512   2.118  0.877  
22121000 22121212   1.995  1.664  
22121700 22121912   0.296  0.874  
22122400 22122612   5.172  5.219  
22123100 23010212   1.933  1.342  
23010700 23010912   1.114  1.333  
23011400 23011612   2.252  1.094  
23012100 23012312   1.592  2.116  
23012800 23013012   0.896  1.075  
23020400 23020612   0.352  1.064  
23021100 23021312   0.263  0.787  
23021800 23022012   1.469  1.173  
23022500 23022712   0.474  2.814  
23030400 23030612   1.874  1.796  
23031100 23031312   0.859  1.003  
23031800 23032012   4.642  3.339  
23032500 23032712   0.339  0.146  
23040100 23040312   0.557  0.586  
23040800 23041012   3.375  3.254  
23041500 23041712   2.777  3.038  
23042200 23042412   1.466  1.611  
23042900 23050112   1.312  2.077  
23050600 23050812   1.885  1.705  
23051300 23051512   5.197  5.141  
23052000 23052212   2.841  2.246  
23052700 23052912   0.634  3.083  
23060300 23060512   2.711  2.737  
23061000 23061212   0.494  1.321  
23061700 23061912   1.711  1.788  
23062400 23062612   1.015  1.137  
