22100100 22100312   0.000  0.001  
22100800 22101012   0.000  0.000  
22101500 22101712   0.000  0.000  
22102200 22102412   0.136  0.197  
22102900 22103112   0.072  0.077  
22110500 22110712   0.231  0.447  
22111200 22111412   0.000  0.000  
22111900 22112112   0.000  0.000  
22112600 22112812   0.161  0.176  
22120300 22120512   0.112  0.085  
22121000 22121212   0.228  0.119  
22121700 22121912   0.010  0.009  
22122400 22122612   0.740  0.967  
22123100 23010212   0.359  0.613  
23010700 23010912   0.676  0.512  
23011400 23011612   0.618  0.661  
23012100 23012312   0.009  0.034  
23012800 23013012   0.000  0.002  
23020400 23020612   0.246  0.752  
23021100 23021312   0.077  0.163  
23021800 23022012   0.001  0.006  
23022500 23022712   0.205  0.206  
23030400 23030612   0.438  0.405  
23031100 23031312   0.020  0.035  
23031800 23032012   0.000  0.000  
23032500 23032712   0.031  0.124  
23040100 23040312   0.702  1.122  
23040800 23041012   0.108  0.162  
23041500 23041712   1.584  1.577  
23042200 23042412   3.393  3.630  
23042900 23050112   0.000  0.000  
23050600 23050812   0.213  0.430  
23051300 23051512   0.000  0.000  
23052000 23052212   0.003  0.004  
23052700 23052912   0.000  0.006  
23060300 23060512   0.000  0.000  
23061000 23061212   0.394  0.458  
23061700 23061912   0.021  0.052  
23062400 23062612   0.004  0.019  
