22100100 22100312   3.467  1.409  
22100800 22101012   0.516  1.634  
22101500 22101712   1.663  1.860  
22102200 22102412   1.944  1.318  
22102900 22103112   0.604  0.279  
22110500 22110712   3.820  5.243  
22111200 22111412   1.737  1.713  
22111900 22112112   0.632  0.412  
22112600 22112812   0.199  0.212  
22120300 22120512   1.169  1.419  
22121000 22121212   2.536  2.236  
22121700 22121912   1.971  2.284  
22122400 22122612   4.657  4.667  
22123100 23010212   0.930  0.429  
23010700 23010912   1.049  1.274  
23011400 23011612   2.726  0.799  
23012100 23012312   0.235  1.031  
23012800 23013012   0.521  0.597  
23020400 23020612   1.444  0.160  
23021100 23021312   0.225  0.666  
23021800 23022012   0.780  0.074  
23022500 23022712   1.134  2.502  
23030400 23030612   1.734  1.749  
23031100 23031312   1.320  1.157  
23031800 23032012   3.953  2.454  
23032500 23032712   0.253  0.231  
23040100 23040312   2.109  2.085  
23040800 23041012   1.302  1.266  
23041500 23041712   0.616  0.831  
23042200 23042412   0.731  0.606  
23042900 23050112   1.763  1.284  
23050600 23050812   0.190  0.549  
23051300 23051512   4.611  4.225  
23052000 23052212   3.701  2.290  
23052700 23052912   2.579  0.255  
23060300 23060512   0.162  0.241  
23061000 23061212   1.345  2.576  
23061700 23061912   2.230  2.167  
23062400 23062612   2.382  2.959  
23070100 23070312   1.701  1.674  
23070800 23071012   0.180  0.226  
23071500 23071712   0.771  0.745  
23072200 23072412   1.057  1.119  
23072900 23073112   1.073  1.067  
23080500 23080712   4.540  4.826  
23081200 23081412   3.732  1.199  
23081900 23082112   0.857  0.993  
23082600 23082812   2.311  2.507  
23090200 23090412   1.609  1.579  
23090900 23091112   3.889  2.946  
23091600 23091812   2.477  2.693  
23092300 23092512   3.560  4.211  
23093000 23100212   1.201  1.552  
23100700 23100912   1.979  1.701  
23101400 23101612   3.222  3.090  
23102100 23102312   1.147  0.848  
23102800 23103012   1.939  1.210  
