22100100 22100312   2.685  3.386  
22100800 22101012   0.841  0.427  
22101500 22101712   1.892  2.968  
22102200 22102412   1.189  0.299  
22102900 22103112   5.439  4.742  
22110500 22110712   6.793  10.448  
22111200 22111412   0.480  0.710  
22111900 22112112   0.718  1.071  
22112600 22112812   15.794  17.130  
22120300 22120512   7.327  8.609  
22121000 22121212   7.034  7.333  
22121700 22121912   4.536  5.340  
22122400 22122612   1.673  0.780  
22123100 23010212   5.374  7.921  
23010700 23010912   4.042  5.733  
23011400 23011612   5.115  3.744  
23012100 23012312   4.192  4.674  
23012800 23013012   6.361  7.582  
23020400 23020612   4.298  10.845  
23021100 23021312   1.678  4.445  
23021800 23022012   1.394  0.397  
23022500 23022712   6.928  8.181  
23030400 23030612   5.528  6.666  
23031100 23031312   4.532  4.815  
23031800 23032012   1.488  1.742  
23032500 23032712   4.485  6.173  
23040100 23040312   5.024  10.970  
23040800 23041012   4.015  1.737  
23041500 23041712   5.338  5.702  
23042200 23042412   6.976  8.594  
23042900 23050112   3.103  4.966  
23050600 23050812   0.672  0.958  
23051300 23051512   2.841  1.606  
23052000 23052212   3.732  3.288  
23052700 23052912   0.907  1.283  
23060300 23060512   3.134  3.288  
23061000 23061212   1.576  2.281  
23061700 23061912   7.254  10.068  
23062400 23062612   1.855  1.526  
