22100100 22100312   1.217  0.346  
22100800 22101012   2.127  1.911  
22101500 22101712   12.601  12.753  
22102200 22102412   1.737  3.233  
22102900 22103112   5.580  7.246  
22110500 22110712   20.109  19.513  
22111200 22111412   2.104  5.733  
22111900 22112112   2.040  1.966  
22112600 22112812   23.476  22.160  
22120300 22120512   4.513  7.923  
22121000 22121212   33.197  28.507  
22121700 22121912   0.959  1.299  
22122400 22122612   5.473  4.203  
22123100 23010212   10.640  10.476  
23010700 23010912   13.573  14.177  
23011400 23011612   10.639  8.753  
23012100 23012312   7.427  6.914  
23012800 23013012   32.877  33.571  
23020400 23020612   11.142  7.475  
23021100 23021312   16.080  21.097  
23021800 23022012   6.990  8.484  
23022500 23022712   7.503  6.851  
23030400 23030612   32.167  35.828  
23031100 23031312   8.247  7.567  
23031800 23032012   14.542  13.346  
23032500 23032712   5.256  11.341  
23040100 23040312   3.203  6.147  
23040800 23041012   27.084  27.181  
23041500 23041712   8.661  8.835  
23042200 23042412   14.065  14.945  
23042900 23050112   1.519  2.075  
23050600 23050812   2.249  2.357  
23051300 23051512   19.909  19.978  
23052000 23052212   7.910  6.448  
23052700 23052912   3.654  2.135  
23060300 23060512   5.524  4.987  
23061000 23061212   5.824  8.666  
23061700 23061912   10.336  8.168  
23062400 23062612   0.374  1.129  
23070100 23070312   3.138  1.144  
23070800 23071012   9.263  8.615  
23071500 23071712   0.857  1.427  
23072200 23072412   0.686  0.780  
23072900 23073112   5.202  4.580  
23080500 23080712   3.188  3.004  
23081200 23081412   2.675  1.979  
23081900 23082112   1.131  0.707  
23082600 23082812   7.413  6.369  
23090200 23090412   1.337  1.140  
23090900 23091112   8.023  8.445  
23091600 23091812   1.885  2.387  
23092300 23092512   1.964  0.417  
23093000 23100212   2.661  3.800  
23100700 23100912   1.854  2.026  
23101400 23101612   6.386  9.320  
23102100 23102312   2.400  3.720  
23102800 23103012   3.939  2.493  
