22100100 22100312   0.000  0.001  
22100800 22101012   0.000  0.000  
22101500 22101712   0.000  0.000  
22102200 22102412   0.221  0.222  
22102900 22103112   0.040  0.039  
22110500 22110712   0.143  0.224  
22111200 22111412   0.000  0.001  
22111900 22112112   0.001  0.001  
22112600 22112812   0.016  0.010  
22120300 22120512   0.642  0.540  
22121000 22121212   1.032  0.706  
22121700 22121912   0.003  0.006  
22122400 22122612   0.070  0.212  
22123100 23010212   0.113  0.205  
23010700 23010912   0.803  0.738  
23011400 23011612   0.452  0.345  
23012100 23012312   0.010  0.031  
23012800 23013012   0.004  0.003  
23020400 23020612   0.108  0.160  
23021100 23021312   0.088  0.081  
23021800 23022012   0.012  0.020  
23022500 23022712   0.025  0.026  
23030400 23030612   0.123  0.074  
23031100 23031312   0.055  0.082  
23031800 23032012   0.000  0.000  
23032500 23032712   0.583  0.506  
23040100 23040312   0.268  0.370  
23040800 23041012   0.220  0.189  
23041500 23041712   0.016  0.028  
23042200 23042412   0.495  0.763  
23042900 23050112   0.000  0.000  
23050600 23050812   0.117  0.266  
23051300 23051512   0.000  0.000  
23052000 23052212   0.001  0.002  
23052700 23052912   0.063  0.100  
23060300 23060512   0.001  0.001  
23061000 23061212   0.303  0.321  
23061700 23061912   0.014  0.010  
23062400 23062612   0.041  0.105  
23070100 23070312   0.001  0.002  
23070800 23071012   0.003  0.024  
23071500 23071712   0.000  0.000  
23072200 23072412   0.001  0.003  
23072900 23073112   0.010  0.033  
23080500 23080712   0.001  0.011  
23081200 23081412   0.001  0.002  
23081900 23082112   0.000  0.000  
23082600 23082812   0.000  0.000  
23090200 23090412   0.002  0.002  
23090900 23091112   0.000  0.001  
23091600 23091812   0.000  0.000  
23092300 23092512   0.016  0.012  
23093000 23100212   0.000  0.001  
23100700 23100912   0.000  0.000  
23101400 23101612   0.273  0.260  
23102100 23102312   0.000  0.000  
23102800 23103012   0.000  0.000  
