22100100 22100312   5.132  3.057  
22100800 22101012   0.701  1.688  
22101500 22101712   0.877  0.707  
22102200 22102412   1.024  1.289  
22102900 22103112   2.046  2.003  
22110500 22110712   3.628  5.329  
22111200 22111412   0.575  1.208  
22111900 22112112   1.312  1.194  
22112600 22112812   1.683  1.641  
22120300 22120512   1.477  0.982  
22121000 22121212   0.934  0.733  
22121700 22121912   0.368  0.397  
22122400 22122612   5.523  5.479  
22123100 23010212   3.499  2.939  
23010700 23010912   1.441  1.431  
23011400 23011612   2.662  0.642  
23012100 23012312   0.537  1.241  
23012800 23013012   0.963  1.190  
23020400 23020612   0.617  1.943  
23021100 23021312   1.352  0.617  
23021800 23022012   1.467  0.861  
23022500 23022712   0.513  1.518  
23030400 23030612   2.327  2.149  
23031100 23031312   0.863  0.766  
23031800 23032012   4.877  3.735  
23032500 23032712   0.308  0.742  
23040100 23040312   1.107  1.193  
23040800 23041012   2.333  2.499  
23041500 23041712   2.838  2.942  
23042200 23042412   0.542  0.711  
23042900 23050112   1.842  2.067  
23050600 23050812   2.275  2.003  
23051300 23051512   4.512  4.674  
23052000 23052212   2.343  3.142  
23052700 23052912   1.045  3.346  
23060300 23060512   2.179  2.126  
23061000 23061212   1.783  0.301  
23061700 23061912   1.043  1.300  
23062400 23062612   1.136  1.263  
