22100100 22100312   1.640  1.692  
22100800 22101012   0.484  0.608  
22101500 22101712   8.502  8.241  
22102200 22102412   4.206  3.805  
22102900 22103112   1.431  4.263  
22110500 22110712   8.902  10.726  
22111200 22111412   2.741  1.855  
22111900 22112112   1.228  1.126  
22112600 22112812   2.326  2.596  
22120300 22120512   5.686  9.197  
22121000 22121212   6.240  8.811  
22121700 22121912   3.047  3.329  
22122400 22122612   2.364  0.214  
22123100 23010212   8.842  10.794  
23010700 23010912   4.934  9.990  
23011400 23011612   1.689  2.313  
23012100 23012312   1.513  1.428  
23012800 23013012   2.591  2.533  
23020400 23020612   3.424  9.451  
23021100 23021312   6.095  5.520  
23021800 23022012   0.384  0.767  
23022500 23022712   8.338  8.404  
23030400 23030612   0.906  1.143  
23031100 23031312   4.101  2.477  
23031800 23032012   1.996  2.680  
23032500 23032712   2.953  0.600  
23040100 23040312   11.723  14.617  
23040800 23041012   5.877  4.930  
23041500 23041712   6.206  6.208  
23042200 23042412   8.728  9.607  
23042900 23050112   1.888  2.702  
23050600 23050812   1.346  0.857  
23051300 23051512   6.969  8.466  
23052000 23052212   1.950  1.277  
23052700 23052912   0.885  2.086  
23060300 23060512   2.724  1.997  
23061000 23061212   2.332  2.489  
23061700 23061912   3.642  3.301  
23062400 23062612   1.159  0.105  
23070100 23070312   0.954  1.549  
23070800 23071012   4.764  5.238  
23071500 23071712   0.619  1.027  
23072200 23072412   3.606  3.590  
23072900 23073112   0.311  0.754  
23080500 23080712   9.876  10.026  
23081200 23081412   0.753  2.090  
23081900 23082112   0.581  0.929  
23082600 23082812   9.242  9.534  
23090200 23090412   4.585  3.799  
23090900 23091112   3.902  3.862  
23091600 23091812   3.224  4.473  
23092300 23092512   1.796  3.905  
23093000 23100212   1.682  0.288  
23100700 23100912   1.175  2.261  
23101400 23101612   6.684  7.071  
23102100 23102312   1.599  0.530  
23102800 23103012   0.262  1.023  
