22100100 22100312   0.000  0.001  
22100800 22101012   0.000  0.000  
22101500 22101712   0.000  0.000  
22102200 22102412   0.649  0.520  
22102900 22103112   0.162  0.179  
22110500 22110712   0.951  1.310  
22111200 22111412   0.000  0.000  
22111900 22112112   0.000  0.000  
22112600 22112812   0.096  0.049  
22120300 22120512   0.668  0.685  
22121000 22121212   0.557  0.496  
22121700 22121912   0.012  0.013  
22122400 22122612   0.252  0.344  
22123100 23010212   0.411  0.547  
23010700 23010912   0.371  0.366  
23011400 23011612   0.325  0.358  
23012100 23012312   0.563  0.543  
23012800 23013012   0.000  0.000  
23020400 23020612   0.470  0.529  
23021100 23021312   0.097  0.123  
23021800 23022012   0.003  0.016  
23022500 23022712   0.028  0.029  
23030400 23030612   0.469  0.374  
23031100 23031312   0.031  0.030  
23031800 23032012   0.000  0.000  
23032500 23032712   0.082  0.088  
23040100 23040312   0.533  0.683  
23040800 23041012   0.032  0.037  
23041500 23041712   0.003  0.007  
23042200 23042412   0.238  0.441  
23042900 23050112   0.000  0.000  
23050600 23050812   0.054  0.235  
23051300 23051512   0.000  0.000  
23052000 23052212   0.001  0.003  
23052700 23052912   0.001  0.022  
23060300 23060512   0.000  0.000  
23061000 23061212   0.137  0.253  
23061700 23061912   0.012  0.027  
23062400 23062612   0.000  0.016  
23070100 23070312   0.000  0.002  
23070800 23071012   0.000  0.002  
23071500 23071712   0.000  0.001  
23072200 23072412   0.005  0.004  
23072900 23073112   0.000  0.002  
23080500 23080712   0.000  0.003  
23081200 23081412   0.000  0.001  
23081900 23082112   0.000  0.000  
23082600 23082812   0.003  0.002  
23090200 23090412   0.000  0.000  
23090900 23091112   0.000  0.001  
23091600 23091812   0.000  0.000  
23092300 23092512   0.008  0.008  
23093000 23100212   0.000  0.002  
23100700 23100912   0.000  0.000  
23101400 23101612   1.165  1.122  
23102100 23102312   0.000  0.000  
23102800 23103012   0.000  0.000  
