22100100 22100312   0.000  0.001  
22100800 22101012   0.000  0.000  
22101500 22101712   0.000  0.000  
22102200 22102412   0.088  0.121  
22102900 22103112   0.048  0.043  
22110500 22110712   0.113  0.232  
22111200 22111412   0.000  0.000  
22111900 22112112   0.000  0.001  
22112600 22112812   0.013  0.009  
22120300 22120512   0.052  0.055  
22121000 22121212   0.610  0.411  
22121700 22121912   0.007  0.005  
22122400 22122612   0.673  0.786  
22123100 23010212   0.109  0.192  
23010700 23010912   0.529  0.448  
23011400 23011612   0.435  0.445  
23012100 23012312   0.009  0.014  
23012800 23013012   0.007  0.003  
23020400 23020612   0.105  0.292  
23021100 23021312   0.016  0.077  
23021800 23022012   0.000  0.002  
23022500 23022712   0.016  0.017  
23030400 23030612   0.301  0.421  
23031100 23031312   0.020  0.024  
23031800 23032012   0.000  0.000  
23032500 23032712   0.054  0.074  
23040100 23040312   0.452  0.630  
23040800 23041012   0.367  0.320  
23041500 23041712   0.394  0.395  
23042200 23042412   1.486  1.619  
23042900 23050112   0.000  0.000  
23050600 23050812   0.185  0.400  
23051300 23051512   0.000  0.000  
23052000 23052212   0.000  0.001  
23052700 23052912   0.000  0.005  
23060300 23060512   0.000  0.000  
23061000 23061212   0.307  0.541  
23061700 23061912   0.007  0.022  
23062400 23062612   0.003  0.015  
