22100100 22100312   3.211  1.236  
22100800 22101012   1.682  2.894  
22101500 22101712   2.279  2.481  
22102200 22102412   1.525  1.992  
22102900 22103112   1.225  1.359  
22110500 22110712   4.212  5.314  
22111200 22111412   0.446  0.765  
22111900 22112112   1.494  1.285  
22112600 22112812   3.292  3.230  
22120300 22120512   2.338  1.956  
22121000 22121212   3.287  3.019  
22121700 22121912   0.775  0.839  
22122400 22122612   4.720  4.149  
22123100 23010212   0.532  1.164  
23010700 23010912   1.077  1.296  
23011400 23011612   2.154  1.119  
23012100 23012312   1.168  2.385  
23012800 23013012   0.670  0.473  
23020400 23020612   3.123  1.850  
23021100 23021312   0.388  0.834  
23021800 23022012   3.165  2.681  
23022500 23022712   1.340  0.104  
23030400 23030612   0.307  0.155  
23031100 23031312   0.498  0.803  
23031800 23032012   4.302  3.246  
23032500 23032712   0.887  1.111  
23040100 23040312   0.658  0.730  
23040800 23041012   1.369  1.323  
23041500 23041712   0.723  0.719  
23042200 23042412   0.539  0.587  
23042900 23050112   1.511  1.132  
23050600 23050812   0.535  0.770  
23051300 23051512   3.907  3.854  
23052000 23052212   3.323  1.681  
23052700 23052912   0.584  1.696  
23060300 23060512   1.061  1.340  
23061000 23061212   2.435  4.850  
23061700 23061912   4.220  4.528  
23062400 23062612   2.066  2.530  
23070100 23070312   0.462  0.274  
23070800 23071012   2.022  2.324  
23071500 23071712   1.705  1.927  
23072200 23072412   1.539  1.388  
23072900 23073112   1.245  1.452  
23080500 23080712   1.000  0.832  
23081200 23081412   5.151  2.820  
23081900 23082112   0.293  0.501  
23082600 23082812   2.210  1.945  
23090200 23090412   0.490  0.602  
23090900 23091112   5.349  4.328  
23091600 23091812   2.723  2.938  
23092300 23092512   4.822  5.439  
23093000 23100212   1.016  1.194  
23100700 23100912   2.169  2.136  
23101400 23101612   1.847  1.976  
23102100 23102312   1.140  1.020  
23102800 23103012   0.155  0.553  
