22100100 22100312   1.377  0.972  
22100800 22101012   5.251  6.004  
22101500 22101712   1.005  1.305  
22102200 22102412   3.046  11.375  
22102900 22103112   4.001  9.772  
22110500 22110712   2.232  1.995  
22111200 22111412   0.709  0.729  
22111900 22112112   3.560  3.180  
22112600 22112812   2.616  4.514  
22120300 22120512   6.431  0.531  
22121000 22121212   1.591  0.830  
22121700 22121912   2.296  1.116  
22122400 22122612   2.540  2.839  
22123100 23010212   1.277  1.710  
23010700 23010912   1.349  1.308  
23011400 23011612   1.863  0.952  
23012100 23012312   0.705  0.086  
23012800 23013012   0.742  0.633  
23020400 23020612   2.208  3.266  
23021100 23021312   1.826  1.836  
23021800 23022012   0.977  1.113  
23022500 23022712   3.873  3.269  
23030400 23030612   0.449  0.446  
23031100 23031312   1.944  2.047  
23031800 23032012   4.881  5.641  
23032500 23032712   1.865  2.711  
23040100 23040312   2.537  2.573  
23040800 23041012   1.348  1.390  
23041500 23041712   1.319  1.554  
23042200 23042412   2.494  2.330  
23042900 23050112   10.157  10.149  
23050600 23050812   4.545  4.343  
23051300 23051512   3.756  3.575  
23052000 23052212   4.012  2.517  
23052700 23052912   6.288  3.903  
23060300 23060512   4.363  4.360  
23061000 23061212   1.770  0.560  
23061700 23061912   1.021  0.907  
23062400 23062612   3.422  3.840  
23070100 23070312   1.495  1.562  
23070800 23071012   2.519  2.609  
23071500 23071712   0.439  0.584  
23072200 23072412   2.585  2.541  
23072900 23073112   5.810  6.027  
23080500 23080712   5.874  5.730  
23081200 23081412   0.379  2.125  
23081900 23082112   1.946  2.172  
23082600 23082812   2.517  2.913  
23090200 23090412   0.774  0.734  
23090900 23091112   0.365  1.285  
23091600 23091812   2.738  2.681  
23092300 23092512   3.185  4.334  
23093000 23100212   0.925  1.346  
23100700 23100912   7.231  7.124  
23101400 23101612   0.759  0.791  
23102100 23102312   0.369  0.428  
23102800 23103012   2.120  1.735  
