22100100 22100312   4.370  2.083  
22100800 22101012   1.959  2.904  
22101500 22101712   3.066  3.225  
22102200 22102412   1.055  1.431  
22102900 22103112   1.263  0.887  
22110500 22110712   5.503  6.544  
22111200 22111412   2.177  1.638  
22111900 22112112   0.580  0.319  
22112600 22112812   0.516  1.143  
22120300 22120512   1.216  0.177  
22121000 22121212   0.848  1.387  
22121700 22121912   4.891  4.794  
22122400 22122612   1.744  1.966  
22123100 23010212   2.245  2.958  
23010700 23010912   1.227  1.697  
23011400 23011612   2.598  0.837  
23012100 23012312   0.306  1.337  
23012800 23013012   5.155  5.566  
23020400 23020612   3.058  2.018  
23021100 23021312   2.249  1.870  
23021800 23022012   5.018  4.375  
23022500 23022712   2.882  4.891  
23030400 23030612   3.145  2.711  
23031100 23031312   2.236  2.682  
23031800 23032012   2.375  1.720  
23032500 23032712   0.770  1.092  
23040100 23040312   3.108  3.148  
23040800 23041012   0.680  0.582  
23041500 23041712   3.779  3.908  
23042200 23042412   1.606  1.465  
23042900 23050112   8.743  8.768  
23050600 23050812   3.215  3.231  
23051300 23051512   5.723  6.079  
23052000 23052212   6.104  7.798  
23052700 23052912   1.703  0.906  
23060300 23060512   2.551  2.456  
23061000 23061212   9.256  6.603  
23061700 23061912   3.476  3.826  
23062400 23062612   2.292  2.172  
23070100 23070312   2.400  2.553  
23070800 23071012   0.202  0.359  
23071500 23071712   4.053  3.696  
23072200 23072412   3.739  3.575  
23072900 23073112   3.411  3.198  
23080500 23080712   5.900  5.699  
23081200 23081412   11.990  9.512  
23081900 23082112   0.902  1.361  
23082600 23082812   1.218  1.274  
23090200 23090412   5.247  5.291  
23090900 23091112   3.748  4.908  
23091600 23091812   6.006  5.951  
23092300 23092512   5.089  5.863  
23093000 23100212   0.611  0.767  
23100700 23100912   4.713  4.411  
23101400 23101612   0.578  0.930  
23102100 23102312   0.108  0.083  
23102800 23103012   0.334  0.338  
