22100100 22100312   0.709  0.515  
22100800 22101012   0.736  0.614  
22101500 22101712   1.787  4.496  
22102200 22102412   1.581  0.625  
22102900 22103112   2.924  3.028  
22110500 22110712   3.995  9.484  
22111200 22111412   0.502  0.866  
22111900 22112112   1.942  1.475  
22112600 22112812   5.346  5.340  
22120300 22120512   7.787  8.914  
22121000 22121212   10.068  10.044  
22121700 22121912   2.439  2.794  
22122400 22122612   3.300  2.613  
22123100 23010212   5.112  6.356  
23010700 23010912   4.555  6.091  
23011400 23011612   5.025  3.703  
23012100 23012312   4.039  4.427  
23012800 23013012   18.214  18.815  
23020400 23020612   4.528  10.207  
23021100 23021312   1.823  4.309  
23021800 23022012   1.890  0.993  
23022500 23022712   9.231  10.372  
23030400 23030612   2.756  1.568  
23031100 23031312   8.372  8.905  
23031800 23032012   1.064  1.039  
23032500 23032712   3.825  5.778  
23040100 23040312   2.638  7.713  
23040800 23041012   3.577  5.269  
23041500 23041712   8.369  8.976  
23042200 23042412   6.367  7.967  
23042900 23050112   1.905  3.410  
23050600 23050812   1.546  1.696  
23051300 23051512   7.537  8.518  
23052000 23052212   2.950  3.400  
23052700 23052912   1.181  1.828  
23060300 23060512   1.320  1.243  
23061000 23061212   1.479  2.830  
23061700 23061912   5.118  7.110  
23062400 23062612   2.939  3.023  
23070100 23070312   0.879  0.759  
23070800 23071012   0.991  1.718  
23071500 23071712   2.303  2.764  
23072200 23072412   2.610  2.269  
23072900 23073112   3.561  3.791  
23080500 23080712   3.350  3.025  
23081200 23081412   2.257  2.643  
23081900 23082112   1.017  1.012  
23082600 23082812   5.561  7.099  
23090200 23090412   4.164  3.176  
23090900 23091112   3.967  3.907  
23091600 23091812   1.762  2.345  
23092300 23092512   4.316  4.147  
23093000 23100212   1.990  2.520  
23100700 23100912   1.453  0.787  
23101400 23101612   1.112  2.301  
23102100 23102312   1.534  0.816  
23102800 23103012   0.301  0.457  
