22100100 22100312   3.510  3.877  
22100800 22101012   2.038  2.609  
22101500 22101712   9.367  8.343  
22102200 22102412   4.885  6.560  
22102900 22103112   5.334  5.781  
22110500 22110712   10.272  15.016  
22111200 22111412   3.242  4.282  
22111900 22112112   4.589  4.500  
22112600 22112812   11.974  15.209  
22120300 22120512   3.981  5.993  
22121000 22121212   13.254  12.524  
22121700 22121912   7.777  5.547  
22122400 22122612   15.009  14.717  
22123100 23010212   19.337  20.330  
23010700 23010912   17.085  19.095  
23011400 23011612   12.289  8.581  
23012100 23012312   7.200  7.504  
23012800 23013012   6.234  3.033  
23020400 23020612   5.999  3.525  
23021100 23021312   9.070  11.676  
23021800 23022012   16.432  18.684  
23022500 23022712   23.483  26.280  
23030400 23030612   11.724  13.105  
23031100 23031312   13.482  16.509  
23031800 23032012   5.460  7.986  
23032500 23032712   14.586  16.193  
23040100 23040312   4.474  3.474  
23040800 23041012   15.427  17.656  
23041500 23041712   20.574  20.715  
23042200 23042412   5.261  4.964  
23042900 23050112   11.505  13.727  
23050600 23050812   5.635  6.881  
23051300 23051512   3.814  3.722  
23052000 23052212   10.552  11.485  
23052700 23052912   7.145  12.377  
23060300 23060512   5.945  5.808  
23061000 23061212   7.386  8.741  
23061700 23061912   7.377  9.519  
23062400 23062612   17.256  17.188  
23070100 23070312   9.436  8.973  
23070800 23071012   8.690  9.333  
23071500 23071712   4.314  3.588  
23072200 23072412   12.896  13.026  
23072900 23073112   12.644  14.921  
23080500 23080712   3.276  2.862  
23081200 23081412   13.601  14.534  
23081900 23082112   5.040  5.146  
23082600 23082812   8.673  7.895  
23090200 23090412   14.904  15.789  
23090900 23091112   8.025  10.959  
23091600 23091812   8.966  9.372  
23092300 23092512   3.488  2.202  
23093000 23100212   2.868  2.935  
23100700 23100912   3.895  5.813  
23101400 23101612   2.647  2.208  
23102100 23102312   8.493  9.602  
23102800 23103012   5.872  7.630  
