22100100 22100312   6.406  4.110  
22100800 22101012   2.134  1.182  
22101500 22101712   1.539  1.559  
22102200 22102412   3.492  3.648  
22102900 22103112   0.662  0.859  
22110500 22110712   5.986  6.530  
22111200 22111412   1.563  0.732  
22111900 22112112   3.063  2.650  
22112600 22112812   2.116  3.149  
22120300 22120512   16.137  2.726  
22121000 22121212   5.533  2.646  
22121700 22121912   6.687  1.973  
22122400 22122612   2.290  1.337  
22123100 23010212   0.852  1.015  
23010700 23010912   0.202  0.386  
23011400 23011612   1.333  1.201  
23012100 23012312   2.233  1.095  
23012800 23013012   6.690  3.052  
23020400 23020612   0.347  0.621  
23021100 23021312   1.641  2.115  
23021800 23022012   1.047  2.024  
23022500 23022712   11.210  1.296  
23030400 23030612   3.591  2.015  
23031100 23031312   0.857  0.512  
23031800 23032012   5.541  5.031  
23032500 23032712   1.502  1.113  
23040100 23040312   2.600  2.716  
23040800 23041012   3.139  3.076  
23041500 23041712   2.882  3.067  
23042200 23042412   0.529  0.545  
23042900 23050112   2.063  2.219  
23050600 23050812   0.626  1.053  
23051300 23051512   5.707  6.007  
23052000 23052212   2.746  1.831  
23052700 23052912   1.094  1.524  
23060300 23060512   2.740  3.004  
23061000 23061212   6.038  8.830  
23061700 23061912   2.360  2.658  
23062400 23062612   2.603  2.825  
23070100 23070312   1.548  1.319  
23070800 23071012   0.957  1.147  
23071500 23071712   1.822  2.096  
23072200 23072412   1.672  1.772  
23072900 23073112   1.078  1.111  
23080500 23080712   1.368  1.435  
23081200 23081412   6.296  4.526  
23081900 23082112   1.886  2.165  
23082600 23082812   2.618  2.553  
23090200 23090412   1.487  1.554  
23090900 23091112   6.165  4.993  
23091600 23091812   1.804  1.904  
23092300 23092512   7.733  8.897  
23093000 23100212   3.300  3.669  
23100700 23100912   3.246  3.484  
23101400 23101612   3.445  3.485  
23102100 23102312   0.596  0.500  
23102800 23103012   2.018  2.760  
