22100100 22100312   2.505  0.496  
22100800 22101012   1.422  2.526  
22101500 22101712   0.650  0.533  
22102200 22102412   2.665  2.874  
22102900 22103112   3.568  3.921  
22110500 22110712   1.901  3.082  
22111200 22111412   0.635  1.242  
22111900 22112112   1.711  1.495  
22112600 22112812   2.677  2.750  
22120300 22120512   1.484  1.754  
22121000 22121212   1.103  0.946  
22121700 22121912   1.065  1.052  
22122400 22122612   2.325  2.207  
22123100 23010212   0.893  0.495  
23010700 23010912   1.516  1.466  
23011400 23011612   3.010  1.168  
23012100 23012312   0.511  1.639  
23012800 23013012   1.010  0.798  
23020400 23020612   2.979  1.648  
23021100 23021312   0.457  0.620  
23021800 23022012   2.830  2.325  
23022500 23022712   2.077  0.523  
23030400 23030612   0.350  0.379  
23031100 23031312   0.470  0.463  
23031800 23032012   2.427  1.285  
23032500 23032712   0.920  0.867  
23040100 23040312   0.385  0.418  
23040800 23041012   1.426  1.560  
23041500 23041712   2.332  2.612  
23042200 23042412   0.533  0.514  
23042900 23050112   1.977  2.372  
23050600 23050812   1.044  1.175  
23051300 23051512   4.026  3.841  
23052000 23052212   2.427  2.991  
23052700 23052912   1.688  3.917  
23060300 23060512   1.034  1.068  
23061000 23061212   1.229  2.160  
23061700 23061912   0.337  0.372  
23062400 23062612   1.262  1.331  
