22100100 22100312   2.448  0.816  
22100800 22101012   0.449  1.102  
22101500 22101712   0.962  1.129  
22102200 22102412   0.675  0.457  
22102900 22103112   0.344  0.328  
22110500 22110712   2.887  4.351  
22111200 22111412   1.001  0.893  
22111900 22112112   0.885  0.684  
22112600 22112812   0.377  0.362  
22120300 22120512   0.329  0.291  
22121000 22121212   2.739  2.403  
22121700 22121912   2.033  2.356  
22122400 22122612   4.918  4.867  
22123100 23010212   1.343  0.828  
23010700 23010912   0.910  1.191  
23011400 23011612   3.233  0.947  
23012100 23012312   0.277  1.021  
23012800 23013012   0.936  1.450  
23020400 23020612   1.137  0.499  
23021100 23021312   1.396  0.759  
23021800 23022012   1.822  1.069  
23022500 23022712   0.890  2.034  
23030400 23030612   1.516  1.533  
23031100 23031312   1.203  1.043  
23031800 23032012   4.586  3.089  
23032500 23032712   0.622  0.712  
23040100 23040312   2.498  2.418  
23040800 23041012   0.844  0.828  
23041500 23041712   0.438  0.652  
23042200 23042412   1.028  0.895  
23042900 23050112   2.622  3.452  
23050600 23050812   1.088  0.581  
23051300 23051512   7.684  7.197  
23052000 23052212   3.147  2.838  
23052700 23052912   0.494  2.054  
23060300 23060512   1.472  1.464  
23061000 23061212   2.444  1.156  
23061700 23061912   0.319  0.305  
23062400 23062612   4.505  5.188  
23070100 23070312   2.195  2.124  
23070800 23071012   0.824  0.919  
23071500 23071712   2.457  2.458  
23072200 23072412   1.082  1.123  
23072900 23073112   0.469  0.420  
23080500 23080712   5.888  6.188  
23081200 23081412   2.741  1.095  
23081900 23082112   2.912  3.102  
23082600 23082812   0.872  0.901  
23090200 23090412   2.960  3.031  
23090900 23091112   3.873  3.236  
23091600 23091812   1.835  2.145  
23092300 23092512   2.291  2.838  
23093000 23100212   1.974  2.354  
23100700 23100912   0.493  0.819  
23101400 23101612   2.132  1.952  
23102100 23102312   0.580  0.347  
23102800 23103012   0.771  0.169  
