22100100 22100312   1.400  1.142  
22100800 22101012   2.711  3.644  
22101500 22101712   3.316  3.360  
22102200 22102412   5.623  5.273  
22102900 22103112   3.731  3.391  
22110500 22110712   4.383  5.654  
22111200 22111412   1.208  1.516  
22111900 22112112   4.387  4.180  
22112600 22112812   3.825  3.643  
22120300 22120512   2.997  0.700  
22121000 22121212   0.884  0.351  
22121700 22121912   2.441  1.232  
22122400 22122612   3.738  3.664  
22123100 23010212   0.358  0.654  
23010700 23010912   0.486  0.588  
23011400 23011612   2.331  0.783  
23012100 23012312   1.026  1.695  
23012800 23013012   1.895  1.781  
23020400 23020612   0.212  1.212  
23021100 23021312   2.429  2.151  
23021800 23022012   1.685  1.499  
23022500 23022712   4.549  0.718  
23030400 23030612   0.211  0.281  
23031100 23031312   0.883  0.777  
23031800 23032012   3.718  2.820  
23032500 23032712   0.709  0.577  
23040100 23040312   2.228  2.380  
23040800 23041012   3.389  3.386  
23041500 23041712   2.163  2.316  
23042200 23042412   0.907  0.845  
23042900 23050112   2.349  2.537  
23050600 23050812   0.704  0.604  
23051300 23051512   5.102  5.480  
23052000 23052212   3.035  2.800  
23052700 23052912   0.534  2.664  
23060300 23060512   3.113  3.205  
23061000 23061212   2.061  4.831  
23061700 23061912   0.760  0.648  
23062400 23062612   4.857  4.915  
23070100 23070312   0.844  0.856  
23070800 23071012   4.383  4.489  
23071500 23071712   3.097  3.460  
23072200 23072412   0.658  0.656  
23072900 23073112   0.900  0.953  
23080500 23080712   4.107  4.077  
23081200 23081412   6.011  3.707  
23081900 23082112   0.602  0.903  
23082600 23082812   2.611  2.509  
23090200 23090412   1.133  1.165  
23090900 23091112   3.108  2.038  
23091600 23091812   1.500  1.439  
23092300 23092512   4.866  6.038  
23093000 23100212   0.586  0.531  
23100700 23100912   4.698  4.443  
23101400 23101612   0.786  0.856  
23102100 23102312   0.585  0.391  
23102800 23103012   1.053  0.832  
