22100100 22100312   2.395  0.429  
22100800 22101012   0.447  1.252  
22101500 22101712   1.491  1.702  
22102200 22102412   1.043  1.280  
22102900 22103112   0.540  0.729  
22110500 22110712   1.801  3.199  
22111200 22111412   0.197  1.161  
22111900 22112112   0.640  0.517  
22112600 22112812   0.988  1.081  
22120300 22120512   1.945  1.963  
22121000 22121212   2.556  2.313  
22121700 22121912   1.280  1.365  
22122400 22122612   6.026  5.758  
22123100 23010212   2.239  1.685  
23010700 23010912   0.187  0.122  
23011400 23011612   3.490  0.789  
23012100 23012312   1.171  2.540  
23012800 23013012   0.864  0.717  
23020400 23020612   2.140  0.629  
23021100 23021312   0.609  1.376  
23021800 23022012   1.717  1.154  
23022500 23022712   0.449  0.845  
23030400 23030612   0.928  0.938  
23031100 23031312   1.044  0.981  
23031800 23032012   2.957  1.601  
23032500 23032712   0.877  1.084  
23040100 23040312   0.474  0.550  
23040800 23041012   0.409  0.328  
23041500 23041712   0.557  0.724  
23042200 23042412   0.504  0.499  
23042900 23050112   3.041  2.471  
23050600 23050812   0.364  0.284  
23051300 23051512   2.288  1.695  
23052000 23052212   2.274  2.368  
23052700 23052912   1.364  0.760  
23060300 23060512   0.363  0.443  
23061000 23061212   1.069  1.939  
23061700 23061912   1.413  1.215  
23062400 23062612   1.660  2.163  
23070100 23070312   0.993  1.026  
23070800 23071012   1.934  2.077  
23071500 23071712   3.554  3.413  
23072200 23072412   0.437  0.384  
23072900 23073112   0.417  0.382  
23080500 23080712   1.924  2.020  
23081200 23081412   3.991  1.660  
23081900 23082112   1.710  1.654  
23082600 23082812   0.794  1.254  
23090200 23090412   0.890  1.043  
23090900 23091112   2.746  1.840  
23091600 23091812   0.702  0.715  
23092300 23092512   1.672  2.065  
23093000 23100212   0.543  0.653  
23100700 23100912   2.914  2.608  
23101400 23101612   0.393  0.418  
23102100 23102312   1.613  1.442  
23102800 23103012   0.837  0.532  
