22100100 22100312   3.013  0.917  
22100800 22101012   1.152  2.234  
22101500 22101712   2.071  1.918  
22102200 22102412   1.835  2.051  
22102900 22103112   1.575  1.918  
22110500 22110712   1.580  2.657  
22111200 22111412   0.812  1.519  
22111900 22112112   1.680  1.456  
22112600 22112812   1.553  1.569  
22120300 22120512   0.754  0.715  
22121000 22121212   4.323  4.037  
22121700 22121912   1.312  1.271  
22122400 22122612   2.162  1.844  
22123100 23010212   0.632  0.383  
23010700 23010912   2.106  1.973  
23011400 23011612   2.595  1.880  
23012100 23012312   0.949  2.205  
23012800 23013012   1.332  1.529  
23020400 23020612   2.833  1.460  
23021100 23021312   0.650  0.870  
23021800 23022012   2.090  1.648  
23022500 23022712   1.729  0.920  
23030400 23030612   1.830  1.713  
23031100 23031312   0.664  0.698  
23031800 23032012   4.045  2.798  
23032500 23032712   0.286  0.262  
23040100 23040312   0.619  0.688  
23040800 23041012   2.791  2.848  
23041500 23041712   2.740  3.056  
23042200 23042412   1.244  1.162  
23042900 23050112   1.825  1.766  
23050600 23050812   0.600  0.547  
23051300 23051512   5.525  5.360  
23052000 23052212   2.985  3.218  
23052700 23052912   1.783  4.122  
23060300 23060512   2.194  2.258  
23061000 23061212   1.376  2.863  
23061700 23061912   0.466  0.493  
23062400 23062612   3.201  3.419  
23070100 23070312   0.667  0.631  
23070800 23071012   2.045  2.221  
23071500 23071712   2.669  2.999  
23072200 23072412   0.791  0.982  
23072900 23073112   0.822  0.842  
23080500 23080712   2.366  2.248  
23081200 23081412   3.839  1.671  
23081900 23082112   0.630  0.876  
23082600 23082812   2.942  2.643  
23090200 23090412   1.108  1.068  
23090900 23091112   4.394  3.446  
23091600 23091812   1.000  0.909  
23092300 23092512   5.294  6.090  
23093000 23100212   0.360  0.417  
23100700 23100912   1.506  1.418  
23101400 23101612   0.662  0.554  
23102100 23102312   1.867  1.904  
23102800 23103012   0.217  0.344  
