22100100 22100312   0.008  0.008  
22100800 22101012   0.009  0.009  
22101500 22101712   0.052  0.052  
22102200 22102412   0.194  0.175  
22102900 22103112   0.434  0.560  
22110500 22110712   0.560  0.754  
22111200 22111412   0.001  0.002  
22111900 22112112   0.043  0.043  
22112600 22112812   0.120  0.150  
22120300 22120512   1.350  1.188  
22121000 22121212   1.541  1.447  
22121700 22121912   0.013  0.015  
22122400 22122612   0.719  0.772  
22123100 23010212   0.678  0.733  
23010700 23010912   2.965  2.924  
23011400 23011612   1.383  0.978  
23012100 23012312   0.160  0.228  
23012800 23013012   0.001  0.002  
23020400 23020612   1.023  1.208  
23021100 23021312   0.047  0.049  
23021800 23022012   0.025  0.053  
23022500 23022712   0.951  0.946  
23030400 23030612   0.470  0.624  
23031100 23031312   1.504  1.497  
23031800 23032012   0.018  0.018  
23032500 23032712   0.142  0.180  
23040100 23040312   0.138  0.177  
23040800 23041012   0.512  0.520  
23041500 23041712   1.905  1.959  
23042200 23042412   0.180  0.109  
23042900 23050112   0.027  0.027  
23050600 23050812   0.325  0.596  
23051300 23051512   0.000  0.000  
23052000 23052212   0.424  0.423  
23052700 23052912   0.456  0.425  
23060300 23060512   0.002  0.003  
23061000 23061212   0.080  0.121  
23061700 23061912   0.149  0.163  
23062400 23062612   0.198  0.548  
23070100 23070312   0.012  0.037  
23070800 23071012   0.124  0.225  
23071500 23071712   0.009  0.024  
23072200 23072412   0.170  0.183  
23072900 23073112   0.157  0.160  
23080500 23080712   0.282  0.438  
23081200 23081412   0.076  0.066  
23081900 23082112   0.000  0.001  
23082600 23082812   0.005  0.017  
23090200 23090412   0.011  0.011  
23090900 23091112   0.013  0.016  
23091600 23091812   0.012  0.012  
23092300 23092512   0.210  0.212  
23093000 23100212   0.012  0.013  
23100700 23100912   0.116  0.116  
23101400 23101612   4.185  4.125  
23102100 23102312   0.008  0.008  
23102800 23103012   0.002  0.002  
