22100100 22100312   3.771  1.962  
22100800 22101012   1.243  0.325  
22101500 22101712   0.871  0.966  
22102200 22102412   1.107  0.739  
22102900 22103112   0.379  0.400  
22110500 22110712   1.738  1.811  
22111200 22111412   0.796  1.756  
22111900 22112112   0.947  0.815  
22112600 22112812   0.749  0.849  
22120300 22120512   0.481  0.468  
22121000 22121212   3.756  3.427  
22121700 22121912   1.996  2.245  
23010700 23010912   0.798  1.011  
23011400 23011612   3.590  1.116  
23012100 23012312   0.651  2.138  
23012800 23013012   0.682  0.925  
23020400 23020612   3.121  1.524  
23021100 23021312   0.684  1.364  
23021800 23022012   0.936  0.371  
23022500 23022712   1.105  1.866  
23030400 23030612   1.533  1.611  
23031100 23031312   1.739  1.738  
23031800 23032012   1.081  0.533  
23032500 23032712   0.852  0.928  
23040100 23040312   0.312  0.264  
23040800 23041012   0.688  0.749  
23041500 23041712   0.214  0.287  
23042200 23042412   1.323  1.238  
23042900 23050112   2.424  2.123  
23050600 23050812   0.312  0.190  
23051300 23051512   4.726  4.099  
23052000 23052212   3.041  3.245  
23052700 23052912   2.328  0.481  
23060300 23060512   0.581  0.362  
23061000 23061212   1.038  2.135  
23061700 23061912   1.818  1.436  
23062400 23062612   3.034  3.446  
23070100 23070312   0.632  0.560  
23070800 23071012   2.778  2.958  
23071500 23071712   0.989  0.744  
23072200 23072412   1.266  1.302  
23072900 23073112   3.310  3.326  
23080500 23080712   1.287  1.529  
23081200 23081412   4.242  1.945  
23081900 23082112   0.550  0.631  
23082600 23082812   1.956  1.563  
23090200 23090412   0.723  0.839  
23090900 23091112   1.773  0.983  
23091600 23091812   0.628  0.449  
23092300 23092512   2.744  3.305  
23093000 23100212   0.446  0.528  
23100700 23100912   1.889  1.530  
23101400 23101612   0.564  0.589  
23102100 23102312   0.808  0.603  
23102800 23103012   1.667  1.432  
