22100100 22100312   3.554  1.608  
22100800 22101012   1.427  2.396  
22101500 22101712   2.372  2.333  
22102200 22102412   3.696  3.747  
22102900 22103112   0.967  1.039  
22110500 22110712   2.358  3.243  
22111200 22111412   0.716  1.428  
22111900 22112112   1.640  1.562  
22112600 22112812   0.983  0.963  
22120300 22120512   1.484  1.618  
22121000 22121212   2.600  2.246  
22121700 22121912   1.218  1.133  
22122400 22122612   2.394  2.160  
22123100 23010212   2.483  1.951  
23010700 23010912   1.498  1.570  
23011400 23011612   2.931  1.883  
23012100 23012312   0.531  1.592  
23012800 23013012   1.274  0.948  
23020400 23020612   0.946  0.671  
23021100 23021312   1.063  0.666  
23021800 23022012   1.980  1.475  
23022500 23022712   0.567  1.640  
23030400 23030612   0.630  0.533  
23031100 23031312   1.710  1.879  
23031800 23032012   4.988  3.746  
23032500 23032712   0.305  0.315  
23040100 23040312   1.749  1.893  
23040800 23041012   4.299  4.176  
23041500 23041712   3.284  3.628  
23042200 23042412   1.100  1.127  
23042900 23050112   2.009  2.418  
23050600 23050812   1.049  0.802  
23051300 23051512   4.439  4.603  
23052000 23052212   3.460  3.654  
23052700 23052912   0.696  3.353  
23060300 23060512   1.782  1.827  
23061000 23061212   1.846  1.237  
23061700 23061912   1.476  2.191  
23062400 23062612   1.163  1.216  
