22100100 22100312   0.000  0.001  
22100800 22101012   0.000  0.000  
22101500 22101712   0.000  0.000  
22102200 22102412   0.235  0.233  
22102900 22103112   0.200  0.206  
22110500 22110712   0.279  0.323  
22111200 22111412   0.000  0.001  
22111900 22112112   0.020  0.020  
22112600 22112812   0.031  0.029  
22120300 22120512   0.670  0.560  
22121000 22121212   1.050  0.736  
22121700 22121912   0.010  0.008  
22122400 22122612   0.216  0.311  
22123100 23010212   0.138  0.218  
23010700 23010912   0.813  0.746  
23011400 23011612   0.459  0.354  
23012100 23012312   0.074  0.084  
23012800 23013012   0.043  0.043  
23020400 23020612   0.113  0.163  
23021100 23021312   0.093  0.085  
23021800 23022012   0.035  0.038  
23022500 23022712   0.179  0.180  
23030400 23030612   0.175  0.147  
23031100 23031312   0.132  0.141  
23031800 23032012   0.009  0.009  
23032500 23032712   0.614  0.534  
23040100 23040312   0.273  0.376  
23040800 23041012   0.276  0.253  
23041500 23041712   0.025  0.034  
23042200 23042412   0.509  0.786  
23042900 23050112   0.001  0.001  
23050600 23050812   0.120  0.270  
23051300 23051512   0.000  0.000  
23052000 23052212   0.001  0.002  
23052700 23052912   0.083  0.104  
23060300 23060512   0.001  0.001  
23061000 23061212   0.326  0.339  
23061700 23061912   0.072  0.071  
23062400 23062612   0.043  0.108  
23070100 23070312   0.001  0.002  
23070800 23071012   0.003  0.025  
23071500 23071712   0.000  0.000  
23072200 23072412   0.003  0.005  
23072900 23073112   0.010  0.034  
23080500 23080712   0.002  0.011  
23081200 23081412   0.001  0.002  
23081900 23082112   0.000  0.000  
23082600 23082812   0.003  0.003  
23090200 23090412   0.067  0.067  
23090900 23091112   0.005  0.005  
23091600 23091812   0.000  0.000  
23092300 23092512   0.071  0.058  
23093000 23100212   0.000  0.001  
23100700 23100912   0.000  0.000  
23101400 23101612   0.282  0.269  
23102100 23102312   0.003  0.003  
23102800 23103012   0.000  0.000  
