22100100 22100312   4.207  2.180  
22100800 22101012   1.232  2.426  
22101500 22101712   0.671  0.731  
22102200 22102412   0.761  1.147  
22102900 22103112   0.789  0.667  
22110500 22110712   3.248  4.670  
22111200 22111412   0.824  0.928  
22111900 22112112   1.019  0.832  
22112600 22112812   0.989  0.982  
22120300 22120512   1.166  1.218  
22121000 22121212   2.256  1.953  
22121700 22121912   1.389  1.423  
22122400 22122612   3.795  3.567  
22123100 23010212   1.756  1.157  
23010700 23010912   0.347  0.604  
23011400 23011612   3.536  1.334  
23012100 23012312   0.317  1.307  
23012800 23013012   0.952  1.057  
23020400 23020612   1.444  0.324  
23021100 23021312   0.687  0.668  
23021800 23022012   1.814  1.354  
23022500 23022712   1.404  1.835  
23030400 23030612   0.641  0.624  
23031100 23031312   0.632  0.614  
23031800 23032012   4.652  3.060  
23032500 23032712   0.604  0.620  
23040100 23040312   0.758  0.690  
23040800 23041012   2.258  2.106  
23041500 23041712   1.928  2.253  
23042200 23042412   1.997  2.018  
23042900 23050112   2.891  2.209  
23050600 23050812   0.434  0.538  
23051300 23051512   5.151  4.667  
23052000 23052212   2.919  2.942  
23052700 23052912   1.183  1.438  
23060300 23060512   0.785  0.882  
23061000 23061212   1.793  3.460  
23061700 23061912   3.120  2.942  
23062400 23062612   3.473  4.146  
23070100 23070312   0.541  0.499  
23070800 23071012   3.524  3.619  
23071500 23071712   1.350  1.234  
23072200 23072412   0.511  0.522  
23072900 23073112   1.917  1.881  
23080500 23080712   3.956  4.032  
23081200 23081412   5.350  2.736  
23081900 23082112   1.698  1.509  
23082600 23082812   2.304  1.933  
23090200 23090412   2.079  1.964  
23090900 23091112   5.822  4.823  
23091600 23091812   1.515  1.678  
23092300 23092512   4.044  4.716  
23093000 23100212   0.369  0.668  
23100700 23100912   3.552  3.231  
23101400 23101612   0.639  0.771  
23102100 23102312   1.605  1.397  
23102800 23103012   0.864  0.516  
