22100100 22100312   3.856  4.050  
22100800 22101012   3.974  4.304  
22101500 22101712   5.403  5.832  
22102200 22102412   3.600  3.338  
22102900 22103112   9.652  8.594  
22110500 22110712   13.167  12.633  
22111200 22111412   2.707  2.851  
22111900 22112112   6.291  6.918  
22112600 22112812   12.940  12.549  
22120300 22120512   8.274  11.206  
22121000 22121212   15.295  15.740  
22121700 22121912   7.446  7.491  
22122400 22122612   6.434  6.543  
22123100 23010212   5.999  6.621  
23010700 23010912   7.223  7.123  
23012100 23012312   5.495  7.248  
23012800 23013012   6.495  8.797  
23020400 23020612   8.561  9.135  
23021100 23021312   5.760  5.906  
23021800 23022012   4.247  4.832  
23022500 23022712   14.321  15.454  
23030400 23030612   9.914  8.719  
23031100 23031312   4.609  5.356  
23031800 23032012   5.124  4.491  
23032500 23032712   9.328  7.817  
23040100 23040312   6.068  6.174  
23040800 23041012   4.911  5.011  
23041500 23041712   4.827  4.954  
23042200 23042412   3.986  4.793  
23042900 23050112   5.345  5.131  
23050600 23050812   3.508  3.614  
23051300 23051512   5.252  6.043  
23052000 23052212   5.524  5.359  
23052700 23052912   4.450  5.267  
23060300 23060512   17.038  17.914  
23061000 23061212   8.155  8.202  
23061700 23061912   7.907  8.528  
23062400 23062612   6.537  6.228  
23070100 23070312   7.754  8.100  
23070800 23071012   5.838  6.201  
23071500 23071712   4.983  4.905  
23072200 23072412   4.209  4.455  
23072900 23073112   5.403  5.820  
23080500 23080712   3.659  3.298  
23081200 23081412   10.626  10.325  
23081900 23082112   6.781  6.244  
23082600 23082812   5.698  5.882  
23090200 23090412   8.654  8.541  
23090900 23091112   4.444  4.958  
23091600 23091812   7.908  7.376  
23092300 23092512   10.308  9.917  
23093000 23100212   6.709  6.713  
23100700 23100912   5.260  5.063  
23101400 23101612   5.203  4.839  
23102100 23102312   5.572  5.541  
23102800 23103012   3.778  4.253  
