22100100 22100312   0.000  0.001  
22100800 22101012   0.000  0.000  
22101500 22101712   0.000  0.000  
22102200 22102412   0.104  0.097  
22102900 22103112   0.675  0.634  
22110500 22110712   0.588  0.835  
22111200 22111412   0.000  0.000  
22111900 22112112   0.012  0.012  
22112600 22112812   0.023  0.036  
22120300 22120512   0.083  0.098  
22121000 22121212   0.473  0.458  
22121700 22121912   0.040  0.039  
22122400 22122612   0.296  0.527  
22123100 23010212   0.190  0.468  
23010700 23010912   0.261  0.158  
23011400 23011612   0.589  0.622  
23012100 23012312   0.302  0.257  
23012800 23013012   0.000  0.000  
23020400 23020612   0.199  0.388  
23021100 23021312   0.066  0.137  
23021800 23022012   0.010  0.017  
23022500 23022712   0.238  0.242  
23030400 23030612   0.682  0.737  
23031100 23031312   0.308  0.307  
23031800 23032012   0.002  0.004  
23032500 23032712   0.039  0.081  
23040100 23040312   0.404  0.742  
23040800 23041012   0.420  0.360  
23041500 23041712   0.076  0.057  
23042200 23042412   0.099  0.095  
23042900 23050112   0.006  0.006  
23050600 23050812   0.061  0.421  
23051300 23051512   0.004  0.004  
23052000 23052212   0.031  0.031  
23052700 23052912   0.009  0.009  
23060300 23060512   0.010  0.010  
23061000 23061212   0.307  0.325  
23061700 23061912   1.697  1.705  
23062400 23062612   0.004  0.013  
23070100 23070312   0.098  0.096  
23070800 23071012   0.004  0.020  
23071500 23071712   0.003  0.003  
23072200 23072412   0.028  0.032  
23072900 23073112   0.010  0.018  
23080500 23080712   0.006  0.008  
23081200 23081412   0.016  0.016  
23081900 23082112   0.000  0.000  
23082600 23082812   0.002  0.001  
23090200 23090412   0.018  0.018  
23090900 23091112   0.002  0.002  
23091600 23091812   0.097  0.097  
23092300 23092512   0.081  0.075  
23093000 23100212   0.000  0.001  
23100700 23100912   0.009  0.009  
23101400 23101612   0.469  0.451  
23102100 23102312   0.001  0.000  
23102800 23103012   0.006  0.006  
