22100100 22100312   5.090  3.090  
22100800 22101012   1.014  1.902  
22101500 22101712   2.299  2.381  
22102200 22102412   2.987  3.046  
22102900 22103112   2.702  2.589  
22110500 22110712   3.262  4.915  
22111200 22111412   0.784  1.430  
22111900 22112112   3.035  2.828  
22112600 22112812   2.912  2.874  
22120300 22120512   3.101  1.427  
22121000 22121212   1.372  1.167  
22121700 22121912   1.921  1.761  
22122400 22122612   1.799  1.882  
22123100 23010212   4.379  3.755  
23010700 23010912   0.284  0.285  
23011400 23011612   3.121  0.827  
23012100 23012312   0.514  1.015  
23012800 23013012   1.109  1.424  
23020400 23020612   0.510  1.946  
23021100 23021312   2.442  1.911  
23021800 23022012   2.484  1.711  
23022500 23022712   0.913  1.446  
23030400 23030612   1.748  1.461  
23031100 23031312   1.122  0.939  
23031800 23032012   5.147  4.144  
23032500 23032712   0.291  0.513  
23040100 23040312   1.034  1.137  
23040800 23041012   1.710  1.904  
23041500 23041712   2.331  2.304  
23042200 23042412   1.531  1.494  
23042900 23050112   2.352  2.559  
23050600 23050812   1.222  0.951  
23051300 23051512   5.097  5.335  
23052000 23052212   3.553  3.611  
23052700 23052912   0.776  3.170  
23060300 23060512   1.908  1.865  
23061000 23061212   1.645  1.477  
23061700 23061912   0.401  0.425  
23062400 23062612   1.607  1.660  
