22100100 22100312   11.742  13.333  
22100800 22101012   4.403  4.816  
22101500 22101712   22.197  21.352  
22102200 22102412   5.675  6.386  
22102900 22103112   12.785  13.283  
22110500 22110712   10.432  12.536  
22111200 22111412   6.199  10.027  
22111900 22112112   6.558  6.867  
22112600 22112812   7.329  6.633  
22120300 22120512   10.792  11.445  
22121000 22121212   23.319  21.703  
22121700 22121912   28.349  27.828  
22122400 22122612   14.723  12.522  
22123100 23010212   4.417  3.382  
23010700 23010912   22.380  24.824  
23011400 23011612   4.934  8.389  
23012100 23012312   8.475  9.175  
23012800 23013012   9.923  10.051  
23020400 23020612   8.776  13.863  
23021100 23021312   5.072  3.850  
23021800 23022012   9.260  7.547  
23022500 23022712   3.457  2.962  
23030400 23030612   6.631  9.359  
23031100 23031312   2.190  2.190  
23031800 23032012   6.349  6.123  
23032500 23032712   5.595  7.138  
23040100 23040312   13.895  8.919  
23040800 23041012   19.347  19.077  
23041500 23041712   2.678  2.749  
23042200 23042412   6.736  6.885  
23042900 23050112   29.785  30.944  
23050600 23050812   2.634  2.273  
23051300 23051512   6.403  4.757  
23052000 23052212   15.968  14.728  
23052700 23052912   20.834  17.912  
23060300 23060512   8.357  9.093  
23061000 23061212   16.032  20.496  
23061700 23061912   4.072  3.079  
23062400 23062612   9.133  11.402  
23070100 23070312   9.269  9.511  
23070800 23071012   5.889  6.478  
23071500 23071712   3.358  3.868  
23072200 23072412   4.770  4.720  
23072900 23073112   9.352  9.466  
23080500 23080712   12.555  12.203  
23081200 23081412   5.422  6.828  
23081900 23082112   17.743  18.987  
23082600 23082812   12.199  11.330  
23090200 23090412   5.744  5.417  
23090900 23091112   1.875  2.503  
23091600 23091812   12.878  14.095  
23092300 23092512   14.300  14.485  
23093000 23100212   6.690  7.566  
23100700 23100912   10.620  11.382  
23101400 23101612   6.103  4.606  
23102100 23102312   13.859  13.792  
23102800 23103012   14.352  14.228  
