22100100 22100312   0.000  0.001  
22100800 22101012   0.000  0.000  
22101500 22101712   0.000  0.000  
22102200 22102412   0.113  0.091  
22102900 22103112   0.059  0.058  
22110500 22110712   0.099  0.120  
22111200 22111412   0.000  0.000  
22111900 22112112   0.015  0.015  
22112600 22112812   0.028  0.028  
22120300 22120512   0.243  0.198  
22121000 22121212   1.056  0.892  
22121700 22121912   0.009  0.008  
22122400 22122612   0.239  0.340  
22123100 23010212   0.047  0.093  
23010700 23010912   0.479  0.491  
23011400 23011612   0.236  0.265  
23012100 23012312   0.387  0.379  
23012800 23013012   0.002  0.001  
23020400 23020612   0.154  0.236  
23021100 23021312   0.006  0.030  
23021800 23022012   0.004  0.004  
23022500 23022712   0.034  0.044  
23030400 23030612   0.226  0.213  
23031100 23031312   0.034  0.036  
23031800 23032012   0.000  0.002  
23032500 23032712   0.144  0.127  
23040100 23040312   0.202  0.280  
23040800 23041012   0.085  0.096  
23041500 23041712   0.017  0.020  
23042200 23042412   0.536  0.684  
23042900 23050112   0.000  0.000  
23050600 23050812   0.172  0.419  
23051300 23051512   0.000  0.000  
23052000 23052212   0.000  0.001  
23052700 23052912   0.004  0.015  
23060300 23060512   0.000  0.001  
23061000 23061212   0.239  0.267  
23061700 23061912   0.017  0.011  
23062400 23062612   0.020  0.027  
23070100 23070312   0.000  0.002  
23070800 23071012   0.002  0.008  
23071500 23071712   0.000  0.000  
23072200 23072412   0.006  0.009  
23072900 23073112   0.006  0.021  
23080500 23080712   0.001  0.004  
23081200 23081412   0.002  0.001  
23081900 23082112   0.000  0.001  
23082600 23082812   0.007  0.007  
23090200 23090412   0.000  0.000  
23090900 23091112   0.004  0.005  
23091600 23091812   0.000  0.000  
23092300 23092512   0.047  0.031  
23093000 23100212   0.000  0.002  
23100700 23100912   0.000  0.000  
23101400 23101612   0.379  0.382  
23102100 23102312   0.007  0.007  
23102800 23103012   0.000  0.000  
