22100100 22100312   4.408  2.500  
22100800 22101012   1.361  2.326  
22101500 22101712   3.139  3.607  
22102200 22102412   1.556  1.747  
22102900 22103112   1.911  1.973  
22110500 22110712   3.150  4.182  
22111200 22111412   0.528  0.860  
22111900 22112112   0.257  0.270  
22112600 22112812   0.712  0.662  
22120300 22120512   1.551  1.450  
22121000 22121212   1.603  1.201  
22121700 22121912   1.480  1.344  
22122400 22122612   5.181  4.828  
22123100 23010212   1.913  1.270  
23010700 23010912   1.606  1.884  
23011400 23011612   2.786  1.465  
23012100 23012312   1.660  2.482  
23012800 23013012   1.239  1.381  
23020400 23020612   0.210  1.622  
23021100 23021312   0.620  0.863  
23021800 23022012   1.738  1.333  
23022500 23022712   0.766  1.949  
23030400 23030612   1.486  1.436  
23031100 23031312   2.174  2.362  
23031800 23032012   5.606  4.081  
23032500 23032712   0.958  0.878  
23040100 23040312   0.461  0.478  
23040800 23041012   4.530  4.411  
23041500 23041712   3.089  3.428  
23042200 23042412   0.927  0.962  
23042900 23050112   1.672  2.402  
23050600 23050812   1.959  1.809  
23051300 23051512   5.585  5.530  
23052000 23052212   3.617  3.892  
23052700 23052912   0.786  3.411  
23060300 23060512   1.761  1.812  
23061000 23061212   1.373  1.311  
23061700 23061912   1.443  1.447  
23062400 23062612   1.453  1.584  
