22100100 22100312   2.659  4.819  
22100800 22101012   4.401  5.229  
22101500 22101712   3.915  3.898  
22102200 22102412   2.264  1.918  
22102900 22103112   4.729  4.445  
22110500 22110712   5.496  6.119  
22111200 22111412   0.154  0.834  
22111900 22112112   2.338  1.699  
22112600 22112812   3.638  4.404  
22120300 22120512   5.312  2.290  
22121000 22121212   1.528  0.786  
22121700 22121912   3.894  2.524  
22122400 22122612   3.036  2.785  
22123100 23010212   1.651  1.712  
23010700 23010912   0.558  0.744  
23011400 23011612   1.709  0.929  
23012100 23012312   1.064  1.227  
23012800 23013012   1.703  1.304  
23020400 23020612   1.359  0.767  
23021100 23021312   3.879  4.027  
23021800 23022012   0.507  0.402  
23022500 23022712   2.085  1.914  
23030400 23030612   1.049  1.205  
23031100 23031312   1.286  1.360  
23031800 23032012   2.351  1.800  
23032500 23032712   2.262  2.351  
23040100 23040312   1.328  1.246  
23040800 23041012   1.219  1.220  
23041500 23041712   3.017  3.028  
23042200 23042412   0.511  0.528  
23042900 23050112   2.311  2.475  
23050600 23050812   2.043  1.835  
23051300 23051512   3.737  3.934  
23052000 23052212   4.854  3.842  
23052700 23052912   0.802  1.645  
23060300 23060512   1.989  1.704  
23061000 23061212   4.335  7.137  
23061700 23061912   1.043  1.025  
23062400 23062612   2.936  3.143  
23070100 23070312   1.471  1.132  
23070800 23071012   1.912  2.036  
23071500 23071712   2.447  2.844  
23072200 23072412   0.692  0.706  
23072900 23073112   0.761  0.923  
23080500 23080712   1.794  1.919  
23081200 23081412   6.604  4.193  
23081900 23082112   1.531  1.614  
23082600 23082812   1.746  1.790  
23090200 23090412   1.216  1.203  
23090900 23091112   4.842  3.700  
23091600 23091812   4.297  4.300  
23092300 23092512   3.495  4.495  
23093000 23100212   3.798  3.588  
23100700 23100912   6.143  5.746  
23101400 23101612   1.719  1.550  
23102100 23102312   0.511  0.588  
23102800 23103012   3.620  3.130  
