22100100 22100312   0.000  0.001  
22100800 22101012   0.000  0.000  
22101500 22101712   0.000  0.000  
22102200 22102412   0.255  0.298  
22102900 22103112   0.577  0.593  
22110500 22110712   0.343  0.540  
22111200 22111412   0.000  0.000  
22111900 22112112   0.000  0.000  
22112600 22112812   0.072  0.078  
22120300 22120512   0.094  0.117  
22121000 22121212   0.234  0.265  
22121700 22121912   0.111  0.112  
22122400 22122612   1.200  0.959  
22123100 23010212   0.447  0.610  
23010700 23010912   0.766  0.672  
23011400 23011612   0.825  0.925  
23012100 23012312   0.208  0.197  
23012800 23013012   0.000  0.001  
23020400 23020612   0.386  0.843  
23021100 23021312   0.087  0.196  
23021800 23022012   0.013  0.016  
23022500 23022712   0.242  0.241  
23030400 23030612   0.455  0.545  
23031100 23031312   0.286  0.279  
23031800 23032012   0.000  0.002  
23032500 23032712   0.226  0.248  
23040100 23040312   1.331  1.313  
23040800 23041012   0.267  0.226  
23041500 23041712   0.196  0.197  
23042200 23042412   0.251  0.272  
23042900 23050112   0.000  0.000  
23050600 23050812   0.349  0.418  
23051300 23051512   0.000  0.000  
23052000 23052212   0.019  0.019  
23052700 23052912   0.002  0.008  
23060300 23060512   0.000  0.000  
23061000 23061212   0.572  0.799  
23061700 23061912   0.122  0.147  
23062400 23062612   0.011  0.022  
