22100100 22100312   0.000  0.001  
22100800 22101012   0.000  0.000  
22101500 22101712   0.000  0.001  
22102200 22102412   0.289  0.315  
22102900 22103112   0.477  0.509  
22110500 22110712   0.444  0.520  
22111200 22111412   0.000  0.000  
22111900 22112112   0.018  0.018  
22112600 22112812   0.045  0.046  
22120300 22120512   0.107  0.121  
22121000 22121212   0.525  0.417  
22121700 22121912   0.060  0.060  
22122400 22122612   0.995  1.154  
22123100 23010212   0.218  0.340  
23010700 23010912   0.554  0.463  
23011400 23011612   0.508  0.570  
23012100 23012312   0.206  0.210  
23012800 23013012   0.000  0.001  
23020400 23020612   0.220  0.512  
23021100 23021312   0.045  0.123  
23021800 23022012   0.016  0.017  
23022500 23022712   0.268  0.268  
23030400 23030612   0.366  0.515  
23031100 23031312   0.170  0.166  
23031800 23032012   0.000  0.002  
23032500 23032712   0.120  0.129  
23040100 23040312   0.818  0.938  
23040800 23041012   1.467  1.397  
23041500 23041712   0.588  0.593  
23042200 23042412   0.534  0.587  
23042900 23050112   0.000  0.000  
23050600 23050812   0.219  0.455  
23051300 23051512   0.000  0.000  
23052000 23052212   0.012  0.012  
23052700 23052912   0.001  0.006  
23060300 23060512   0.000  0.000  
23061000 23061212   0.452  0.691  
23061700 23061912   0.157  0.162  
23062400 23062612   0.006  0.030  
