22100100 22100312   1.629  1.426  
22100800 22101012   1.708  1.725  
22101500 22101712   2.122  1.892  
22102200 22102412   2.000  0.975  
22102900 22103112   3.943  3.954  
22110500 22110712   8.536  13.959  
22111200 22111412   4.551  4.749  
22111900 22112112   7.341  8.309  
22112600 22112812   3.564  3.165  
22120300 22120512   22.529  23.689  
22121000 22121212   7.947  7.188  
22121700 22121912   5.109  4.285  
22122400 22122612   4.920  5.443  
22123100 23010212   4.134  6.783  
23010700 23010912   6.618  7.952  
23011400 23011612   2.303  3.443  
23012100 23012312   0.807  1.222  
23012800 23013012   24.360  24.619  
23020400 23020612   1.630  11.568  
23021100 23021312   1.912  4.738  
23021800 23022012   0.947  2.337  
23022500 23022712   3.106  4.690  
23030400 23030612   4.614  5.614  
23031100 23031312   1.085  1.444  
23031800 23032012   1.507  1.889  
23032500 23032712   2.599  3.162  
23040100 23040312   9.582  5.524  
23040800 23041012   5.807  6.055  
23041500 23041712   4.806  2.947  
23042200 23042412   2.930  2.364  
23042900 23050112   4.782  6.248  
23050600 23050812   6.192  6.671  
23051300 23051512   2.492  2.458  
23052000 23052212   4.761  4.557  
23052700 23052912   7.206  6.266  
23060300 23060512   2.773  3.175  
23061000 23061212   2.641  3.896  
23061700 23061912   2.790  3.282  
23062400 23062612   3.452  3.420  
