22100100 22100312   4.495  2.631  
22100800 22101012   1.478  2.398  
22101500 22101712   2.939  2.900  
22102200 22102412   0.906  1.144  
22102900 22103112   2.440  2.545  
22110500 22110712   4.806  5.817  
22111200 22111412   1.875  2.435  
22111900 22112112   1.979  1.710  
22112600 22112812   1.859  1.782  
22120300 22120512   2.161  1.008  
22121000 22121212   2.028  1.692  
22121700 22121912   1.387  1.461  
22122400 22122612   5.330  5.360  
22123100 23010212   1.953  1.375  
23010700 23010912   1.121  1.342  
23011400 23011612   2.760  1.281  
23012100 23012312   1.617  2.157  
23012800 23013012   1.156  1.231  
23020400 23020612   0.387  1.077  
23021100 23021312   0.531  0.849  
23021800 23022012   1.473  1.180  
23022500 23022712   0.842  2.824  
23030400 23030612   1.898  1.816  
23031100 23031312   0.878  1.018  
23031800 23032012   4.801  3.434  
23032500 23032712   0.457  0.364  
23040100 23040312   0.623  0.653  
23040800 23041012   3.439  3.315  
23041500 23041712   2.795  3.057  
23042200 23042412   1.538  1.650  
23042900 23050112   1.857  2.570  
23050600 23050812   1.914  1.729  
23051300 23051512   5.445  5.442  
23052000 23052212   3.490  3.360  
23052700 23052912   0.708  3.126  
23060300 23060512   2.735  2.768  
23061000 23061212   1.365  1.401  
23061700 23061912   1.729  1.813  
23062400 23062612   1.277  1.442  
