22100100 22100312   0.000  0.001  
22100800 22101012   0.000  0.000  
22101500 22101712   0.000  0.000  
22102200 22102412   0.239  0.274  
22102900 22103112   0.372  0.389  
22110500 22110712   0.365  0.434  
22111200 22111412   0.000  0.000  
22111900 22112112   0.006  0.006  
22112600 22112812   0.047  0.049  
22120300 22120512   0.121  0.125  
22121000 22121212   0.506  0.399  
22121700 22121912   0.027  0.026  
22122400 22122612   1.060  1.110  
22123100 23010212   0.205  0.281  
23010700 23010912   0.952  0.891  
23011400 23011612   0.505  0.502  
23012100 23012312   0.394  0.394  
23012800 23013012   0.000  0.001  
23020400 23020612   0.147  0.301  
23021100 23021312   0.045  0.101  
23021800 23022012   0.021  0.021  
23022500 23022712   0.239  0.238  
23030400 23030612   0.314  0.576  
23031100 23031312   0.191  0.181  
23031800 23032012   0.000  0.002  
23032500 23032712   0.061  0.101  
23040100 23040312   0.789  0.823  
23040800 23041012   0.227  0.179  
23041500 23041712   0.594  0.596  
23042200 23042412   0.223  0.230  
23042900 23050112   0.000  0.000  
23050600 23050812   0.195  0.380  
23051300 23051512   0.000  0.000  
23052000 23052212   0.015  0.015  
23052700 23052912   0.001  0.006  
23060300 23060512   0.000  0.000  
23061000 23061212   0.432  0.710  
23061700 23061912   0.061  0.076  
23062400 23062612   0.005  0.019  
