22100100 22100312   1.071  1.576  
22100800 22101012   0.557  0.945  
22101500 22101712   1.440  2.367  
22102200 22102412   0.476  1.180  
22102900 22103112   1.324  0.906  
22110500 22110712   2.545  4.755  
22111200 22111412   3.805  4.133  
22111900 22112112   2.270  2.783  
22112600 22112812   2.631  2.308  
22120300 22120512   5.142  5.907  
22121000 22121212   7.888  8.303  
22121700 22121912   2.663  2.918  
22122400 22122612   0.756  1.098  
22123100 23010212   2.328  5.689  
23010700 23010912   5.346  7.509  
23011400 23011612   2.309  1.856  
23012100 23012312   2.473  2.580  
23012800 23013012   3.577  4.260  
23020400 23020612   4.605  11.159  
23021100 23021312   0.879  2.469  
23021800 23022012   1.174  1.276  
23022500 23022712   3.457  3.852  
23030400 23030612   1.556  2.740  
23031100 23031312   2.174  2.625  
23031800 23032012   3.628  3.729  
23032500 23032712   1.368  2.171  
23040100 23040312   2.828  8.030  
23040800 23041012   1.281  1.536  
23041500 23041712   1.982  2.379  
23042200 23042412   2.264  3.059  
23042900 23050112   1.070  2.248  
23050600 23050812   0.910  0.734  
23051300 23051512   4.195  5.309  
23052000 23052212   1.408  1.502  
23052700 23052912   2.837  4.152  
23060300 23060512   0.860  0.863  
23061000 23061212   2.371  2.954  
23061700 23061912   1.108  0.840  
23062400 23062612   3.256  2.807  
