22100100 22100312   0.000  0.001  
22100800 22101012   0.000  0.000  
22101500 22101712   0.000  0.000  
22102200 22102412   0.516  0.529  
22102900 22103112   0.502  0.486  
22110500 22110712   1.062  1.399  
22111200 22111412   0.000  0.000  
22111900 22112112   0.000  0.000  
22112600 22112812   1.659  1.649  
22120300 22120512   0.083  0.076  
22121000 22121212   0.391  0.402  
22121700 22121912   0.025  0.028  
22122400 22122612   2.464  2.244  
22123100 23010212   0.994  0.978  
23010700 23010912   0.170  0.185  
23011400 23011612   0.895  0.929  
23012100 23012312   0.195  0.182  
23012800 23013012   0.000  0.000  
23020400 23020612   0.675  1.173  
23021100 23021312   0.290  0.393  
23021800 23022012   0.012  0.029  
23022500 23022712   2.258  2.254  
23030400 23030612   0.195  0.280  
23031100 23031312   0.155  0.149  
23031800 23032012   0.004  0.007  
23032500 23032712   0.122  0.161  
23040100 23040312   0.770  0.930  
23040800 23041012   1.903  1.843  
23041500 23041712   1.873  1.870  
23042200 23042412   0.299  0.314  
23042900 23050112   0.009  0.009  
23050600 23050812   0.108  0.233  
23051300 23051512   0.000  0.000  
23052000 23052212   0.089  0.088  
23052700 23052912   0.098  0.108  
23060300 23060512   0.001  0.006  
23061000 23061212   0.204  0.398  
23061700 23061912   0.198  0.207  
23062400 23062612   0.220  0.461  
23070100 23070312   0.003  0.004  
23070800 23071012   0.124  0.130  
23071500 23071712   0.006  0.006  
23072200 23072412   0.034  0.022  
23072900 23073112   0.067  0.125  
23080500 23080712   0.052  0.060  
23081200 23081412   0.013  0.029  
23081900 23082112   0.001  0.006  
23082600 23082812   0.005  0.012  
23090200 23090412   0.032  0.032  
23090900 23091112   0.003  0.003  
23091600 23091812   0.044  0.044  
23092300 23092512   0.084  0.080  
23093000 23100212   0.064  0.085  
23100700 23100912   0.000  0.000  
23101400 23101612   0.132  0.137  
23102100 23102312   0.000  0.000  
23102800 23103012   0.000  0.000  
