22100100 22100312   2.717  3.423  
22100800 22101012   0.963  0.686  
22101500 22101712   2.525  3.363  
22102200 22102412   1.250  0.589  
22102900 22103112   5.516  4.807  
22110500 22110712   6.957  10.542  
22111200 22111412   0.527  0.725  
22111900 22112112   1.026  1.399  
22112600 22112812   16.152  17.517  
22120300 22120512   7.422  8.655  
22121000 22121212   7.201  7.499  
22121700 22121912   4.582  5.381  
22122400 22122612   1.910  1.222  
22123100 23010212   5.464  8.051  
23010700 23010912   4.107  5.768  
23011400 23011612   6.817  4.179  
23012100 23012312   4.253  4.729  
23012800 23013012   6.501  7.757  
23020400 23020612   4.382  11.025  
23021100 23021312   1.917  4.554  
23021800 23022012   1.432  0.476  
23022500 23022712   6.975  8.224  
23030400 23030612   5.583  6.742  
23031100 23031312   4.605  4.874  
23031800 23032012   1.699  1.919  
23032500 23032712   4.537  6.265  
23040100 23040312   5.158  11.168  
23040800 23041012   4.091  2.056  
23041500 23041712   5.365  5.725  
23042200 23042412   7.254  8.927  
23042900 23050112   3.222  5.185  
23050600 23050812   0.851  1.044  
23051300 23051512   3.160  2.222  
23052000 23052212   3.899  3.490  
23052700 23052912   1.077  1.382  
23060300 23060512   3.179  3.333  
23061000 23061212   1.675  2.340  
23061700 23061912   7.401  10.284  
23062400 23062612   2.365  1.912  
