22100100 22100312   1.835  2.026  
22100800 22101012   1.806  2.211  
22101500 22101712   3.097  3.450  
22102200 22102412   3.179  4.159  
22102900 22103112   17.679  15.359  
22110500 22110712   17.135  17.424  
22111200 22111412   2.065  2.443  
22111900 22112112   4.282  4.227  
22112600 22112812   19.091  20.367  
22120300 22120512   3.341  6.367  
22121000 22121212   17.401  18.513  
22121700 22121912   2.626  3.495  
22122400 22122612   5.231  4.958  
22123100 23010212   5.793  8.534  
23010700 23010912   20.202  22.576  
23011400 23011612   18.321  15.684  
23012100 23012312   5.129  4.852  
23012800 23013012   1.126  1.986  
23020400 23020612   17.256  10.813  
23021100 23021312   5.456  8.355  
23021800 23022012   5.018  3.639  
23022500 23022712   7.897  5.721  
23030400 23030612   9.893  10.610  
23031100 23031312   15.656  16.354  
23031800 23032012   3.888  3.824  
23032500 23032712   7.622  9.354  
23040100 23040312   5.062  9.296  
23040800 23041012   17.640  19.936  
23041500 23041712   13.429  12.870  
23042200 23042412   4.101  3.734  
23042900 23050112   7.196  5.485  
23050600 23050812   7.736  8.443  
23051300 23051512   2.736  2.701  
23052000 23052212   8.221  8.878  
23052700 23052912   4.547  7.065  
23060300 23060512   5.633  6.119  
23061000 23061212   8.134  8.201  
23061700 23061912   6.585  7.805  
23062400 23062612   1.861  2.463  
23070100 23070312   2.732  2.711  
23070800 23071012   6.706  7.690  
23071500 23071712   3.365  3.535  
23072200 23072412   3.902  3.449  
23072900 23073112   7.666  8.430  
23080500 23080712   9.494  10.202  
23081200 23081412   6.383  5.393  
23081900 23082112   9.098  7.921  
23082600 23082812   3.894  4.061  
23090200 23090412   11.106  10.783  
23090900 23091112   5.196  4.145  
23091600 23091812   7.466  7.752  
23092300 23092512   14.702  16.701  
23093000 23100212   7.902  8.423  
23100700 23100912   6.388  5.325  
23101400 23101612   12.563  12.917  
23102100 23102312   11.469  9.592  
23102800 23103012   1.615  2.297  
