22100100 22100312   0.512  1.045  
22100800 22101012   0.772  1.122  
22101500 22101712   1.275  2.092  
22102200 22102412   1.567  2.829  
22102900 22103112   1.100  1.563  
22110500 22110712   4.609  8.848  
22111200 22111412   3.213  4.007  
22111900 22112112   1.937  1.779  
22112600 22112812   9.088  9.636  
22120300 22120512   5.126  6.025  
22121000 22121212   8.717  9.129  
22121700 22121912   5.578  5.957  
22122400 22122612   4.443  5.279  
22123100 23010212   5.675  6.934  
23010700 23010912   9.025  10.708  
23011400 23011612   5.584  3.546  
23012100 23012312   4.019  4.291  
23012800 23013012   9.450  10.594  
23020400 23020612   8.962  15.030  
23021100 23021312   1.512  2.309  
23021800 23022012   1.862  3.426  
23022500 23022712   3.898  4.866  
23030400 23030612   1.652  1.581  
23031100 23031312   1.365  1.825  
23031800 23032012   3.120  3.315  
23032500 23032712   1.582  2.672  
23040100 23040312   4.692  2.334  
23040800 23041012   7.668  5.407  
23041500 23041712   1.944  2.638  
23042200 23042412   1.656  2.907  
23042900 23050112   2.519  4.250  
23050600 23050812   0.564  0.793  
23051300 23051512   3.163  4.372  
23052000 23052212   2.491  2.985  
23052700 23052912   1.248  2.687  
23060300 23060512   2.760  2.933  
23061000 23061212   2.596  3.926  
23061700 23061912   2.974  5.384  
23062400 23062612   2.149  2.081  
