22100100 22100312   0.000  0.001  
22100800 22101012   0.012  0.012  
22101500 22101712   0.000  0.001  
22102200 22102412   0.295  0.219  
22102900 22103112   0.256  0.255  
22110500 22110712   0.303  0.359  
22111200 22111412   0.000  0.000  
22111900 22112112   0.000  0.000  
22112600 22112812   0.386  0.392  
22120300 22120512   0.039  0.031  
22121000 22121212   0.381  0.288  
22121700 22121912   0.055  0.053  
22122400 22122612   0.568  0.783  
22123100 23010212   0.156  0.239  
23010700 23010912   0.563  0.535  
23011400 23011612   0.167  0.178  
23012100 23012312   1.735  1.726  
23012800 23013012   0.000  0.001  
23020400 23020612   0.163  0.199  
23021100 23021312   0.033  0.055  
23021800 23022012   0.010  0.012  
23022500 23022712   0.308  0.308  
23030400 23030612   0.275  0.299  
23031100 23031312   0.148  0.140  
23031800 23032012   0.000  0.002  
23032500 23032712   0.124  0.136  
23040100 23040312   0.432  0.522  
23040800 23041012   0.129  0.163  
23041500 23041712   0.400  0.399  
23042200 23042412   0.353  0.391  
23042900 23050112   0.000  0.000  
23050600 23050812   0.243  0.362  
23051300 23051512   0.000  0.000  
23052000 23052212   0.015  0.015  
23052700 23052912   0.006  0.007  
23060300 23060512   0.000  0.000  
23061000 23061212   0.486  0.753  
23061700 23061912   0.148  0.157  
23062400 23062612   0.027  0.017  
23070100 23070312   0.000  0.002  
23070800 23071012   0.003  0.004  
23071500 23071712   0.000  0.000  
23072200 23072412   0.000  0.004  
23072900 23073112   0.002  0.001  
23080500 23080712   0.000  0.001  
23081200 23081412   0.000  0.001  
23081900 23082112   0.000  0.000  
23082600 23082812   0.010  0.004  
23090200 23090412   0.065  0.065  
23090900 23091112   0.000  0.000  
23091600 23091812   0.000  0.000  
23092300 23092512   0.399  0.399  
23093000 23100212   0.000  0.002  
23100700 23100912   0.000  0.000  
23101400 23101612   0.107  0.108  
23102100 23102312   0.000  0.000  
23102800 23103012   0.000  0.000  
