22100100 22100312   1.956  3.764  
22100800 22101012   5.963  5.163  
22101500 22101712   16.041  15.840  
22102200 22102412   2.989  3.613  
22102900 22103112   16.361  18.201  
22110500 22110712   15.783  19.758  
22111200 22111412   4.157  5.666  
22111900 22112112   2.575  1.969  
22112600 22112812   22.667  25.438  
22120300 22120512   20.048  21.500  
22121000 22121212   13.269  12.956  
22121700 22121912   10.777  11.409  
22123100 23010212   5.885  6.476  
23010700 23010912   10.882  11.553  
23011400 23011612   15.532  10.149  
23012100 23012312   5.637  5.130  
23012800 23013012   27.285  27.156  
23020400 23020612   2.748  6.826  
23021100 23021312   8.509  13.220  
23021800 23022012   18.647  19.544  
23022500 23022712   4.351  4.406  
23030400 23030612   9.745  11.039  
23031100 23031312   5.161  6.663  
23031800 23032012   2.028  2.304  
23032500 23032712   5.711  9.076  
23040100 23040312   5.423  1.685  
23040800 23041012   10.120  13.353  
23041500 23041712   9.730  11.167  
23042200 23042412   3.669  3.103  
23042900 23050112   4.950  5.251  
23050600 23050812   6.168  6.220  
23051300 23051512   3.183  2.984  
23052000 23052212   9.291  7.706  
23052700 23052912   1.653  4.969  
23060300 23060512   5.488  7.162  
23061000 23061212   12.451  13.687  
23061700 23061912   12.637  14.417  
23062400 23062612   6.251  5.863  
23070100 23070312   10.849  10.165  
23070800 23071012   3.956  4.801  
23071500 23071712   6.137  5.407  
23072200 23072412   4.532  4.284  
23072900 23073112   8.031  10.160  
23080500 23080712   4.420  4.628  
23081200 23081412   3.733  3.337  
23081900 23082112   10.335  10.548  
23082600 23082812   7.130  6.646  
23090200 23090412   15.719  16.242  
23090900 23091112   1.283  0.861  
23091600 23091812   11.316  11.404  
23092300 23092512   11.525  13.905  
23093000 23100212   8.114  8.389  
23100700 23100912   10.511  8.874  
23101400 23101612   11.009  8.835  
23102100 23102312   5.524  3.636  
23102800 23103012   2.901  4.529  
