22100100 22100312   4.449  4.121  
22100800 22101012   0.717  0.735  
22101500 22101712   3.720  3.279  
22102200 22102412   4.386  4.794  
22102900 22103112   1.819  2.608  
22110500 22110712   11.688  15.260  
22111200 22111412   0.533  0.991  
22111900 22112112   1.063  1.044  
22112600 22112812   16.277  17.230  
22120300 22120512   12.855  12.252  
22121000 22121212   5.651  4.465  
22121700 22121912   8.066  8.675  
22122400 22122612   13.830  14.206  
22123100 23010212   3.412  3.454  
23010700 23010912   6.610  8.114  
23012100 23012312   3.805  3.446  
23012800 23013012   36.337  37.702  
23020400 23020612   11.641  18.723  
23021100 23021312   1.727  3.234  
23021800 23022012   1.166  2.292  
23022500 23022712   2.954  2.024  
23030400 23030612   7.584  7.415  
23031100 23031312   1.406  1.353  
23031800 23032012   3.670  4.409  
23032500 23032712   4.280  6.244  
23040100 23040312   6.990  3.338  
23040800 23041012   5.205  4.787  
23041500 23041712   1.369  2.254  
23042200 23042412   3.180  4.588  
23042900 23050112   4.103  5.619  
23050600 23050812   12.547  13.099  
23051300 23051512   5.294  6.056  
23052000 23052212   6.895  6.885  
23052700 23052912   1.544  1.161  
23060300 23060512   3.770  3.497  
23061000 23061212   3.552  5.999  
23061700 23061912   13.258  14.514  
23062400 23062612   5.012  5.272  
23070100 23070312   4.607  4.908  
23070800 23071012   5.825  6.698  
23071500 23071712   4.621  4.333  
23072200 23072412   1.061  1.243  
23072900 23073112   3.893  3.176  
23080500 23080712   5.567  5.810  
23081200 23081412   1.929  2.034  
23081900 23082112   4.631  4.950  
23082600 23082812   4.619  5.355  
23090200 23090412   1.826  1.567  
23090900 23091112   4.278  3.435  
23091600 23091812   10.892  11.944  
23092300 23092512   5.141  5.444  
23093000 23100212   1.023  0.889  
23100700 23100912   1.213  1.974  
23101400 23101612   5.155  6.215  
23102100 23102312   0.989  1.584  
23102800 23103012   5.481  5.888  
