22100100 22100312   0.000  0.001  
22100800 22101012   0.000  0.000  
22101500 22101712   0.000  0.001  
22102200 22102412   0.166  0.217  
22102900 22103112   0.259  0.265  
22110500 22110712   0.219  0.316  
22111200 22111412   0.000  0.000  
22111900 22112112   0.006  0.006  
22112600 22112812   0.197  0.198  
22120300 22120512   0.121  0.125  
22121000 22121212   0.516  0.404  
22121700 22121912   0.010  0.010  
22122400 22122612   0.695  0.735  
22123100 23010212   0.191  0.271  
23010700 23010912   0.363  0.303  
23011400 23011612   0.475  0.472  
23012100 23012312   1.543  1.540  
23012800 23013012   0.000  0.001  
23020400 23020612   0.143  0.291  
23021100 23021312   0.040  0.098  
23021800 23022012   0.019  0.020  
23022500 23022712   0.191  0.190  
23030400 23030612   0.316  0.568  
23031100 23031312   0.160  0.150  
23031800 23032012   0.000  0.002  
23032500 23032712   0.074  0.108  
23040100 23040312   0.775  0.803  
23040800 23041012   0.206  0.159  
23041500 23041712   0.594  0.596  
23042200 23042412   0.153  0.156  
23042900 23050112   0.000  0.000  
23050600 23050812   0.193  0.382  
23051300 23051512   0.000  0.000  
23052000 23052212   0.019  0.019  
23052700 23052912   0.001  0.006  
23060300 23060512   0.000  0.000  
23061000 23061212   0.419  0.697  
23061700 23061912   0.038  0.058  
23062400 23062612   0.027  0.019  
23070100 23070312   0.000  0.002  
23070800 23071012   0.004  0.008  
23071500 23071712   0.000  0.000  
23072200 23072412   0.000  0.002  
23072900 23073112   0.002  0.001  
23080500 23080712   0.018  0.018  
23081200 23081412   0.000  0.001  
23081900 23082112   0.000  0.000  
23082600 23082812   0.003  0.002  
23090200 23090412   0.037  0.037  
23090900 23091112   0.000  0.000  
23091600 23091812   0.040  0.040  
23092300 23092512   0.065  0.056  
23093000 23100212   0.006  0.007  
23100700 23100912   0.000  0.000  
23101400 23101612   0.126  0.148  
23102100 23102312   0.000  0.000  
23102800 23103012   0.000  0.000  
