22100100 22100312   2.908  0.923  
22100800 22101012   2.309  3.594  
22101500 22101712   1.708  1.905  
22102200 22102412   3.478  3.817  
22102900 22103112   2.354  2.739  
22110500 22110712   2.136  2.082  
22111200 22111412   0.115  0.699  
22111900 22112112   1.266  1.060  
22112600 22112812   1.454  1.505  
22120300 22120512   1.206  1.263  
22121000 22121212   1.856  1.572  
22121700 22121912   1.517  1.630  
22122400 22122612   3.792  3.553  
22123100 23010212   1.372  0.825  
23010700 23010912   1.723  1.714  
23011400 23011612   3.396  1.406  
23012100 23012312   0.776  2.260  
23012800 23013012   0.908  0.726  
23020400 23020612   2.743  1.135  
23021100 23021312   0.464  0.706  
23021800 23022012   3.213  2.592  
23022500 23022712   1.288  0.728  
23030400 23030612   1.099  1.022  
23031100 23031312   0.512  0.471  
23031800 23032012   2.512  1.262  
23032500 23032712   1.515  1.517  
23040100 23040312   0.746  0.668  
23040800 23041012   1.627  1.766  
23041500 23041712   1.465  1.715  
23042200 23042412   0.404  0.267  
23042900 23050112   1.426  1.940  
23050600 23050812   1.385  1.544  
23051300 23051512   1.579  1.496  
23052000 23052212   2.291  2.737  
23052700 23052912   0.889  2.932  
23060300 23060512   1.448  1.479  
23061000 23061212   1.495  1.062  
23061700 23061912   1.464  1.589  
23062400 23062612   3.276  3.433  
23070100 23070312   0.438  0.354  
23070800 23071012   2.420  2.510  
23071500 23071712   2.034  2.115  
23072200 23072412   0.313  0.264  
23072900 23073112   0.635  0.556  
23080500 23080712   1.572  1.540  
23081200 23081412   5.280  3.240  
23081900 23082112   0.794  0.620  
23082600 23082812   0.367  0.668  
23090200 23090412   0.692  0.840  
23090900 23091112   2.874  1.997  
23091600 23091812   1.534  1.722  
23092300 23092512   2.857  3.403  
23093000 23100212   0.676  0.894  
23100700 23100912   2.095  2.326  
23101400 23101612   1.697  1.593  
23102100 23102312   1.226  1.282  
23102800 23103012   0.938  1.335  
