22100100 22100312   0.000  0.001  
22100800 22101012   0.000  0.000  
22101500 22101712   0.000  0.000  
22102200 22102412   0.128  0.146  
22102900 22103112   0.133  0.172  
22110500 22110712   0.217  0.473  
22111200 22111412   0.000  0.000  
22111900 22112112   0.003  0.003  
22112600 22112812   0.052  0.052  
22120300 22120512   0.133  0.125  
22121000 22121212   0.542  0.494  
22121700 22121912   0.046  0.046  
22122400 22122612   0.327  0.504  
22123100 23010212   0.315  0.603  
23010700 23010912   0.088  0.200  
23011400 23011612   0.647  0.740  
23012100 23012312   0.292  0.262  
23012800 23013012   0.000  0.001  
23020400 23020612   0.166  0.603  
23021100 23021312   0.095  0.176  
23021800 23022012   0.006  0.016  
23022500 23022712   1.737  1.736  
23030400 23030612   0.434  0.415  
23031100 23031312   0.032  0.045  
23031800 23032012   0.003  0.003  
23032500 23032712   0.052  0.163  
23040100 23040312   0.497  0.160  
23040800 23041012   0.221  0.186  
23041500 23041712   0.030  0.034  
23042200 23042412   0.255  0.315  
23042900 23050112   0.012  0.012  
23050600 23050812   0.176  0.493  
23051300 23051512   0.000  0.000  
23052000 23052212   0.000  0.001  
23052700 23052912   0.000  0.007  
23060300 23060512   0.000  0.000  
23061000 23061212   0.292  0.292  
23061700 23061912   0.017  0.041  
23062400 23062612   0.016  0.019  
23070100 23070312   0.000  0.002  
23070800 23071012   0.005  0.015  
23071500 23071712   0.000  0.000  
23072200 23072412   0.003  0.011  
23072900 23073112   0.001  0.009  
23080500 23080712   0.003  0.003  
23081200 23081412   0.004  0.002  
23081900 23082112   0.000  0.005  
23082600 23082812   0.002  0.002  
23090200 23090412   0.000  0.000  
23090900 23091112   0.010  0.011  
23091600 23091812   0.021  0.021  
23092300 23092512   0.072  0.060  
23093000 23100212   0.000  0.006  
23100700 23100912   0.000  0.000  
23101400 23101612   0.318  0.330  
23102100 23102312   0.000  0.000  
23102800 23103012   0.000  0.000  
