22100100 22100312   2.472  2.384  
22100800 22101012   0.282  0.401  
22101500 22101712   2.580  2.147  
22102200 22102412   1.595  0.902  
22102900 22103112   1.682  2.865  
22110500 22110712   11.205  15.542  
22111200 22111412   1.082  1.022  
22111900 22112112   1.484  1.053  
22112600 22112812   7.960  9.081  
22120300 22120512   3.850  4.261  
22121000 22121212   5.689  5.045  
22121700 22121912   3.036  3.251  
22122400 22122612   2.798  3.367  
22123100 23010212   7.373  6.564  
23010700 23010912   6.428  7.236  
23011400 23011612   4.001  3.013  
23012100 23012312   7.676  8.047  
23012800 23013012   10.144  11.125  
23020400 23020612   8.218  14.314  
23021100 23021312   1.130  2.840  
23021800 23022012   0.591  0.712  
23022500 23022712   2.560  2.700  
23030400 23030612   2.173  2.632  
23031100 23031312   5.089  5.870  
23031800 23032012   2.586  2.624  
23032500 23032712   1.430  3.159  
23040100 23040312   4.729  10.717  
23040800 23041012   1.890  2.384  
23041500 23041712   4.179  4.772  
23042200 23042412   5.926  6.474  
23042900 23050112   0.894  1.491  
23050600 23050812   1.153  1.999  
23051300 23051512   1.501  1.444  
23052000 23052212   3.242  3.523  
23052700 23052912   0.956  0.408  
23060300 23060512   1.931  1.775  
23061000 23061212   0.649  2.215  
23061700 23061912   2.864  4.243  
23062400 23062612   1.181  0.567  
23070100 23070312   3.477  3.561  
23070800 23071012   3.219  3.109  
23071500 23071712   0.870  0.827  
23072200 23072412   1.954  1.752  
23072900 23073112   2.792  3.883  
23080500 23080712   1.676  1.256  
23081200 23081412   1.102  1.719  
23081900 23082112   4.165  4.139  
23082600 23082812   1.763  1.915  
23090200 23090412   3.954  4.130  
23090900 23091112   2.745  2.936  
23091600 23091812   1.581  2.019  
23092300 23092512   2.824  2.973  
23093000 23100212   0.656  0.934  
23100700 23100912   1.617  0.984  
23101400 23101612   2.750  3.507  
23102100 23102312   2.091  1.539  
23102800 23103012   2.383  2.995  
