22100100 22100312   2.135  0.287  
22100800 22101012   0.527  1.434  
22101500 22101712   1.362  1.544  
22102200 22102412   2.291  2.148  
22102900 22103112   1.051  1.048  
22110500 22110712   0.868  2.020  
22111200 22111412   0.660  1.155  
22111900 22112112   0.261  0.268  
22112600 22112812   2.687  2.731  
22120300 22120512   0.759  0.732  
22121000 22121212   3.508  3.332  
22121700 22121912   0.940  1.058  
22122400 22122612   2.825  2.854  
22123100 23010212   0.286  0.317  
23010700 23010912   0.986  0.900  
23011400 23011612   3.310  0.649  
23012100 23012312   1.251  2.618  
23012800 23013012   0.642  1.097  
23020400 23020612   1.809  0.542  
23021100 23021312   0.840  1.493  
23021800 23022012   1.674  1.106  
23022500 23022712   0.459  0.363  
23030400 23030612   0.766  0.718  
23031100 23031312   0.321  0.290  
23031800 23032012   0.952  0.605  
23032500 23032712   0.982  0.924  
23040100 23040312   1.046  0.938  
23040800 23041012   1.612  1.585  
23041500 23041712   1.191  1.247  
23042200 23042412   0.564  0.484  
23042900 23050112   3.667  3.514  
23050600 23050812   0.470  0.343  
23051300 23051512   3.236  2.805  
23052000 23052212   2.794  2.151  
23052700 23052912   0.621  1.547  
23060300 23060512   0.433  0.306  
23061000 23061212   0.933  2.781  
23061700 23061912   0.686  0.745  
23062400 23062612   4.457  4.529  
23070100 23070312   1.568  1.627  
23070800 23071012   4.105  4.109  
23071500 23071712   0.990  0.747  
23072200 23072412   0.454  0.437  
23072900 23073112   0.589  0.485  
23080500 23080712   1.948  1.991  
23081200 23081412   4.830  2.484  
23081900 23082112   0.559  0.573  
23082600 23082812   0.402  0.638  
23090200 23090412   0.381  0.397  
23090900 23091112   3.138  2.227  
23091600 23091812   1.249  1.087  
23092300 23092512   2.409  2.751  
23093000 23100212   0.290  0.219  
23100700 23100912   0.923  0.868  
23101400 23101612   0.699  0.768  
23102100 23102312   0.843  0.791  
23102800 23103012   0.263  0.245  
