22100100 22100312   0.000  0.001  
22100800 22101012   0.000  0.000  
22101500 22101712   0.000  0.001  
22102200 22102412   0.358  0.427  
22102900 22103112   0.444  0.446  
22110500 22110712   0.506  1.272  
22111200 22111412   0.000  0.004  
22111900 22112112   0.000  0.000  
22112600 22112812   0.415  0.359  
22120300 22120512   0.088  0.060  
22121000 22121212   0.159  0.187  
22121700 22121912   0.019  0.013  
22122400 22122612   10.292  10.110  
22123100 23010212   0.233  0.351  
23010700 23010912   0.057  0.070  
23011400 23011612   0.544  0.524  
23012100 23012312   0.780  0.758  
23012800 23013012   0.003  0.002  
23020400 23020612   0.188  0.084  
23021100 23021312   0.110  0.250  
23021800 23022012   0.038  0.045  
23022500 23022712   0.394  0.393  
23030400 23030612   0.115  0.170  
23031100 23031312   0.201  0.232  
23031800 23032012   0.000  0.001  
23032500 23032712   0.234  0.335  
23040100 23040312   0.313  0.444  
23040800 23041012   0.470  0.544  
23041500 23041712   0.203  0.159  
23042200 23042412   0.142  0.167  
23042900 23050112   0.000  0.000  
23050600 23050812   0.111  0.260  
23051300 23051512   0.000  0.000  
23052000 23052212   0.009  0.010  
23052700 23052912   0.009  0.036  
23060300 23060512   0.000  0.001  
23061000 23061212   0.483  0.210  
23061700 23061912   0.213  0.308  
23062400 23062612   0.026  0.061  
23070100 23070312   0.001  0.003  
23070800 23071012   0.037  0.034  
23071500 23071712   0.000  0.000  
23072200 23072412   0.006  0.013  
23072900 23073112   0.007  0.027  
23080500 23080712   0.000  0.004  
23081200 23081412   0.001  0.005  
23081900 23082112   0.000  0.000  
23082600 23082812   0.013  0.008  
23090200 23090412   0.086  0.086  
23090900 23091112   0.001  0.002  
23091600 23091812   0.030  0.030  
23092300 23092512   3.494  3.506  
23093000 23100212   0.001  0.008  
23100700 23100912   0.000  0.000  
23101400 23101612   0.077  0.082  
23102100 23102312   0.003  0.003  
23102800 23103012   0.000  0.000  
