22100100 22100312   0.814  0.906  
22100800 22101012   0.438  0.561  
22101500 22101712   1.473  1.624  
22102200 22102412   1.364  1.857  
22102900 22103112   1.894  1.459  
22110500 22110712   16.037  17.627  
22111200 22111412   2.221  2.367  
22111900 22112112   0.427  0.823  
22112600 22112812   3.322  2.377  
22120300 22120512   5.365  8.187  
22121000 22121212   8.634  10.546  
22121700 22121912   0.791  0.896  
22122400 22122612   1.570  2.484  
22123100 23010212   1.348  1.293  
23010700 23010912   1.134  2.803  
23011400 23011612   2.477  2.455  
23012100 23012312   0.761  0.933  
23012800 23013012   4.556  5.215  
23020400 23020612   7.068  14.950  
23021100 23021312   2.373  3.065  
23021800 23022012   3.654  3.778  
23022500 23022712   1.847  1.979  
23030400 23030612   0.670  1.391  
23031100 23031312   1.439  1.106  
23031800 23032012   5.948  5.881  
23032500 23032712   4.181  6.892  
23040100 23040312   1.636  1.288  
23040800 23041012   5.829  4.299  
23041500 23041712   0.619  0.836  
23042200 23042412   1.687  1.900  
23042900 23050112   2.131  3.448  
23050600 23050812   1.649  2.649  
23051300 23051512   3.107  4.745  
23052000 23052212   3.508  3.661  
23052700 23052912   5.203  3.440  
23060300 23060512   0.707  0.831  
23061000 23061212   1.397  3.283  
23061700 23061912   2.624  3.533  
23062400 23062612   0.695  0.299  
23070100 23070312   3.741  4.468  
23070800 23071012   1.177  2.616  
23071500 23071712   2.762  1.998  
23072200 23072412   2.606  3.270  
23072900 23073112   3.349  4.105  
23080500 23080712   0.883  1.306  
23081200 23081412   1.343  1.260  
23081900 23082112   4.607  4.154  
23082600 23082812   2.786  2.651  
23090200 23090412   2.080  3.659  
23090900 23091112   3.662  4.503  
23091600 23091812   1.212  1.829  
23092300 23092512   1.584  3.311  
23093000 23100212   0.886  1.504  
23100700 23100912   1.807  1.195  
23101400 23101612   1.990  3.316  
23102100 23102312   1.394  1.445  
23102800 23103012   3.005  2.379  
