22100100 22100312   0.378  0.426  
22100800 22101012   1.122  1.238  
22101500 22101712   2.999  2.420  
22102200 22102412   0.648  2.032  
22102900 22103112   3.853  4.678  
22110500 22110712   6.505  11.821  
22111200 22111412   2.348  2.560  
22111900 22112112   0.764  0.781  
22112600 22112812   19.193  19.512  
22120300 22120512   4.139  5.172  
22121000 22121212   9.000  8.542  
22121700 22121912   11.017  11.897  
22122400 22122612   12.852  13.220  
22123100 23010212   3.593  3.801  
23010700 23010912   6.663  8.456  
23011400 23011612   4.279  2.618  
23012100 23012312   3.244  4.163  
23012800 23013012   18.508  19.485  
23020400 23020612   9.217  15.485  
23021100 23021312   1.671  4.498  
23021800 23022012   1.490  1.165  
23022500 23022712   6.868  8.364  
23030400 23030612   2.159  2.644  
23031100 23031312   3.236  3.892  
23031800 23032012   1.413  1.504  
23032500 23032712   4.124  6.025  
23040100 23040312   5.941  1.142  
23040800 23041012   4.959  3.149  
23041500 23041712   3.518  4.149  
23042200 23042412   1.650  1.777  
23042900 23050112   1.102  2.219  
23050600 23050812   3.413  3.960  
23051300 23051512   1.737  2.407  
23052000 23052212   3.318  3.718  
23052700 23052912   1.474  2.458  
23060300 23060512   0.923  0.895  
23061000 23061212   3.235  5.183  
23061700 23061912   4.266  5.865  
23062400 23062612   2.605  2.299  
