22100100 22100312   5.097  3.407  
22100800 22101012   1.720  0.822  
22101500 22101712   1.688  1.554  
22102200 22102412   0.669  1.300  
22102900 22103112   0.295  0.403  
22110500 22110712   2.578  3.904  
22111200 22111412   0.110  0.237  
22111900 22112112   0.377  0.197  
22112600 22112812   1.114  1.015  
22120300 22120512   0.245  0.368  
22121000 22121212   2.215  1.882  
22121700 22121912   2.006  2.355  
22122400 22122612   4.446  4.587  
22123100 23010212   0.823  0.418  
23010700 23010912   0.900  1.104  
23011400 23011612   3.661  0.750  
23012100 23012312   0.260  1.200  
23012800 23013012   0.696  1.004  
23020400 23020612   1.737  0.153  
23021100 23021312   0.836  0.288  
23021800 23022012   2.119  1.365  
23022500 23022712   1.171  1.936  
23030400 23030612   1.538  1.537  
23031100 23031312   0.447  0.354  
23031800 23032012   3.248  1.935  
23032500 23032712   0.612  0.611  
23040100 23040312   1.937  1.940  
23040800 23041012   0.230  0.205  
23041500 23041712   0.172  0.260  
23042200 23042412   0.648  0.551  
23042900 23050112   2.346  3.084  
23050600 23050812   0.223  0.279  
23051300 23051512   4.939  4.447  
23052000 23052212   2.619  2.499  
23052700 23052912   1.313  3.366  
23060300 23060512   1.391  1.390  
23061000 23061212   1.255  0.599  
23061700 23061912   0.338  0.316  
23062400 23062612   4.444  4.808  
23070100 23070312   1.181  1.119  
23070800 23071012   2.956  3.041  
23071500 23071712   2.742  2.727  
23072200 23072412   1.788  1.863  
23072900 23073112   1.896  1.831  
23080500 23080712   3.958  4.327  
23081200 23081412   3.289  1.626  
23081900 23082112   2.639  2.786  
23082600 23082812   4.133  4.289  
23090200 23090412   3.505  3.572  
23090900 23091112   2.963  2.319  
23091600 23091812   1.689  1.927  
23092300 23092512   2.752  3.142  
23093000 23100212   2.272  2.684  
23100700 23100912   3.440  3.219  
23101400 23101612   2.435  2.272  
23102100 23102312   0.962  0.727  
23102800 23103012   0.556  1.308  
