22100100 22100312   2.566  2.911  
22100800 22101012   8.361  9.651  
22101500 22101712   5.050  5.379  
22102200 22102412   2.652  2.514  
22102900 22103112   9.127  11.997  
22110500 22110712   4.507  4.306  
22111200 22111412   6.024  8.477  
22111900 22112112   5.258  4.929  
22112600 22112812   34.811  34.157  
22120300 22120512   9.999  13.955  
22121000 22121212   9.738  7.787  
22121700 22121912   4.919  4.927  
22122400 22122612   8.423  10.508  
22123100 23010212   7.325  6.250  
23010700 23010912   20.627  22.394  
23011400 23011612   15.141  9.935  
23012100 23012312   6.879  7.871  
23012800 23013012   26.995  28.337  
23020400 23020612   14.680  11.422  
23021100 23021312   13.691  19.066  
23021800 23022012   3.617  5.074  
23022500 23022712   3.154  3.745  
23030400 23030612   28.799  33.114  
23031100 23031312   3.264  3.267  
23031800 23032012   4.327  3.765  
23032500 23032712   3.083  4.365  
23040100 23040312   20.277  16.027  
23040800 23041012   21.102  22.645  
23041500 23041712   18.122  18.093  
23042200 23042412   4.454  3.783  
23042900 23050112   9.362  9.566  
23050600 23050812   5.814  5.735  
23051300 23051512   5.568  4.887  
23052000 23052212   8.496  9.401  
23052700 23052912   14.419  14.520  
23060300 23060512   2.127  2.153  
23061000 23061212   3.481  6.276  
23061700 23061912   2.304  2.770  
23062400 23062612   7.029  6.933  
23070100 23070312   13.214  13.436  
23070800 23071012   10.481  12.183  
23071500 23071712   8.842  8.737  
23072200 23072412   7.140  6.799  
23072900 23073112   4.988  5.788  
23080500 23080712   10.677  11.163  
23081200 23081412   1.602  1.856  
23081900 23082112   10.561  12.133  
23082600 23082812   1.899  2.439  
23090200 23090412   2.352  3.305  
23090900 23091112   2.616  2.224  
23091600 23091812   14.764  15.655  
23092300 23092512   3.129  3.704  
23093000 23100212   8.750  9.156  
23100700 23100912   9.661  9.664  
23101400 23101612   11.039  12.812  
23102100 23102312   2.910  3.466  
23102800 23103012   9.927  10.579  
