22100100 22100312   1.695  1.750  
22100800 22101012   1.233  1.281  
22101500 22101712   10.795  10.075  
22102200 22102412   4.297  3.880  
22102900 22103112   2.203  4.510  
22110500 22110712   9.126  10.955  
22111200 22111412   2.750  1.866  
22111900 22112112   1.323  1.232  
22112600 22112812   2.614  2.986  
22120300 22120512   5.755  9.290  
22121000 22121212   6.317  8.892  
22121700 22121912   3.077  3.359  
22122400 22122612   2.444  1.062  
22123100 23010212   9.071  11.054  
23010700 23010912   4.994  10.056  
23011400 23011612   2.323  2.982  
23012100 23012312   1.720  1.807  
23012800 23013012   2.767  2.964  
23020400 23020612   3.504  9.510  
23021100 23021312   6.477  5.860  
23021800 23022012   0.581  0.875  
23022500 23022712   8.498  8.561  
23030400 23030612   1.022  1.201  
23031100 23031312   4.190  2.572  
23031800 23032012   2.188  2.814  
23032500 23032712   3.196  1.538  
23040100 23040312   12.048  15.064  
23040800 23041012   6.028  5.153  
23041500 23041712   6.237  6.240  
23042200 23042412   9.232  10.258  
23042900 23050112   2.452  3.018  
23050600 23050812   1.628  1.255  
23051300 23051512   7.770  9.366  
23052000 23052212   2.496  1.991  
23052700 23052912   1.645  2.293  
23060300 23060512   2.875  2.232  
23061000 23061212   2.428  2.552  
23061700 23061912   3.765  3.439  
23062400 23062612   1.196  0.344  
23070100 23070312   1.385  1.767  
23070800 23071012   4.855  5.361  
23071500 23071712   1.262  1.452  
23072200 23072412   3.707  3.707  
23072900 23073112   0.909  1.084  
23080500 23080712   10.067  10.225  
23081200 23081412   1.219  2.248  
23081900 23082112   1.353  1.518  
23082600 23082812   9.544  9.844  
23090200 23090412   4.684  3.903  
23090900 23091112   3.917  3.876  
23091600 23091812   3.335  4.569  
23092300 23092512   1.899  3.931  
23093000 23100212   1.749  0.765  
23100700 23100912   1.904  2.575  
23101400 23101612   6.758  7.138  
23102100 23102312   1.618  0.618  
23102800 23103012   0.507  1.082  
