22100100 22100312   1.708  0.704  
22100800 22101012   1.058  2.063  
22101500 22101712   1.616  1.550  
22102200 22102412   5.843  6.006  
22102900 22103112   4.304  4.620  
22110500 22110712   1.096  2.237  
22111200 22111412   0.148  0.572  
22111900 22112112   0.880  0.699  
22112600 22112812   3.008  3.080  
22120300 22120512   1.147  1.542  
22121000 22121212   0.256  0.306  
22121700 22121912   1.220  1.150  
22122400 22122612   2.595  2.585  
22123100 23010212   0.290  0.772  
23010700 23010912   1.874  1.938  
23011400 23011612   3.448  1.049  
23012100 23012312   0.884  0.405  
23012800 23013012   1.609  1.061  
23020400 23020612   0.493  0.636  
23031800 23032012   0.678  1.122  
23032500 23032712   2.662  2.490  
23040100 23040312   0.655  0.646  
23040800 23041012   2.675  2.751  
23041500 23041712   1.953  2.149  
23042200 23042412   0.551  0.519  
23042900 23050112   5.107  5.239  
23050600 23050812   2.083  2.111  
23051300 23051512   1.428  1.488  
23052000 23052212   2.002  3.174  
23052700 23052912   0.406  2.583  
23060300 23060512   2.959  3.061  
23061000 23061212   2.199  0.587  
23061700 23061912   1.836  1.886  
23062400 23062612   3.974  3.993  
23070100 23070312   0.731  0.754  
23070800 23071012   3.223  3.306  
23071500 23071712   0.898  0.447  
23072200 23072412   0.386  0.327  
23072900 23073112   0.813  0.706  
23080500 23080712   3.567  3.588  
23081200 23081412   4.411  2.343  
23081900 23082112   0.595  0.538  
23082600 23082812   1.414  1.256  
23090200 23090412   1.636  1.764  
23090900 23091112   2.492  1.495  
23091600 23091812   2.197  2.361  
23092300 23092512   2.929  3.678  
23093000 23100212   0.890  1.030  
23100700 23100912   4.147  4.175  
23101400 23101612   1.604  1.480  
23102100 23102312   2.026  1.989  
23102800 23103012   1.910  2.261  
