22100100 22100312   3.056  0.907  
22100800 22101012   1.845  3.042  
22101500 22101712   1.819  1.821  
22102200 22102412   1.457  1.746  
22102900 22103112   1.935  2.070  
22110500 22110712   1.966  3.064  
22111200 22111412   0.779  1.317  
22111900 22112112   2.855  2.772  
22112600 22112812   3.044  3.116  
22120300 22120512   0.855  0.837  
22121000 22121212   4.186  3.915  
22121700 22121912   1.277  1.352  
22122400 22122612   2.430  2.279  
22123100 23010212   0.658  0.830  
23010700 23010912   0.985  0.933  
23011400 23011612   2.942  1.880  
23012100 23012312   0.876  2.008  
23012800 23013012   1.603  2.069  
23020400 23020612   3.414  2.026  
23021100 23021312   0.763  0.691  
23021800 23022012   2.281  1.698  
23022500 23022712   1.911  0.461  
23030400 23030612   2.121  1.963  
23031100 23031312   0.799  0.687  
23031800 23032012   4.124  2.920  
23032500 23032712   0.674  0.752  
23040100 23040312   4.239  4.156  
23040800 23041012   1.444  1.511  
23041500 23041712   1.618  1.801  
23042200 23042412   0.919  0.805  
23042900 23050112   1.964  2.593  
23050600 23050812   0.390  0.381  
23051300 23051512   6.200  6.039  
23052000 23052212   2.779  3.172  
23052700 23052912   1.715  4.258  
23060300 23060512   0.714  0.533  
23061000 23061212   1.582  3.552  
23061700 23061912   0.514  0.494  
23062400 23062612   4.597  5.010  
23070100 23070312   1.693  1.840  
23070800 23071012   4.612  4.665  
23071500 23071712   2.405  2.694  
23072200 23072412   2.076  1.962  
23072900 23073112   1.562  1.839  
23080500 23080712   2.633  2.873  
23081200 23081412   4.492  2.272  
23081900 23082112   0.770  0.976  
23082600 23082812   1.994  1.830  
23090200 23090412   2.881  2.683  
23090900 23091112   6.124  4.986  
23091600 23091812   2.730  2.807  
23092300 23092512   5.147  5.753  
23093000 23100212   0.579  0.756  
23100700 23100912   1.191  1.271  
23101400 23101612   1.760  1.754  
23102100 23102312   1.244  1.272  
23102800 23103012   0.675  0.419  
