22100100 22100312   5.375  3.593  
22100800 22101012   0.631  1.336  
22101500 22101712   1.169  1.135  
22102200 22102412   2.909  3.345  
22102900 22103112   0.398  0.736  
23031100 23031312   1.516  1.280  
23031800 23032012   1.448  0.586  
23032500 23032712   0.532  0.581  
23040100 23040312   2.706  2.725  
23040800 23041012   0.305  0.195  
23041500 23041712   0.135  0.303  
23042200 23042412   2.250  2.136  
23042900 23050112   5.810  6.095  
23050600 23050812   0.571  0.467  
23051300 23051512   6.131  5.880  
23052000 23052212   2.505  3.557  
23052700 23052912   0.885  1.127  
23060300 23060512   1.062  0.879  
23061000 23061212   4.673  3.238  
23061700 23061912   0.315  0.350  
23062400 23062612   4.557  4.795  
23070100 23070312   0.971  0.831  
23070800 23071012   0.783  0.823  
23071500 23071712   2.739  2.774  
23072200 23072412   0.543  0.580  
23072900 23073112   2.018  1.991  
23080500 23080712   3.230  3.378  
23081200 23081412   1.648  1.660  
23081900 23082112   1.959  2.243  
23082600 23082812   3.557  3.583  
23090200 23090412   4.115  4.393  
23090900 23091112   1.962  1.267  
23091600 23091812   2.283  2.718  
23092300 23092512   1.528  1.820  
23093000 23100212   6.005  6.295  
23100700 23100912   0.897  0.741  
23101400 23101612   1.365  1.193  
23102100 23102312   0.699  0.673  
23102800 23103012   0.874  1.492  
