22100100 22100312   0.000  0.001  
22100800 22101012   0.000  0.000  
22101500 22101712   0.000  0.000  
22102200 22102412   0.302  0.304  
22102900 22103112   0.466  0.491  
22110500 22110712   0.304  0.443  
22111200 22111412   0.000  0.000  
22111900 22112112   0.015  0.015  
22112600 22112812   0.064  0.066  
22120300 22120512   0.123  0.128  
22121000 22121212   0.533  0.439  
22121700 22121912   0.127  0.131  
22122400 22122612   0.669  0.559  
22123100 23010212   0.325  0.550  
23010700 23010912   1.322  1.199  
23011400 23011612   0.725  0.754  
23012100 23012312   0.299  0.298  
23012800 23013012   0.001  0.001  
23020400 23020612   0.371  0.766  
23021100 23021312   0.064  0.142  
23021800 23022012   0.017  0.018  
23022500 23022712   0.362  0.362  
23030400 23030612   0.349  0.388  
23031100 23031312   0.147  0.137  
23031800 23032012   0.001  0.003  
23032500 23032712   0.086  0.121  
23040100 23040312   0.587  0.835  
23040800 23041012   0.486  0.460  
23041500 23041712   1.283  1.285  
23042200 23042412   0.345  0.441  
23042900 23050112   0.000  0.000  
23050600 23050812   0.229  0.452  
23051300 23051512   0.000  0.000  
23052000 23052212   0.022  0.022  
23052700 23052912   0.001  0.007  
23060300 23060512   0.000  0.000  
23061000 23061212   0.458  0.578  
23061700 23061912   0.053  0.062  
23062400 23062612   0.021  0.024  
23070100 23070312   0.000  0.002  
23070800 23071012   0.008  0.013  
23071500 23071712   0.000  0.000  
23072200 23072412   0.001  0.004  
23072900 23073112   0.002  0.004  
23080500 23080712   0.003  0.004  
23081200 23081412   0.000  0.001  
23081900 23082112   0.000  0.000  
23082600 23082812   0.005  0.004  
23090200 23090412   0.003  0.003  
23090900 23091112   0.000  0.000  
23091600 23091812   0.017  0.017  
23092300 23092512   0.075  0.065  
23093000 23100212   0.001  0.004  
23100700 23100912   0.000  0.000  
23101400 23101612   0.147  0.168  
23102100 23102312   0.001  0.001  
23102800 23103012   0.000  0.000  
