22100100 22100312   4.069  2.231  
22100800 22101012   1.893  2.945  
22101500 22101712   2.095  1.965  
22102200 22102412   2.202  2.610  
22102900 22103112   1.229  1.338  
22110500 22110712   2.971  4.057  
22111200 22111412   1.645  1.266  
22111900 22112112   1.387  1.236  
22112600 22112812   2.730  2.556  
22120300 22120512   2.542  2.563  
22121000 22121212   2.777  2.617  
22121700 22121912   2.785  3.394  
22122400 22122612   3.824  3.416  
22123100 23010212   0.492  0.373  
23010700 23010912   0.611  0.887  
23011400 23011612   3.265  1.040  
23012100 23012312   1.048  2.811  
23012800 23013012   1.355  2.029  
23020400 23020612   2.736  1.472  
23021100 23021312   1.383  0.873  
23021800 23022012   2.666  2.085  
23022500 23022712   1.257  1.343  
23030400 23030612   1.143  0.967  
23031100 23031312   1.215  1.240  
23031800 23032012   1.503  0.875  
23032500 23032712   2.198  2.181  
23040100 23040312   1.779  1.724  
23040800 23041012   1.087  1.158  
23041500 23041712   0.295  0.346  
23042200 23042412   1.505  1.527  
23042900 23050112   4.535  5.741  
23050600 23050812   1.669  1.850  
23051300 23051512   8.309  8.448  
23052000 23052212   1.131  2.580  
23052700 23052912   0.910  1.003  
23060300 23060512   0.899  0.998  
23061000 23061212   1.605  0.773  
23061700 23061912   0.370  0.419  
23062400 23062612   2.342  2.816  
23070100 23070312   2.740  2.760  
23070800 23071012   1.352  1.229  
23071500 23071712   0.757  0.580  
23072200 23072412   0.468  0.425  
23072900 23073112   0.980  0.841  
23080500 23080712   3.489  3.824  
23081200 23081412   4.499  2.542  
23081900 23082112   1.598  1.837  
23082600 23082812   3.420  2.943  
23090200 23090412   2.022  1.913  
23090900 23091112   3.613  2.750  
23091600 23091812   2.023  2.257  
23092300 23092512   2.231  2.476  
23093000 23100212   1.374  1.480  
23100700 23100912   1.095  1.246  
23101400 23101612   0.676  0.666  
23102100 23102312   1.081  0.912  
23102800 23103012   1.254  0.789  
