22100100 22100312   4.194  2.173  
22100800 22101012   1.307  2.398  
22101500 22101712   1.947  1.822  
22102200 22102412   2.022  2.312  
22102900 22103112   0.688  0.861  
22110500 22110712   2.341  2.948  
22111200 22111412   1.007  1.485  
22111900 22112112   0.427  0.342  
22112600 22112812   0.939  0.889  
22120300 22120512   0.640  0.681  
22121000 22121212   2.717  2.426  
22121700 22121912   1.365  1.302  
22122400 22122612   4.830  4.581  
22123100 23010212   1.020  0.611  
23010700 23010912   1.705  1.733  
23011400 23011612   2.779  1.694  
23012100 23012312   1.221  2.390  
23012800 23013012   0.943  1.073  
23020400 23020612   2.317  0.798  
23021100 23021312   0.699  1.033  
23021800 23022012   1.653  1.271  
23022500 23022712   0.837  1.061  
23030400 23030612   1.359  1.265  
23031100 23031312   0.692  0.822  
23031800 23032012   4.618  2.995  
23032500 23032712   0.357  0.366  
23040100 23040312   1.181  1.243  
23040800 23041012   3.906  3.782  
23041500 23041712   2.590  3.001  
23042200 23042412   1.158  1.241  
23042900 23050112   2.107  2.810  
23050600 23050812   1.497  1.398  
23051300 23051512   5.503  5.346  
23052000 23052212   3.563  4.059  
23052700 23052912   1.142  3.697  
23060300 23060512   1.292  1.322  
23061000 23061212   1.326  1.836  
23061700 23061912   2.277  2.111  
23062400 23062612   1.812  1.955  
