22100100 22100312   0.012  0.012  
22100800 22101012   0.004  0.004  
22101500 22101712   0.033  0.033  
22102200 22102412   0.196  0.197  
22102900 22103112   0.294  0.314  
22110500 22110712   0.653  1.043  
22111200 22111412   0.000  0.000  
22111900 22112112   0.005  0.005  
22112600 22112812   1.081  1.071  
22120300 22120512   0.067  0.082  
22121000 22121212   0.298  0.324  
22121700 22121912   0.193  0.191  
22122400 22122612   0.523  0.462  
22123100 23010212   0.873  0.920  
23010700 23010912   0.444  0.459  
23011400 23011612   0.715  0.887  
23012100 23012312   0.210  0.204  
23012800 23013012   0.000  0.000  
23020400 23020612   1.255  2.055  
23021100 23021312   0.219  0.349  
23021800 23022012   0.008  0.025  
23022500 23022712   1.191  1.187  
23030400 23030612   0.225  0.317  
23031100 23031312   0.137  0.135  
23031800 23032012   0.006  0.008  
23032500 23032712   0.108  0.164  
23040100 23040312   0.825  0.974  
23040800 23041012   0.297  0.293  
23041500 23041712   0.102  0.099  
23042200 23042412   0.328  0.365  
23042900 23050112   0.001  0.001  
23050600 23050812   0.088  0.281  
23051300 23051512   0.023  0.023  
23052000 23052212   0.021  0.021  
23052700 23052912   0.056  0.092  
23060300 23060512   0.002  0.003  
23061000 23061212   0.181  0.374  
23061700 23061912   0.162  0.208  
23062400 23062612   0.159  0.406  
23070100 23070312   0.005  0.005  
23070800 23071012   0.039  0.139  
23071500 23071712   0.009  0.010  
23072200 23072412   0.008  0.013  
23072900 23073112   0.031  0.084  
23080500 23080712   0.036  0.055  
23081200 23081412   0.024  0.036  
23081900 23082112   0.000  0.012  
23082600 23082812   0.021  0.024  
23090200 23090412   0.019  0.019  
23090900 23091112   0.007  0.007  
23091600 23091812   0.112  0.112  
23092300 23092512   0.152  0.144  
23093000 23100212   0.017  0.063  
23100700 23100912   0.000  0.000  
23101400 23101612   0.301  0.301  
23102100 23102312   0.000  0.001  
23102800 23103012   0.000  0.000  
