22100100 22100312   2.020  0.379  
22100800 22101012   0.936  2.122  
22101500 22101712   0.909  1.019  
22102200 22102412   1.069  1.236  
22102900 22103112   1.863  2.054  
22110500 22110712   1.638  2.595  
22111200 22111412   1.126  1.409  
22111900 22112112   1.978  1.687  
22112600 22112812   2.188  2.133  
22120300 22120512   1.042  1.030  
22121000 22121212   3.713  3.322  
22121700 22121912   1.272  1.241  
22122400 22122612   3.280  2.978  
22123100 23010212   0.943  0.508  
23010700 23010912   0.420  0.491  
23011400 23011612   3.423  1.580  
23012100 23012312   1.010  2.156  
23012800 23013012   2.098  2.527  
23020400 23020612   2.864  1.249  
23021100 23021312   0.686  0.620  
23021800 23022012   2.545  2.046  
23022500 23022712   0.627  1.190  
23030400 23030612   1.112  0.954  
23031100 23031312   0.639  0.565  
23031800 23032012   1.380  0.821  
23032500 23032712   1.091  1.194  
23040100 23040312   1.196  1.208  
23040800 23041012   2.183  2.156  
23041500 23041712   1.915  2.253  
23042200 23042412   1.465  1.447  
23042900 23050112   2.561  2.123  
23050600 23050812   1.302  1.504  
23051300 23051512   1.013  1.218  
23052000 23052212   1.896  1.532  
23052700 23052912   1.788  0.492  
23060300 23060512   2.392  2.436  
23061000 23061212   1.364  1.278  
23061700 23061912   0.736  0.617  
23062400 23062612   0.588  1.017  
23070100 23070312   1.349  1.360  
23070800 23071012   0.768  0.956  
23071500 23071712   3.307  3.475  
23072200 23072412   1.204  1.263  
23072900 23073112   0.747  0.725  
23080500 23080712   1.800  1.746  
23081200 23081412   3.524  1.106  
23081900 23082112   3.100  3.052  
23082600 23082812   0.434  0.848  
23090200 23090412   0.611  0.718  
23090900 23091112   3.717  2.865  
23091600 23091812   0.820  0.678  
23092300 23092512   3.431  4.156  
23093000 23100212   0.516  0.743  
23100700 23100912   1.517  1.822  
23101400 23101612   0.481  0.456  
23102100 23102312   1.212  1.110  
23102800 23103012   1.273  0.860  
