22100100 22100312   0.710  1.744  
22100800 22101012   2.585  1.569  
22101500 22101712   2.953  3.033  
22102200 22102412   0.576  1.426  
22102900 22103112   2.869  2.093  
22110500 22110712   7.557  11.070  
22111200 22111412   1.399  2.069  
22111900 22112112   3.038  3.653  
22112600 22112812   9.760  12.519  
22120300 22120512   5.074  7.450  
22121000 22121212   12.599  13.622  
22121700 22121912   4.467  5.020  
22122400 22122612   4.448  3.580  
22123100 23010212   7.505  9.193  
23010700 23010912   10.817  12.449  
23011400 23011612   6.418  4.161  
23012100 23012312   3.671  3.767  
23012800 23013012   4.058  4.457  
23020400 23020612   3.083  9.061  
23021100 23021312   2.379  2.195  
23021800 23022012   5.352  7.059  
23022500 23022712   6.107  7.506  
23030400 23030612   2.495  3.425  
23031100 23031312   2.541  3.137  
23031800 23032012   3.306  3.509  
23032500 23032712   3.928  6.013  
23040100 23040312   7.589  1.593  
23040800 23041012   6.080  3.022  
23041500 23041712   1.118  1.430  
23042200 23042412   1.289  2.202  
23042900 23050112   1.541  3.428  
23050600 23050812   0.944  1.073  
23051300 23051512   6.771  8.336  
23052000 23052212   2.263  3.069  
23052700 23052912   3.042  6.795  
23060300 23060512   3.950  4.310  
23061000 23061212   6.929  7.076  
23061700 23061912   5.037  8.186  
23062400 23062612   4.079  4.692  
