22100100 22100312   2.152  0.825  
22100800 22101012   2.446  1.608  
22101500 22101712   2.350  2.081  
22102200 22102412   0.596  1.053  
22102900 22103112   1.981  1.707  
22110500 22110712   5.543  9.156  
22111200 22111412   0.780  1.605  
22111900 22112112   1.361  1.716  
22112600 22112812   2.882  5.069  
22120300 22120512   6.956  9.071  
22121000 22121212   10.816  11.921  
22121700 22121912   2.137  2.329  
22122400 22122612   2.852  2.430  
22123100 23010212   7.259  8.428  
23010700 23010912   10.902  12.462  
23011400 23011612   5.975  4.189  
23012100 23012312   4.972  5.047  
23012800 23013012   10.727  11.130  
23020400 23020612   4.470  9.849  
23021100 23021312   1.646  3.296  
23021800 23022012   5.651  6.569  
23022500 23022712   5.518  6.383  
23030400 23030612   4.647  5.776  
23031100 23031312   5.402  6.174  
23031800 23032012   3.980  4.323  
23032500 23032712   2.770  5.010  
23040100 23040312   1.330  6.964  
23040800 23041012   1.430  2.866  
23041500 23041712   2.092  2.977  
23042200 23042412   2.492  3.747  
23042900 23050112   1.985  3.789  
23050600 23050812   2.656  2.777  
23051300 23051512   5.905  7.302  
23052000 23052212   2.103  2.410  
23052700 23052912   2.270  4.114  
23060300 23060512   2.408  2.987  
23061000 23061212   4.370  4.686  
23061700 23061912   5.105  8.086  
23062400 23062612   3.981  4.512  
