22100100 22100312   0.006  0.006  
22100800 22101012   0.009  0.008  
22101500 22101712   0.046  0.046  
22102200 22102412   0.133  0.143  
22102900 22103112   0.213  0.209  
22110500 22110712   0.239  0.278  
22111200 22111412   0.000  0.000  
22111900 22112112   0.009  0.009  
22112600 22112812   0.056  0.054  
22120300 22120512   0.394  0.419  
22121000 22121212   0.570  0.453  
22121700 22121912   0.007  0.008  
22122400 22122612   0.531  0.673  
22123100 23010212   0.100  0.167  
23010700 23010912   0.543  0.484  
23011400 23011612   0.315  0.303  
23012100 23012312   0.776  0.772  
23012800 23013012   0.002  0.002  
23020400 23020612   0.117  0.180  
23021100 23021312   0.015  0.066  
23021800 23022012   0.005  0.008  
23022500 23022712   0.274  0.275  
23030400 23030612   0.333  0.347  
23031100 23031312   0.107  0.099  
23031800 23032012   0.000  0.001  
23032500 23032712   0.156  0.099  
23040100 23040312   0.426  0.524  
23040800 23041012   0.101  0.124  
23041500 23041712   0.201  0.200  
23042200 23042412   0.195  0.126  
23042900 23050112   0.000  0.000  
23050600 23050812   0.155  0.355  
23051300 23051512   0.000  0.000  
23052000 23052212   0.008  0.008  
23052700 23052912   0.000  0.005  
23060300 23060512   0.000  0.000  
23061000 23061212   0.282  0.532  
23061700 23061912   0.004  0.043  
23062400 23062612   0.021  0.015  
23070100 23070312   0.000  0.002  
23070800 23071012   0.015  0.037  
23071500 23071712   0.000  0.000  
23072200 23072412   0.000  0.002  
23072900 23073112   0.001  0.001  
23080500 23080712   0.049  0.048  
23081200 23081412   0.000  0.001  
23081900 23082112   0.000  0.000  
23082600 23082812   0.003  0.002  
23090200 23090412   0.038  0.038  
23090900 23091112   0.000  0.000  
23091600 23091812   0.023  0.022  
23092300 23092512   0.083  0.081  
23093000 23100212   0.000  0.002  
23100700 23100912   0.006  0.006  
23101400 23101612   0.116  0.118  
23102100 23102312   0.000  0.000  
23102800 23103012   0.006  0.006  
