22100100 22100312   0.000  0.001  
22100800 22101012   0.000  0.000  
22101500 22101712   0.000  0.000  
22102200 22102412   0.190  0.184  
22102900 22103112   0.242  0.241  
22110500 22110712   0.286  0.321  
22111200 22111412   0.000  0.000  
22111900 22112112   0.012  0.012  
22112600 22112812   0.031  0.030  
22120300 22120512   0.116  0.120  
22121000 22121212   0.603  0.470  
22121700 22121912   0.034  0.034  
22122400 22122612   0.741  0.821  
22123100 23010212   0.128  0.188  
23010700 23010912   0.930  0.859  
23011400 23011612   0.404  0.386  
23012100 23012312   0.195  0.191  
23012800 23013012   0.002  0.001  
23020400 23020612   0.102  0.227  
23021100 23021312   0.021  0.076  
23021800 23022012   0.006  0.007  
23022500 23022712   0.250  0.253  
23030400 23030612   0.296  0.401  
23031100 23031312   0.158  0.153  
23031800 23032012   0.000  0.002  
23032500 23032712   0.099  0.108  
23040100 23040312   0.432  0.566  
23040800 23041012   0.174  0.178  
23041500 23041712   0.399  0.398  
23042200 23042412   0.249  0.355  
23042900 23050112   0.000  0.000  
23050600 23050812   0.174  0.385  
23051300 23051512   0.000  0.000  
23052000 23052212   0.018  0.018  
23052700 23052912   0.001  0.005  
23060300 23060512   0.000  0.000  
23061000 23061212   0.320  0.552  
23061700 23061912   0.007  0.028  
23062400 23062612   0.005  0.023  
