22100100 22100312   2.337  0.361  
22100800 22101012   2.214  3.119  
22101500 22101712   1.495  1.496  
22102200 22102412   0.719  0.483  
22102900 22103112   2.655  2.462  
22110500 22110712   5.641  5.570  
22111200 22111412   0.359  0.160  
22111900 22112112   2.886  2.151  
22112600 22112812   3.058  3.481  
22120300 22120512   17.427  2.372  
22121000 22121212   6.439  2.846  
22121700 22121912   7.342  1.987  
22122400 22122612   2.543  1.473  
22123100 23010212   1.199  1.045  
23010700 23010912   0.372  0.337  
23011400 23011612   1.329  1.204  
23012100 23012312   2.775  1.124  
23012800 23013012   7.114  3.100  
23020400 23020612   0.636  0.555  
23021100 23021312   1.968  2.307  
23021800 23022012   1.708  2.036  
23022500 23022712   11.901  1.297  
23030400 23030612   4.349  2.055  
23031100 23031312   1.061  0.516  
23031800 23032012   1.120  0.882  
23032500 23032712   1.355  1.031  
23040100 23040312   2.579  2.412  
23040800 23041012   2.907  2.822  
23041500 23041712   2.080  2.276  
23042200 23042412   1.266  1.293  
23042900 23050112   5.028  5.024  
23050600 23050812   1.641  1.165  
23051300 23051512   3.122  3.447  
23052000 23052212   4.669  3.193  
23052700 23052912   1.333  3.371  
23060300 23060512   2.767  3.038  
23061000 23061212   5.742  8.427  
23061700 23061912   2.287  2.553  
23062400 23062612   2.765  2.999  
23070100 23070312   0.889  0.675  
23070800 23071012   0.640  0.748  
23071500 23071712   1.031  1.196  
23072200 23072412   2.049  2.142  
23072900 23073112   1.464  1.507  
23080500 23080712   1.438  1.387  
23081200 23081412   6.430  4.814  
23081900 23082112   2.650  2.926  
23082600 23082812   3.310  3.212  
23090200 23090412   1.664  1.747  
23090900 23091112   6.051  4.944  
23091600 23091812   1.244  1.232  
23092300 23092512   7.178  8.359  
23093000 23100212   1.271  0.963  
23100700 23100912   1.439  1.314  
23101400 23101612   1.653  1.697  
23102100 23102312   0.447  0.556  
23102800 23103012   1.949  0.772  
