22100100 22100312   0.000  0.001  
22100800 22101012   0.000  0.000  
22101500 22101712   0.000  0.001  
22102200 22102412   0.524  0.457  
22102900 22103112   0.347  0.347  
22110500 22110712   0.244  0.241  
22111200 22111412   0.000  0.000  
22111900 22112112   0.015  0.015  
22112600 22112812   0.979  0.989  
22120300 22120512   0.166  0.264  
22121000 22121212   0.080  0.116  
22121700 22121912   0.190  0.190  
22122400 22122612   1.762  1.715  
22123100 23010212   0.099  0.197  
23010700 23010912   0.681  0.592  
23011400 23011612   0.131  0.128  
23012100 23012312   0.032  0.044  
23012800 23013012   0.003  0.003  
23020400 23020612   0.348  0.216  
23021100 23021312   0.009  0.013  
23021800 23022012   0.005  0.006  
23022500 23022712   0.052  0.053  
23030400 23030612   0.215  0.135  
23031100 23031312   0.064  0.057  
23031800 23032012   0.000  0.000  
23032500 23032712   0.577  0.479  
23040100 23040312   0.553  0.582  
23040800 23041012   0.020  0.039  
23041500 23041712   0.013  0.012  
23042200 23042412   0.116  0.161  
23042900 23050112   0.000  0.000  
23050600 23050812   0.066  0.138  
23051300 23051512   0.000  0.001  
23052000 23052212   0.015  0.015  
23052700 23052912   0.001  0.020  
23060300 23060512   0.000  0.001  
23061000 23061212   0.309  0.339  
23061700 23061912   0.002  0.013  
23062400 23062612   0.002  0.016  
23070100 23070312   0.000  0.002  
23070800 23071012   0.000  0.002  
23071500 23071712   0.000  0.001  
23072200 23072412   0.000  0.003  
23072900 23073112   0.000  0.002  
23080500 23080712   0.000  0.003  
23081200 23081412   0.000  0.001  
23081900 23082112   0.000  0.000  
23082600 23082812   0.002  0.003  
23090200 23090412   0.015  0.015  
23090900 23091112   0.000  0.001  
23091600 23091812   0.000  0.000  
23092300 23092512   0.030  0.021  
23093000 23100212   0.043  0.043  
23100700 23100912   0.000  0.000  
23101400 23101612   0.361  0.346  
23102100 23102312   0.000  0.000  
23102800 23103012   0.000  0.000  
