22100100 22100312   2.848  0.916  
22100800 22101012   1.104  1.977  
22101500 22101712   0.651  0.626  
22102200 22102412   3.027  3.156  
22102900 22103112   2.855  2.962  
22110500 22110712   2.865  3.967  
22111200 22111412   0.250  0.626  
22111900 22112112   2.008  1.772  
22112600 22112812   1.945  1.924  
22120300 22120512   1.405  0.856  
22121000 22121212   1.651  1.460  
22121700 22121912   1.217  1.081  
22122400 22122612   1.613  1.432  
22123100 23010212   0.560  0.576  
23010700 23010912   0.550  0.617  
23011400 23011612   2.929  1.190  
23012100 23012312   0.558  0.421  
23012800 23013012   1.079  0.912  
23020400 23020612   1.868  0.447  
23021100 23021312   1.344  0.928  
23021800 23022012   2.110  1.498  
23022500 23022712   2.999  0.683  
23030400 23030612   0.531  0.686  
23031100 23031312   0.574  0.911  
23031800 23032012   1.548  0.543  
23032500 23032712   0.515  0.484  
23040100 23040312   1.063  1.036  
23040800 23041012   2.048  2.029  
23041500 23041712   2.268  2.576  
23042200 23042412   1.035  1.000  
23042900 23050112   2.679  3.072  
23050600 23050812   1.438  1.488  
23051300 23051512   2.246  2.168  
23052000 23052212   2.335  3.002  
23052700 23052912   1.899  4.574  
23060300 23060512   2.424  2.520  
23061000 23061212   1.316  1.970  
23061700 23061912   0.793  0.865  
23062400 23062612   3.503  4.057  
23070100 23070312   0.768  0.555  
23070800 23071012   2.919  3.056  
23071500 23071712   2.771  3.106  
23072200 23072412   0.300  0.339  
23072900 23073112   0.481  0.550  
23080500 23080712   2.116  2.266  
23081200 23081412   3.875  1.837  
23081900 23082112   1.225  1.760  
23082600 23082812   0.551  0.406  
23090200 23090412   1.446  1.733  
23090900 23091112   2.779  1.771  
23091600 23091812   0.922  0.889  
23092300 23092512   4.095  5.057  
23093000 23100212   0.887  0.699  
23100700 23100912   2.169  2.152  
23101400 23101612   1.575  1.410  
23102100 23102312   1.284  1.111  
23102800 23103012   0.416  0.281  
