22100100 22100312   3.280  1.280  
22100800 22101012   1.770  2.927  
22101500 22101712   2.386  2.587  
22102200 22102412   1.584  2.048  
22102900 22103112   1.420  1.530  
22110500 22110712   4.276  5.395  
22111200 22111412   0.480  0.773  
22111900 22112112   1.521  1.314  
22112600 22112812   3.353  3.285  
22120300 22120512   2.364  1.981  
22121000 22121212   3.304  3.038  
22121700 22121912   1.113  1.129  
22122400 22122612   4.851  4.268  
22123100 23010212   0.892  1.331  
23010700 23010912   1.093  1.304  
23011400 23011612   2.828  1.537  
23012100 23012312   1.236  2.431  
23012800 23013012   1.331  1.223  
23020400 23020612   3.146  1.863  
23021100 23021312   0.887  1.036  
23021800 23022012   3.190  2.691  
23022500 23022712   1.359  0.422  
23030400 23030612   0.358  0.291  
23031100 23031312   0.750  0.954  
23031800 23032012   4.419  3.284  
23032500 23032712   0.920  1.135  
23040100 23040312   0.712  0.779  
23040800 23041012   1.422  1.379  
23041500 23041712   0.732  0.725  
23042200 23042412   0.873  0.866  
23042900 23050112   1.639  1.470  
23050600 23050812   0.645  0.826  
23051300 23051512   4.272  4.150  
23052000 23052212   3.616  3.032  
23052700 23052912   0.653  1.721  
23060300 23060512   1.128  1.366  
23061000 23061212   2.525  4.952  
23061700 23061912   4.315  4.621  
23062400 23062612   2.078  2.535  
23070100 23070312   0.712  0.476  
23070800 23071012   2.053  2.351  
23071500 23071712   1.749  1.971  
23072200 23072412   1.560  1.412  
23072900 23073112   1.276  1.478  
23080500 23080712   1.087  0.953  
23081200 23081412   5.207  2.857  
23081900 23082112   0.730  0.782  
23082600 23082812   2.240  1.991  
23090200 23090412   0.874  0.972  
23090900 23091112   5.367  4.341  
23091600 23091812   2.858  3.063  
23092300 23092512   4.871  5.485  
23093000 23100212   1.074  1.250  
23100700 23100912   2.217  2.195  
23101400 23101612   1.863  1.986  
23102100 23102312   1.148  1.031  
23102800 23103012   0.555  0.689  
