22100100 22100312   5.037  3.258  
22100800 22101012   0.634  1.242  
22101500 22101712   1.496  1.384  
22102200 22102412   3.262  3.698  
22102900 22103112   0.288  0.512  
23031100 23031312   1.735  1.533  
23031800 23032012   1.232  0.468  
23032500 23032712   0.646  0.709  
23040100 23040312   2.609  2.624  
23040800 23041012   0.381  0.273  
23041500 23041712   0.244  0.448  
23042200 23042412   2.433  2.318  
23042900 23050112   5.594  5.903  
23050600 23050812   1.089  0.984  
23051300 23051512   6.242  5.984  
23052000 23052212   2.379  3.418  
23052700 23052912   0.734  1.270  
23060300 23060512   0.993  0.826  
23061000 23061212   4.727  3.292  
23061700 23061912   0.390  0.431  
23062400 23062612   4.980  5.247  
23070100 23070312   0.798  0.648  
23070800 23071012   1.004  1.053  
23071500 23071712   2.759  2.797  
23072200 23072412   0.862  0.916  
23072900 23073112   1.833  1.795  
23080500 23080712   3.052  3.200  
23081200 23081412   1.698  1.366  
23081900 23082112   1.988  2.278  
23082600 23082812   3.803  3.837  
23090200 23090412   4.266  4.541  
23090900 23091112   2.311  1.602  
23091600 23091812   2.101  2.533  
23092300 23092512   1.070  1.357  
23093000 23100212   6.154  6.449  
23100700 23100912   1.261  1.059  
23101400 23101612   1.104  0.932  
23102100 23102312   1.106  1.071  
23102800 23103012   0.669  1.298  
