22100100 22100312   0.000  0.001  
22100800 22101012   0.000  0.000  
22101500 22101712   0.000  0.000  
22102200 22102412   0.202  0.231  
22102900 22103112   0.344  0.354  
22110500 22110712   0.361  0.441  
22111200 22111412   0.000  0.000  
22111900 22112112   0.012  0.012  
22112600 22112812   0.067  0.069  
22120300 22120512   0.100  0.114  
22121000 22121212   0.212  0.297  
22121700 22121912   0.190  0.191  
22122400 22122612   0.781  0.939  
22123100 23010212   0.231  0.310  
23010700 23010912   0.375  0.338  
23011400 23011612   0.428  0.513  
23012100 23012312   0.215  0.211  
23012800 23013012   0.000  0.001  
23020400 23020612   0.258  0.351  
23021100 23021312   0.068  0.102  
23021800 23022012   0.025  0.026  
23022500 23022712   0.267  0.267  
23030400 23030612   0.313  0.338  
23031100 23031312   0.192  0.185  
23031800 23032012   0.000  0.002  
23032500 23032712   0.222  0.242  
23040100 23040312   0.697  0.764  
23040800 23041012   0.197  0.220  
23041500 23041712   0.197  0.199  
23042200 23042412   0.223  0.234  
23042900 23050112   0.000  0.000  
23050600 23050812   0.238  0.329  
23051300 23051512   0.000  0.000  
23052000 23052212   0.018  0.018  
23052700 23052912   0.004  0.010  
23060300 23060512   0.000  0.000  
23061000 23061212   0.562  0.829  
23061700 23061912   0.165  0.174  
23062400 23062612   0.011  0.013  
