22100100 22100312   1.164  1.001  
22100800 22101012   0.278  0.260  
22101500 22101712   2.587  1.574  
22102200 22102412   1.554  0.968  
22102900 22103112   5.476  6.944  
22110500 22110712   8.912  14.183  
22111200 22111412   0.432  0.795  
22111900 22112112   0.756  1.129  
22112600 22112812   14.802  15.419  
22120300 22120512   4.191  3.780  
22121000 22121212   5.275  4.156  
22121700 22121912   10.005  10.624  
22122400 22122612   4.627  5.635  
22123100 23010212   2.859  2.509  
23010700 23010912   6.640  7.919  
23011400 23011612   3.927  3.009  
23012100 23012312   0.886  1.434  
23012800 23013012   14.332  14.811  
23020400 23020612   10.587  16.446  
23021100 23021312   2.296  4.974  
23021800 23022012   1.275  1.132  
23022500 23022712   3.330  3.823  
23030400 23030612   1.958  2.153  
23031100 23031312   0.989  1.416  
23031800 23032012   1.185  1.290  
23032500 23032712   1.244  2.847  
23040100 23040312   5.878  11.145  
23040800 23041012   5.080  3.772  
23041500 23041712   6.304  6.994  
23042200 23042412   3.760  5.207  
23042900 23050112   1.293  2.348  
23050600 23050812   1.397  1.976  
23051300 23051512   1.722  2.523  
23052000 23052212   5.537  6.036  
23052700 23052912   0.790  1.343  
23060300 23060512   3.403  3.257  
23061000 23061212   1.569  3.784  
23061700 23061912   11.894  13.583  
23062400 23062612   3.395  3.171  
