22100100 22100312   1.204  1.075  
22100800 22101012   0.880  0.517  
22101500 22101712   2.513  1.955  
22102200 22102412   0.652  1.374  
22102900 22103112   1.824  0.846  
22110500 22110712   2.884  3.930  
22111200 22111412   1.023  0.953  
22111900 22112112   0.387  0.902  
22112600 22112812   2.353  1.917  
22120300 22120512   5.349  7.047  
22121000 22121212   11.829  12.751  
22121700 22121912   0.249  0.346  
22122400 22122612   2.621  2.025  
22123100 23010212   0.996  4.299  
23010700 23010912   9.045  11.537  
23011400 23011612   3.484  2.802  
23012100 23012312   2.551  2.646  
23012800 23013012   1.519  2.041  
23020400 23020612   2.376  8.679  
23021100 23021312   0.898  1.752  
23021800 23022012   0.567  0.616  
23022500 23022712   3.733  4.271  
23030400 23030612   3.501  2.473  
23031100 23031312   3.014  3.264  
23031800 23032012   0.431  0.575  
23032500 23032712   1.990  3.473  
23040100 23040312   6.050  10.340  
23040800 23041012   1.170  2.859  
23041500 23041712   5.558  5.917  
23042200 23042412   0.660  0.601  
23042900 23050112   2.033  2.465  
23050600 23050812   0.591  0.914  
23051300 23051512   1.125  1.273  
23052000 23052212   1.822  1.962  
23052700 23052912   2.926  4.555  
23060300 23060512   1.436  1.329  
23061000 23061212   0.720  1.081  
23061700 23061912   0.619  0.981  
23062400 23062612   1.387  0.955  
23070100 23070312   2.603  2.124  
23070800 23071012   2.140  2.134  
23071500 23071712   1.270  1.351  
23072200 23072412   1.526  1.220  
23072900 23073112   1.726  1.851  
23080500 23080712   1.110  1.449  
23081200 23081412   0.680  0.546  
23081900 23082112   7.765  7.538  
23082600 23082812   1.677  1.966  
23090200 23090412   4.929  4.400  
23090900 23091112   1.180  0.905  
23091600 23091812   1.063  1.134  
23092300 23092512   0.966  1.210  
23093000 23100212   1.436  1.740  
23100700 23100912   0.583  0.574  
23101400 23101612   1.864  1.830  
23102100 23102312   1.533  0.909  
23102800 23103012   0.548  0.627  
