22100100 22100312   0.000  0.001  
22100800 22101012   0.000  0.000  
22101500 22101712   0.000  0.000  
22102200 22102412   0.135  0.217  
22102900 22103112   0.180  0.117  
22110500 22110712   0.190  0.382  
22111200 22111412   0.020  0.020  
22111900 22112112   0.000  0.000  
22112600 22112812   0.056  0.062  
22120300 22120512   0.104  0.121  
22121000 22121212   0.493  0.457  
22121700 22121912   0.015  0.012  
22122400 22122612   0.630  0.776  
22123100 23010212   0.194  0.357  
23010700 23010912   0.086  0.196  
23011400 23011612   0.611  0.713  
23012100 23012312   0.106  0.165  
23012800 23013012   0.000  0.000  
23020400 23020612   0.343  0.779  
23021100 23021312   0.056  0.150  
23021800 23022012   0.007  0.012  
23022500 23022712   0.042  0.060  
23030400 23030612   0.329  0.416  
23031100 23031312   0.077  0.084  
23031800 23032012   0.001  0.003  
23032500 23032712   0.033  0.094  
23040100 23040312   0.950  1.183  
23040800 23041012   0.164  0.208  
23041500 23041712   0.029  0.036  
23042200 23042412   0.128  0.070  
23042900 23050112   0.000  0.000  
23050600 23050812   0.271  0.460  
23051300 23051512   0.000  0.000  
23052000 23052212   0.000  0.001  
23052700 23052912   0.001  0.006  
23060300 23060512   0.000  0.000  
23061000 23061212   0.486  0.631  
23061700 23061912   0.029  0.058  
23062400 23062612   0.022  0.025  
23070100 23070312   0.000  0.002  
23070800 23071012   0.007  0.011  
23071500 23071712   0.000  0.000  
23072200 23072412   0.001  0.003  
23072900 23073112   0.002  0.003  
23080500 23080712   0.000  0.002  
23081200 23081412   0.000  0.001  
23081900 23082112   0.000  0.000  
23082600 23082812   0.004  0.003  
23090200 23090412   0.000  0.000  
23090900 23091112   0.000  0.000  
23091600 23091812   0.000  0.000  
23092300 23092512   0.053  0.044  
23093000 23100212   0.000  0.004  
23100700 23100912   0.000  0.000  
23101400 23101612   0.148  0.179  
23102100 23102312   0.000  0.001  
23102800 23103012   0.000  0.000  
