22100100 22100312   2.703  4.326  
22100800 22101012   4.949  4.711  
22101500 22101712   9.735  9.109  
22102200 22102412   3.107  2.749  
22102900 22103112   10.199  12.749  
22110500 22110712   19.961  19.426  
22111200 22111412   4.431  4.143  
22111900 22112112   4.183  4.202  
22112600 22112812   35.055  36.008  
22120300 22120512   11.676  12.475  
22121000 22121212   10.226  9.259  
22121700 22121912   17.571  18.828  
23010700 23010912   8.924  11.038  
23011400 23011612   14.962  10.001  
23012100 23012312   3.526  3.419  
23012800 23013012   48.424  48.649  
23020400 23020612   15.353  19.431  
23021100 23021312   6.343  10.654  
23021800 23022012   1.585  2.155  
23022500 23022712   10.174  10.650  
23030400 23030612   19.002  21.866  
23031100 23031312   15.871  17.240  
23031800 23032012   1.349  1.100  
23032500 23032712   1.730  4.598  
23040100 23040312   12.665  7.332  
23040800 23041012   24.018  26.890  
23041500 23041712   9.520  10.482  
23042200 23042412   2.986  3.845  
23042900 23050112   13.477  14.472  
23050600 23050812   7.516  6.716  
23051300 23051512   6.750  5.773  
23052000 23052212   7.421  7.226  
23052700 23052912   6.115  3.881  
23060300 23060512   3.241  3.304  
23061000 23061212   2.130  3.823  
23061700 23061912   14.299  16.410  
23062400 23062612   1.049  1.259  
23070100 23070312   4.598  5.582  
23070800 23071012   7.270  7.136  
23071500 23071712   6.372  5.080  
23072200 23072412   6.735  6.685  
23072900 23073112   12.224  13.753  
23080500 23080712   12.220  11.927  
23081200 23081412   5.533  5.458  
23081900 23082112   2.240  2.771  
23082600 23082812   4.089  4.080  
23090200 23090412   9.577  11.291  
23090900 23091112   1.180  1.208  
23091600 23091812   13.051  13.891  
23092300 23092512   2.312  2.009  
23093000 23100212   12.113  11.931  
23100700 23100912   8.680  7.156  
23101400 23101612   2.998  3.386  
23102100 23102312   12.736  11.560  
23102800 23103012   11.573  12.525  
