22100100 22100312   5.769  3.886  
22100800 22101012   1.204  0.662  
22101500 22101712   2.652  2.537  
22102200 22102412   0.976  0.969  
22102900 22103112   0.450  0.531  
22110500 22110712   2.717  3.611  
22111200 22111412   1.049  1.650  
22111900 22112112   0.321  0.353  
22112600 22112812   0.718  0.663  
22120300 22120512   0.653  0.648  
22121000 22121212   2.337  2.007  
22121700 22121912   1.841  1.742  
22122400 22122612   4.215  3.950  
22123100 23010212   0.262  0.379  
23010700 23010912   2.596  2.489  
23011400 23011612   1.958  2.251  
23012100 23012312   1.850  2.838  
23012800 23013012   1.576  1.884  
23020400 23020612   1.901  0.713  
23021100 23021312   0.942  1.315  
23021800 23022012   0.668  0.437  
23022500 23022712   4.803  0.962  
23030400 23030612   1.774  1.929  
23031100 23031312   0.897  0.533  
23031800 23032012   5.164  4.032  
23032500 23032712   0.275  0.247  
23040100 23040312   2.371  2.488  
23040800 23041012   2.369  2.389  
23041500 23041712   2.554  2.883  
23042200 23042412   1.480  1.398  
23042900 23050112   1.434  1.756  
23050600 23050812   0.758  0.580  
23051300 23051512   5.040  4.985  
23052000 23052212   4.283  4.626  
23052700 23052912   1.461  3.811  
23060300 23060512   1.591  1.631  
23061000 23061212   1.223  2.000  
23061700 23061912   1.725  1.605  
23062400 23062612   1.573  1.635  
