22100100 22100312   3.512  1.439  
22100800 22101012   0.676  1.667  
22101500 22101712   1.864  2.048  
22102200 22102412   1.974  1.359  
22102900 22103112   0.686  0.516  
22110500 22110712   3.886  5.348  
22111200 22111412   1.848  1.984  
22111900 22112112   0.671  0.481  
22112600 22112812   0.428  0.412  
22120300 22120512   1.184  1.432  
22121000 22121212   2.559  2.269  
22121700 22121912   2.115  2.408  
22122400 22122612   4.790  4.805  
22123100 23010212   1.028  0.741  
23010700 23010912   1.061  1.284  
23011400 23011612   3.264  0.996  
23012100 23012312   0.531  1.121  
23012800 23013012   0.928  0.948  
23020400 23020612   1.455  0.214  
23021100 23021312   0.445  0.726  
23021800 23022012   0.858  0.369  
23022500 23022712   1.165  2.508  
23030400 23030612   1.745  1.758  
23031100 23031312   1.334  1.173  
23031800 23032012   4.057  2.527  
23032500 23032712   0.385  0.358  
23040100 23040312   2.130  2.105  
23040800 23041012   1.313  1.276  
23041500 23041712   0.636  0.843  
23042200 23042412   0.982  0.907  
23042900 23050112   1.849  1.625  
23050600 23050812   0.451  0.651  
23051300 23051512   4.867  4.509  
23052000 23052212   3.977  3.202  
23052700 23052912   2.631  0.556  
23060300 23060512   0.482  0.357  
23061000 23061212   1.641  2.602  
23061700 23061912   2.258  2.187  
23062400 23062612   2.392  2.962  
23070100 23070312   1.747  1.694  
23070800 23071012   0.449  0.460  
23071500 23071712   1.201  0.936  
23072200 23072412   1.090  1.150  
23072900 23073112   1.098  1.088  
23080500 23080712   4.607  4.893  
23081200 23081412   3.831  1.315  
23081900 23082112   1.048  1.139  
23082600 23082812   2.359  2.562  
23090200 23090412   1.706  1.690  
23090900 23091112   3.898  2.952  
23091600 23091812   2.569  2.793  
23092300 23092512   3.587  4.237  
23093000 23100212   1.238  1.580  
23100700 23100912   2.007  1.755  
23101400 23101612   3.280  3.142  
23102100 23102312   1.154  0.858  
23102800 23103012   1.957  1.224  
