22100100 22100312   3.944  1.920  
22100800 22101012   0.802  1.598  
22101500 22101712   0.897  0.869  
22102200 22102412   3.000  3.089  
22102900 22103112   0.430  0.429  
22110500 22110712   1.901  2.659  
22111200 22111412   0.642  1.191  
22111900 22112112   0.527  0.480  
22112600 22112812   1.287  1.235  
22120300 22120512   0.782  0.799  
22121000 22121212   2.433  2.109  
22121700 22121912   1.242  1.187  
22122400 22122612   3.197  2.927  
22123100 23010212   1.335  0.992  
23010700 23010912   2.088  2.005  
23011400 23011612   2.727  1.700  
23012100 23012312   0.619  1.688  
23012800 23013012   0.923  0.739  
23020400 23020612   1.201  0.296  
23021100 23021312   0.598  0.617  
23021800 23022012   1.308  0.928  
23022500 23022712   1.560  1.209  
23030400 23030612   1.024  0.909  
23031100 23031312   1.050  1.222  
23031800 23032012   4.362  3.027  
23032500 23032712   0.536  0.478  
23040100 23040312   2.143  2.307  
23040800 23041012   4.891  4.845  
23041500 23041712   3.167  3.509  
23042200 23042412   0.521  0.526  
23042900 23050112   1.481  1.919  
23050600 23050812   0.879  0.650  
23051300 23051512   4.259  4.207  
23052000 23052212   3.297  3.336  
23052700 23052912   0.766  3.279  
23060300 23060512   1.923  1.991  
23061000 23061212   1.528  1.495  
23061700 23061912   1.587  1.400  
23062400 23062612   1.738  1.831  
