22100100 22100312   0.531  1.525  
22100800 22101012   2.876  3.548  
22101500 22101712   5.255  5.064  
22102200 22102412   5.737  8.109  
22102900 22103112   4.421  4.257  
22110500 22110712   4.712  5.303  
22111200 22111412   4.007  4.551  
22111900 22112112   3.803  3.472  
22112600 22112812   0.498  2.587  
22120300 22120512   6.115  0.794  
22121000 22121212   1.324  0.526  
22121700 22121912   2.510  1.652  
22122400 22122612   2.567  2.687  
22123100 23010212   0.881  1.354  
23010700 23010912   1.819  1.910  
23011400 23011612   1.918  1.323  
23012100 23012312   0.940  0.256  
23012800 23013012   1.361  0.915  
23020400 23020612   1.970  2.967  
23021100 23021312   1.939  1.963  
23021800 23022012   0.682  1.156  
23022500 23022712   4.753  3.270  
23030400 23030612   0.487  0.312  
23031100 23031312   1.959  2.122  
23031800 23032012   4.899  5.637  
23032500 23032712   1.577  2.843  
23040100 23040312   2.555  2.778  
23040800 23041012   1.387  1.230  
23041500 23041712   1.135  1.280  
23042200 23042412   2.666  2.599  
23042900 23050112   10.046  9.861  
23050600 23050812   4.430  4.286  
23051300 23051512   3.955  3.795  
23052000 23052212   2.852  1.620  
23052700 23052912   3.704  1.432  
23060300 23060512   1.371  1.348  
23061000 23061212   3.800  2.254  
23061700 23061912   1.796  1.732  
23062400 23062612   2.273  2.620  
23070100 23070312   0.612  0.567  
23070800 23071012   2.352  2.441  
23071500 23071712   3.196  3.589  
23072200 23072412   0.442  0.435  
23072900 23073112   2.624  2.723  
23080500 23080712   1.138  1.109  
23081200 23081412   2.342  0.580  
23081900 23082112   2.794  3.126  
23082600 23082812   2.232  2.544  
23090200 23090412   2.497  2.619  
23090900 23091112   0.701  1.491  
23091600 23091812   4.106  4.058  
23092300 23092512   1.744  2.799  
23093000 23100212   0.755  0.671  
23100700 23100912   7.246  7.106  
23101400 23101612   0.767  0.775  
23102100 23102312   0.683  0.626  
23102800 23103012   2.618  2.345  
