22100100 22100312   0.000  0.001  
22100800 22101012   0.006  0.006  
22101500 22101712   0.000  0.000  
22102200 22102412   0.105  0.087  
22102900 22103112   0.106  0.106  
22110500 22110712   0.187  0.232  
22111200 22111412   0.000  0.001  
22111900 22112112   0.026  0.026  
22112600 22112812   0.060  0.060  
22120300 22120512   0.309  0.266  
22121000 22121212   0.916  0.743  
22121700 22121912   0.109  0.109  
22122400 22122612   0.307  0.360  
22123100 23010212   0.219  0.235  
23010700 23010912   0.155  0.127  
23011400 23011612   0.138  0.216  
23012100 23012312   0.187  0.179  
23012800 23013012   0.002  0.001  
23020400 23020612   0.625  0.512  
23021100 23021312   0.039  0.034  
23021800 23022012   0.008  0.014  
23022500 23022712   0.028  0.039  
23030400 23030612   1.311  1.379  
23031100 23031312   0.036  0.043  
23031800 23032012   0.003  0.005  
23032500 23032712   0.167  0.276  
23040100 23040312   0.133  0.214  
23040800 23041012   0.498  0.483  
23041500 23041712   0.019  0.046  
23042200 23042412   0.069  0.060  
23042900 23050112   0.001  0.001  
23050600 23050812   0.137  0.416  
23051300 23051512   0.000  0.000  
23052000 23052212   0.001  0.002  
23052700 23052912   0.002  0.012  
23060300 23060512   0.012  0.004  
23061000 23061212   0.175  0.228  
23061700 23061912   0.049  0.026  
23062400 23062612   0.006  0.026  
23070100 23070312   0.001  0.004  
23070800 23071012   0.007  0.018  
23071500 23071712   0.000  0.000  
23072200 23072412   0.028  0.032  
23072900 23073112   0.024  0.039  
23080500 23080712   0.015  0.012  
23081200 23081412   0.005  0.003  
23081900 23082112   0.000  0.000  
23082600 23082812   0.001  0.001  
23090200 23090412   0.000  0.000  
23090900 23091112   0.004  0.001  
23091600 23091812   0.003  0.003  
23092300 23092512   0.090  0.088  
23093000 23100212   0.000  0.001  
23100700 23100912   0.000  0.000  
23101400 23101612   0.268  0.247  
23102100 23102312   0.000  0.000  
23102800 23103012   0.000  0.000  
