22100100 22100312   5.717  3.617  
22100800 22101012   1.182  2.144  
22101500 22101712   5.188  4.983  
22102200 22102412   2.508  2.614  
22102900 22103112   0.792  0.788  
22110500 22110712   2.968  4.037  
22111200 22111412   1.120  1.740  
22111900 22112112   2.357  2.235  
22112600 22112812   1.722  1.643  
22120300 22120512   2.786  2.998  
22121000 22121212   2.129  1.709  
22121700 22121912   1.113  1.159  
22122400 22122612   1.321  1.121  
22123100 23010212   2.398  1.861  
23010700 23010912   1.217  1.344  
23011400 23011612   3.099  1.450  
23012100 23012312   0.504  1.379  
23012800 23013012   0.970  1.064  
23020400 23020612   0.396  1.915  
23021100 23021312   1.095  0.613  
23021800 23022012   2.017  1.437  
23022500 23022712   1.669  2.255  
23030400 23030612   1.575  1.457  
23031100 23031312   2.453  2.545  
23031800 23032012   5.415  4.007  
23032500 23032712   0.435  0.547  
23040100 23040312   0.528  0.654  
23040800 23041012   5.034  4.926  
23041500 23041712   3.677  4.039  
23042200 23042412   0.603  0.558  
23042900 23050112   2.009  2.493  
23050600 23050812   1.249  1.007  
23051300 23051512   3.524  3.664  
23052000 23052212   3.467  3.512  
23052700 23052912   1.451  4.176  
23060300 23060512   1.959  1.979  
23061000 23061212   1.595  1.730  
23061700 23061912   0.724  0.756  
23062400 23062612   4.693  5.281  
23070100 23070312   1.821  1.852  
23070800 23071012   3.852  3.908  
23071500 23071712   1.269  1.323  
23072200 23072412   0.997  0.899  
23072900 23073112   0.742  0.753  
23080500 23080712   4.319  4.265  
23081200 23081412   6.093  3.447  
23081900 23082112   1.369  1.680  
23082600 23082812   1.436  1.538  
23090200 23090412   1.883  1.905  
23090900 23091112   6.171  4.984  
23091600 23091812   2.107  2.209  
23092300 23092512   6.154  7.086  
23093000 23100212   2.032  2.507  
23100700 23100912   1.800  1.959  
23101400 23101612   2.487  2.285  
23102100 23102312   1.466  1.296  
23102800 23103012   1.374  1.561  
