22100100 22100312   2.767  1.679  
22100800 22101012   1.344  2.109  
22101500 22101712   2.614  2.853  
22102200 22102412   2.043  2.551  
22102900 22103112   1.481  2.185  
22110500 22110712   6.099  10.617  
22111200 22111412   0.270  0.539  
22111900 22112112   0.704  0.705  
22112600 22112812   5.330  7.779  
22120300 22120512   6.771  8.766  
22121000 22121212   9.481  9.887  
22121700 22121912   3.225  3.245  
22122400 22122612   3.456  3.245  
22123100 23010212   10.049  10.462  
23010700 23010912   12.297  13.431  
23011400 23011612   7.163  5.838  
23012100 23012312   3.033  3.103  
23012800 23013012   15.508  15.986  
23020400 23020612   8.603  13.489  
23021100 23021312   2.982  4.707  
23021800 23022012   11.510  12.073  
23022500 23022712   2.201  2.658  
23030400 23030612   5.089  5.721  
23031100 23031312   2.869  4.028  
23031800 23032012   5.721  5.985  
23032500 23032712   3.902  6.435  
23040100 23040312   5.829  10.746  
23040800 23041012   4.953  7.566  
23041500 23041712   3.144  4.248  
23042200 23042412   1.607  2.244  
23042900 23050112   1.582  2.734  
23050600 23050812   1.967  2.035  
23051300 23051512   7.333  8.523  
23052000 23052212   2.095  2.172  
23052700 23052912   1.265  2.168  
23060300 23060512   2.197  2.670  
23061000 23061212   5.364  6.027  
23061700 23061912   4.240  6.880  
23062400 23062612   1.883  1.685  
23070100 23070312   5.422  5.375  
23070800 23071012   3.545  4.044  
23071500 23071712   1.055  0.986  
23072200 23072412   1.638  1.380  
23072900 23073112   5.677  4.314  
23080500 23080712   2.457  2.057  
23081200 23081412   2.694  3.309  
23081900 23082112   3.971  4.195  
23082600 23082812   3.151  3.533  
23090200 23090412   11.073  11.460  
23090900 23091112   3.026  3.231  
23091600 23091812   4.089  4.159  
23092300 23092512   3.985  5.770  
23093000 23100212   1.210  1.269  
23100700 23100912   1.077  0.893  
23101400 23101612   1.987  1.055  
23102100 23102312   3.628  2.581  
23102800 23103012   1.741  2.020  
