22100100 22100312   1.725  0.904  
22100800 22101012   2.400  3.280  
22101500 22101712   3.269  3.151  
22102200 22102412   4.594  4.361  
22102900 22103112   2.436  2.342  
22110500 22110712   3.823  5.161  
22111200 22111412   0.543  1.189  
22111900 22112112   4.255  3.947  
22112600 22112812   2.331  2.267  
22120300 22120512   1.191  0.540  
22121000 22121212   1.920  1.791  
22121700 22121912   1.448  0.942  
22122400 22122612   4.772  4.816  
22123100 23010212   0.578  0.812  
23010700 23010912   1.119  1.085  
23011400 23011612   2.798  1.066  
23012100 23012312   0.899  0.293  
23012800 23013012   1.328  0.978  
23020400 23020612   0.697  0.809  
23021100 23021312   2.617  2.134  
23021800 23022012   3.135  2.480  
23022500 23022712   1.686  1.162  
23030400 23030612   1.034  1.192  
23031100 23031312   0.337  0.497  
23031800 23032012   1.135  0.857  
23032500 23032712   1.159  1.097  
23040100 23040312   0.645  0.874  
23040800 23041012   3.562  3.456  
23041500 23041712   2.677  2.933  
23042200 23042412   0.538  0.480  
23042900 23050112   5.987  5.763  
23050600 23050812   1.459  1.277  
23051300 23051512   2.806  3.162  
23052000 23052212   1.939  1.667  
23052700 23052912   1.274  1.545  
23060300 23060512   2.004  1.943  
23061000 23061212   1.880  4.543  
23061700 23061912   1.589  1.528  
23062400 23062612   3.974  4.198  
23070100 23070312   0.888  0.648  
23070800 23071012   4.389  4.586  
23071500 23071712   0.810  0.846  
23072200 23072412   0.490  0.500  
23072900 23073112   1.655  1.675  
23080500 23080712   3.582  3.590  
23081200 23081412   6.538  4.218  
23081900 23082112   2.284  2.622  
23082600 23082812   0.792  0.759  
23090200 23090412   1.180  1.426  
23090900 23091112   1.251  0.342  
23091600 23091812   1.299  1.332  
23092300 23092512   4.109  5.247  
23093000 23100212   0.590  0.520  
23100700 23100912   5.048  4.709  
23101400 23101612   1.243  1.231  
23102100 23102312   0.664  0.400  
23102800 23103012   0.883  1.120  
