22100100 22100312   0.000  0.001  
22100800 22101012   0.000  0.000  
22101500 22101712   0.000  0.001  
22102200 22102412   0.427  0.338  
22102900 22103112   0.448  0.457  
22110500 22110712   0.221  0.553  
22111200 22111412   0.000  0.000  
22111900 22112112   0.000  0.000  
22112600 22112812   0.780  0.782  
22120300 22120512   0.104  0.105  
22121000 22121212   0.216  0.210  
22121700 22121912   0.016  0.014  
22122400 22122612   3.349  3.055  
22123100 23010212   0.266  0.340  
23010700 23010912   1.362  1.334  
23011400 23011612   0.392  0.621  
23012100 23012312   0.777  0.768  
23012800 23013012   0.000  0.001  
23020400 23020612   0.102  0.353  
23021100 23021312   0.108  0.117  
23021800 23022012   0.014  0.031  
23022500 23022712   0.200  0.201  
23030400 23030612   0.212  0.228  
23031100 23031312   0.251  0.255  
23031800 23032012   0.000  0.001  
23032500 23032712   0.320  0.317  
23040100 23040312   0.357  0.441  
23040800 23041012   0.390  0.509  
23041500 23041712   0.051  0.050  
23042200 23042412   0.243  0.263  
23042900 23050112   0.000  0.000  
23050600 23050812   0.157  0.266  
23051300 23051512   0.000  0.000  
23052000 23052212   0.063  0.063  
23052700 23052912   0.007  0.015  
23060300 23060512   0.000  0.001  
23061000 23061212   0.505  0.738  
23061700 23061912   0.085  0.155  
23062400 23062612   0.048  0.033  
