22100100 22100312   3.326  2.451  
22100800 22101012   1.604  1.640  
22101500 22101712   3.460  3.107  
22102200 22102412   10.488  9.548  
22102900 22103112   25.725  24.724  
22110500 22110712   10.253  14.508  
22111200 22111412   4.158  4.634  
22111900 22112112   0.860  0.739  
22112600 22112812   30.331  33.509  
22120300 22120512   4.672  10.215  
22121000 22121212   22.099  23.069  
22121700 22121912   2.209  2.056  
22122400 22122612   5.382  4.833  
22123100 23010212   21.167  20.475  
23010700 23010912   24.828  27.463  
23011400 23011612   8.975  7.816  
23012100 23012312   13.041  13.884  
23012800 23013012   9.197  11.307  
23020400 23020612   19.823  17.036  
23021100 23021312   13.623  13.925  
23021800 23022012   5.456  5.206  
23022500 23022712   19.712  21.526  
23030400 23030612   19.940  19.525  
23031100 23031312   23.316  27.156  
23031800 23032012   6.562  10.122  
23032500 23032712   13.905  16.582  
23040100 23040312   24.412  28.274  
23040800 23041012   6.228  24.499  
23042200 23042412   28.974  30.825  
23042900 23050112   36.458  38.476  
23050600 23050812   34.610  35.709  
23052000 23052212   10.820  12.575  
23052700 23052912   14.360  17.320  
23060300 23060512   5.630  5.306  
23061000 23061212   7.156  9.039  
23061700 23061912   5.473  5.412  
23062400 23062612   15.004  14.245  
23070100 23070312   4.182  5.704  
23070800 23071012   16.478  15.479  
23071500 23071712   7.697  8.713  
23072200 23072412   7.427  7.314  
23072900 23073112   12.821  12.875  
23080500 23080712   5.073  4.494  
23081200 23081412   4.609  2.792  
23081900 23082112   14.075  15.134  
23082600 23082812   7.683  7.277  
23090200 23090412   9.281  8.881  
23090900 23091112   1.177  1.221  
23091600 23091812   5.236  5.284  
23092300 23092512   9.407  12.017  
23093000 23100212   4.256  3.341  
23100700 23100912   8.530  9.471  
23101400 23101612   3.993  3.602  
23102100 23102312   0.722  1.302  
23102800 23103012   2.896  1.990  
