22100100 22100312   1.904  0.443  
22100800 22101012   1.390  2.618  
22101500 22101712   1.145  1.389  
22102200 22102412   1.860  2.049  
22102900 22103112   2.094  2.283  
22110500 22110712   2.035  2.050  
22111200 22111412   1.601  1.980  
22111900 22112112   1.529  1.228  
22112600 22112812   2.462  2.395  
22120300 22120512   0.949  0.906  
22121000 22121212   3.562  3.167  
22121700 22121912   1.161  1.121  
22122400 22122612   3.251  2.975  
22123100 23010212   1.279  0.754  
23010700 23010912   0.305  0.315  
23011400 23011612   3.388  1.596  
23012100 23012312   0.925  2.068  
23012800 23013012   1.301  1.569  
23020400 23020612   2.906  1.284  
23021100 23021312   0.598  0.690  
23021800 23022012   2.544  2.079  
23022500 23022712   0.567  1.262  
23030400 23030612   1.351  1.188  
23031100 23031312   0.653  0.585  
23031800 23032012   1.123  1.122  
23032500 23032712   1.016  1.129  
23040100 23040312   1.699  1.700  
23040800 23041012   2.057  2.011  
23041500 23041712   1.826  2.172  
23042200 23042412   1.490  1.500  
23042900 23050112   2.264  2.035  
23050600 23050812   1.256  1.445  
23051300 23051512   0.827  1.159  
23052000 23052212   1.664  1.928  
23052700 23052912   1.546  0.745  
23060300 23060512   2.146  2.191  
23061000 23061212   1.258  1.614  
23061700 23061912   0.478  0.391  
23062400 23062612   1.198  1.671  
23070100 23070312   0.907  0.913  
23070800 23071012   1.177  1.372  
23071500 23071712   3.793  3.987  
23072200 23072412   1.497  1.551  
23072900 23073112   0.629  0.596  
23080500 23080712   1.294  1.245  
23081200 23081412   3.132  0.795  
23081900 23082112   3.191  3.139  
23082600 23082812   0.679  1.074  
23090200 23090412   0.565  0.664  
23090900 23091112   4.038  3.192  
23091600 23091812   0.722  0.623  
23092300 23092512   3.368  4.131  
23093000 23100212   0.478  0.722  
23100700 23100912   1.150  1.441  
23101400 23101612   0.514  0.479  
23102100 23102312   1.165  1.050  
23102800 23103012   1.344  0.909  
