22100100 22100312   0.000  0.001  
22100800 22101012   0.000  0.000  
22101500 22101712   0.000  0.000  
22102200 22102412   0.165  0.158  
22102900 22103112   1.431  1.510  
22110500 22110712   1.188  1.195  
22111200 22111412   0.001  0.001  
22111900 22112112   0.024  0.024  
22112600 22112812   0.760  0.748  
22120300 22120512   0.798  0.739  
22121000 22121212   0.755  0.799  
22121700 22121912   0.031  0.031  
22122400 22122612   0.584  0.697  
22123100 23010212   0.576  0.706  
23010700 23010912   0.491  0.550  
23011400 23011612   0.619  0.710  
23012100 23012312   0.089  0.155  
23012800 23013012   0.002  0.001  
23020400 23020612   0.427  0.342  
23021100 23021312   0.018  0.049  
23021800 23022012   0.043  0.051  
23022500 23022712   0.789  0.788  
23030400 23030612   0.307  0.326  
23031100 23031312   0.169  0.178  
23031800 23032012   0.011  0.011  
23032500 23032712   0.208  0.253  
23040100 23040312   0.139  0.211  
23040800 23041012   0.474  0.459  
23041500 23041712   1.051  1.050  
23042200 23042412   0.163  0.113  
23042900 23050112   0.000  0.000  
23050600 23050812   0.247  0.475  
23051300 23051512   0.000  0.000  
23052000 23052212   0.002  0.003  
23052700 23052912   0.019  0.034  
23060300 23060512   0.000  0.001  
23061000 23061212   0.109  0.203  
23061700 23061912   0.012  0.043  
23062400 23062612   0.033  0.169  
23070100 23070312   0.001  0.007  
23070800 23071012   0.004  0.020  
23071500 23071712   0.000  0.001  
23072200 23072412   0.015  0.020  
23072900 23073112   0.005  0.012  
23080500 23080712   0.035  0.108  
23081200 23081412   0.012  0.006  
23081900 23082112   0.000  0.000  
23082600 23082812   0.007  0.007  
23090200 23090412   0.003  0.003  
23090900 23091112   0.006  0.006  
23091600 23091812   0.015  0.015  
23092300 23092512   0.132  0.135  
23093000 23100212   0.000  0.002  
23100700 23100912   0.098  0.098  
23101400 23101612   1.618  1.554  
23102100 23102312   0.000  0.000  
23102800 23103012   0.000  0.000  
