22100100 22100312   1.343  0.821  
22100800 22101012   3.341  2.745  
22101500 22101712   3.537  3.147  
22102200 22102412   1.629  2.189  
22102900 22103112   14.523  14.406  
22110500 22110712   2.552  5.063  
22111200 22111412   4.730  4.957  
22111900 22112112   1.672  2.089  
22112600 22112812   13.540  16.245  
22120300 22120512   11.840  15.507  
22121000 22121212   16.397  16.824  
22121700 22121912   1.119  0.904  
22122400 22122612   10.716  9.710  
22123100 23010212   2.853  3.951  
23010700 23010912   13.702  16.028  
23011400 23011612   6.757  5.708  
23012100 23012312   3.782  3.917  
23012800 23013012   1.678  2.456  
23020400 23020612   5.975  3.816  
23021100 23021312   3.142  2.699  
23021800 23022012   9.946  10.777  
23022500 23022712   2.561  2.141  
23030400 23030612   8.263  7.034  
23031100 23031312   13.381  14.638  
23031800 23032012   1.288  1.624  
23032500 23032712   2.703  3.977  
23040100 23040312   1.478  5.521  
23040800 23041012   12.613  14.559  
23041500 23041712   3.548  3.785  
23042200 23042412   4.125  3.048  
23042900 23050112   12.188  13.461  
23050600 23050812   5.592  7.032  
23051300 23051512   2.586  2.578  
23052000 23052212   3.630  3.934  
23052700 23052912   2.355  4.550  
23060300 23060512   2.049  1.939  
23061000 23061212   4.630  4.651  
23061700 23061912   13.041  13.593  
23062400 23062612   10.480  10.324  
23070100 23070312   7.877  7.461  
23070800 23071012   7.076  7.056  
23071500 23071712   3.907  3.374  
23072200 23072412   5.405  5.643  
23072900 23073112   11.196  12.055  
23080500 23080712   1.208  0.981  
23081200 23081412   1.435  1.856  
23081900 23082112   6.714  6.760  
23082600 23082812   4.312  4.393  
23090200 23090412   6.946  6.667  
23090900 23091112   2.514  3.446  
23091600 23091812   3.509  3.261  
23092300 23092512   5.384  7.449  
23093000 23100212   1.371  1.110  
23100700 23100912   1.551  1.601  
23101400 23101612   4.256  4.620  
23102100 23102312   0.921  2.403  
23102800 23103012   1.522  1.840  
