22100100 22100312   2.652  3.118  
22100800 22101012   1.681  1.130  
22101500 22101712   1.892  2.341  
22102200 22102412   0.790  1.195  
22102900 22103112   2.268  1.139  
22110500 22110712   3.169  6.055  
22111200 22111412   0.686  0.483  
22111900 22112112   0.417  0.984  
22112600 22112812   3.800  4.003  
22120300 22120512   8.561  9.260  
22121000 22121212   3.066  3.461  
22121700 22121912   2.259  3.309  
22122400 22122612   2.246  1.457  
22123100 23010212   5.027  8.558  
23010700 23010912   5.438  7.546  
23011400 23011612   5.889  4.036  
23012100 23012312   3.487  4.154  
23012800 23013012   10.316  11.254  
23020400 23020612   3.823  10.884  
23021100 23021312   1.429  3.816  
23021800 23022012   0.520  1.924  
23022500 23022712   9.666  10.965  
23030400 23030612   1.942  2.987  
23031100 23031312   2.488  2.856  
23031800 23032012   1.134  1.285  
23032500 23032712   0.920  1.571  
23040100 23040312   3.584  9.497  
23040800 23041012   2.568  4.240  
23041500 23041712   5.182  5.347  
23042200 23042412   5.371  7.075  
23042900 23050112   4.456  6.780  
23050600 23050812   1.030  0.953  
23051300 23051512   3.297  4.987  
23052000 23052212   3.396  3.085  
23052700 23052912   1.011  1.263  
23060300 23060512   3.482  3.427  
23061000 23061212   0.950  1.467  
23061700 23061912   6.624  9.114  
23062400 23062612   2.678  2.142  
