22100100 22100312   2.185  0.540  
22100800 22101012   2.512  3.666  
22101500 22101712   1.247  1.386  
22102200 22102412   4.416  4.444  
22102900 22103112   1.574  1.785  
22110500 22110712   1.075  1.992  
22111200 22111412   0.833  1.257  
22111900 22112112   1.516  1.371  
22112600 22112812   2.144  2.059  
22120300 22120512   1.128  0.976  
22121000 22121212   2.493  2.076  
22121700 22121912   0.996  0.991  
22122400 22122612   2.184  1.896  
22123100 23010212   0.435  0.478  
23010700 23010912   2.048  2.030  
23011400 23011612   2.978  1.701  
23012100 23012312   0.670  0.718  
23012800 23013012   1.283  1.689  
23020400 23020612   0.808  0.817  
23021100 23021312   0.879  0.729  
23021800 23022012   2.213  1.610  
23022500 23022712   0.534  1.131  
23030400 23030612   1.093  0.965  
23031100 23031312   0.537  0.543  
23031800 23032012   1.476  0.979  
23032500 23032712   0.457  0.450  
23040100 23040312   1.127  1.243  
23040800 23041012   3.788  3.770  
23041500 23041712   2.896  3.069  
23042200 23042412   0.417  0.398  
23042900 23050112   2.005  2.364  
23050600 23050812   1.007  0.694  
23051300 23051512   1.497  1.744  
23052000 23052212   2.983  2.316  
23052700 23052912   0.789  1.857  
23060300 23060512   2.783  2.845  
23061000 23061212   1.484  1.619  
23061700 23061912   0.506  0.474  
23062400 23062612   3.934  4.134  
23070100 23070312   1.782  1.830  
23070800 23071012   1.780  1.801  
23071500 23071712   1.895  2.159  
23072200 23072412   2.007  2.064  
23072900 23073112   1.443  1.404  
23080500 23080712   3.641  3.558  
23081200 23081412   4.623  2.284  
23081900 23082112   1.724  1.539  
23082600 23082812   0.686  0.976  
23090200 23090412   1.409  1.487  
23090900 23091112   5.245  4.350  
23091600 23091812   2.357  2.437  
23092300 23092512   4.540  5.328  
23093000 23100212   0.632  0.802  
23100700 23100912   2.146  2.198  
23101400 23101612   1.445  1.235  
23102100 23102312   0.575  0.639  
23102800 23103012   0.718  1.023  
