22100100 22100312   3.250  2.184  
22100800 22101012   1.554  1.523  
22101500 22101712   4.564  5.164  
22102200 22102412   6.439  7.434  
22102900 22103112   3.665  3.764  
22110500 22110712   11.475  11.412  
22111200 22111412   1.674  2.581  
22111900 22112112   8.291  7.597  
22112600 22112812   8.539  7.077  
22120300 22120512   10.981  15.292  
22121000 22121212   35.032  31.287  
22121700 22121912   4.017  4.040  
22122400 22122612   11.830  11.859  
22123100 23010212   3.920  3.382  
23010700 23010912   12.352  14.042  
23012100 23012312   4.904  8.782  
23012800 23013012   10.419  11.886  
23020400 23020612   3.356  9.828  
23021100 23021312   7.519  11.008  
23021800 23022012   2.226  3.483  
23022500 23022712   5.743  5.475  
23030400 23030612   30.227  33.606  
23031100 23031312   6.504  6.132  
23031800 23032012   1.131  1.337  
23032500 23032712   5.972  4.309  
23040100 23040312   23.962  20.168  
23040800 23041012   1.647  1.875  
23041500 23041712   3.424  3.171  
23042200 23042412   2.950  2.772  
23042900 23050112   4.788  5.974  
23050600 23050812   2.070  1.910  
23051300 23051512   2.668  2.973  
23052000 23052212   12.333  13.781  
23052700 23052912   7.433  7.553  
23060300 23060512   8.301  8.103  
23061000 23061212   8.022  10.993  
23061700 23061912   7.190  7.998  
23062400 23062612   0.814  1.421  
23070100 23070312   3.322  3.300  
23070800 23071012   2.154  2.616  
23071500 23071712   8.417  9.740  
23072200 23072412   4.667  4.378  
23072900 23073112   4.597  5.117  
23080500 23080712   4.121  4.270  
23081200 23081412   9.800  10.604  
23081900 23082112   7.012  7.255  
23082600 23082812   6.919  5.750  
23090200 23090412   1.798  1.320  
23090900 23091112   0.678  0.621  
23091600 23091812   10.045  11.601  
23092300 23092512   1.811  2.088  
23093000 23100212   1.332  1.429  
23100700 23100912   2.295  1.911  
23101400 23101612   2.917  6.163  
23102100 23102312   2.395  2.534  
23102800 23103012   1.176  2.319  
