22100100 22100312   0.000  0.001  
22100800 22101012   0.000  0.000  
22101500 22101712   0.000  0.001  
22102200 22102412   0.289  0.345  
22102900 22103112   0.574  0.581  
22110500 22110712   0.418  0.674  
22111200 22111412   0.000  0.000  
22111900 22112112   0.000  0.000  
22112600 22112812   0.201  0.198  
22120300 22120512   0.112  0.131  
22121000 22121212   0.450  0.420  
22121700 22121912   0.202  0.201  
22122400 22122612   0.811  0.966  
22123100 23010212   0.690  0.753  
23010700 23010912   0.738  0.609  
23011400 23011612   0.942  1.100  
23012100 23012312   0.229  0.227  
23012800 23013012   0.001  0.001  
23020400 23020612   0.470  1.045  
23021100 23021312   0.117  0.256  
23021800 23022012   0.021  0.021  
23022500 23022712   0.304  0.302  
23030400 23030612   0.499  0.592  
23031100 23031312   0.287  0.280  
23031800 23032012   0.001  0.003  
23032500 23032712   0.225  0.245  
23040100 23040312   1.148  1.197  
23040800 23041012   0.255  0.247  
23041500 23041712   0.229  0.231  
23042200 23042412   0.400  0.423  
23042900 23050112   0.000  0.000  
23050600 23050812   0.337  0.430  
23051300 23051512   0.000  0.000  
23052000 23052212   0.006  0.006  
23052700 23052912   0.002  0.008  
23060300 23060512   0.000  0.000  
23061000 23061212   0.598  0.761  
23061700 23061912   0.105  0.100  
23062400 23062612   0.011  0.035  
