22100100 22100312   1.624  1.634  
22100800 22101012   6.453  5.724  
22101500 22101712   25.093  25.032  
22102200 22102412   2.807  2.969  
22102900 22103112   9.021  6.192  
22110500 22110712   5.613  4.772  
22111200 22111412   10.388  12.370  
22111900 22112112   8.996  7.098  
22112600 22112812   4.481  4.244  
22120300 22120512   28.583  28.027  
22121000 22121212   10.545  7.784  
22121700 22121912   8.188  8.442  
22122400 22122612   8.438  8.221  
22123100 23010212   31.297  34.435  
23010700 23010912   25.359  30.204  
23011400 23011612   15.573  18.670  
23012100 23012312   20.932  18.792  
23012800 23013012   41.687  42.035  
23020400 23020612   5.605  12.135  
23031800 23032012   19.617  22.767  
23032500 23032712   4.104  4.204  
23040100 23040312   9.816  3.744  
23040800 23041012   4.862  4.824  
23041500 23041712   7.774  6.940  
23042200 23042412   5.799  4.494  
23042900 23050112   4.158  5.104  
23050600 23050812   10.125  9.576  
23051300 23051512   14.999  14.239  
23052000 23052212   11.126  10.599  
23052700 23052912   8.448  6.410  
23060300 23060512   1.695  1.866  
23061000 23061212   6.346  7.699  
23061700 23061912   6.518  7.621  
23062400 23062612   12.777  13.149  
23070100 23070312   3.610  4.316  
23070800 23071012   4.872  6.034  
23071500 23071712   2.346  2.595  
23072200 23072412   9.632  9.698  
23072900 23073112   6.793  7.647  
23080500 23080712   2.650  2.408  
23081200 23081412   2.920  2.797  
23081900 23082112   10.881  12.618  
23082600 23082812   7.125  6.737  
23090200 23090412   8.217  8.379  
23090900 23091112   3.429  4.537  
23091600 23091812   2.728  2.783  
23092300 23092512   5.796  4.927  
23093000 23100212   5.326  4.847  
23100700 23100912   3.380  3.206  
23101400 23101612   7.389  5.753  
23102100 23102312   4.688  3.668  
23102800 23103012   7.655  6.986  
