22100100 22100312   2.202  2.035  
22100800 22101012   6.877  7.478  
22101500 22101712   1.200  1.435  
22102200 22102412   3.097  11.395  
22102900 22103112   4.013  9.777  
22110500 22110712   2.340  2.404  
22111200 22111412   0.881  0.839  
22111900 22112112   3.579  3.201  
22112600 22112812   2.646  4.552  
22120300 22120512   6.443  0.751  
22121000 22121212   1.607  0.855  
22121700 22121912   2.627  1.451  
22122400 22122612   2.615  2.921  
22123100 23010212   1.312  1.727  
23010700 23010912   1.363  1.323  
23011400 23011612   2.189  1.320  
23012100 23012312   0.748  0.255  
23012800 23013012   1.425  0.912  
23020400 23020612   2.219  3.280  
23021100 23021312   1.883  1.894  
23021800 23022012   0.993  1.121  
23022500 23022712   3.921  3.286  
23030400 23030612   0.502  0.482  
23031100 23031312   1.954  2.060  
23031800 23032012   4.914  5.665  
23032500 23032712   1.905  2.740  
23040100 23040312   2.549  2.584  
23040800 23041012   1.370  1.410  
23041500 23041712   1.352  1.579  
23042200 23042412   2.504  2.339  
23042900 23050112   10.200  10.177  
23050600 23050812   4.576  4.371  
23051300 23051512   3.902  3.712  
23052000 23052212   4.491  2.743  
23052700 23052912   6.336  3.958  
23060300 23060512   4.443  4.438  
23061000 23061212   2.175  1.055  
23061700 23061912   1.119  1.028  
23062400 23062612   3.428  3.844  
23070100 23070312   1.661  1.683  
23070800 23071012   3.125  3.185  
23071500 23071712   1.385  1.192  
23072200 23072412   2.690  2.648  
23072900 23073112   6.915  7.012  
23080500 23080712   5.932  5.796  
23081200 23081412   1.109  2.161  
23081900 23082112   1.983  2.207  
23082600 23082812   2.557  2.948  
23090200 23090412   1.188  1.202  
23090900 23091112   0.516  1.312  
23091600 23091812   2.865  2.796  
23092300 23092512   3.244  4.383  
23093000 23100212   0.946  1.356  
23100700 23100912   7.247  7.139  
23101400 23101612   0.835  0.859  
23102100 23102312   0.395  0.444  
23102800 23103012   2.132  1.748  
