22100100 22100312   4.273  2.328  
22100800 22101012   1.404  2.140  
22101500 22101712   1.432  1.635  
22102200 22102412   1.069  1.018  
22102900 22103112   1.717  1.735  
22110500 22110712   6.242  7.703  
22111200 22111412   1.486  1.660  
22111900 22112112   2.649  2.455  
22112600 22112812   3.335  3.332  
22120300 22120512   3.708  4.911  
22121000 22121212   2.246  2.516  
22121700 22121912   2.313  2.423  
22122400 22122612   1.685  1.739  
22123100 23010212   0.739  0.881  
23010700 23010912   0.659  0.813  
23011400 23011612   2.094  0.942  
23012100 23012312   0.498  0.783  
23012800 23013012   1.630  1.841  
23020400 23020612   0.932  0.151  
23021100 23021312   0.909  0.829  
23021800 23022012   2.749  2.399  
23022500 23022712   3.093  3.040  
23030400 23030612   0.316  0.261  
23031100 23031312   0.865  0.934  
23031800 23032012   1.744  2.456  
23032500 23032712   2.412  2.329  
23040100 23040312   0.275  0.483  
23040800 23041012   0.822  0.800  
23041500 23041712   0.614  0.640  
23042200 23042412   1.746  1.720  
23042900 23050112   3.129  3.258  
23050600 23050812   4.952  5.092  
23051300 23051512   3.024  3.396  
23052000 23052212   4.371  3.809  
23052700 23052912   0.997  3.120  
23060300 23060512   1.478  1.581  
23061000 23061212   1.524  1.436  
23061700 23061912   1.730  2.121  
23062400 23062612   0.221  0.461  
23070100 23070312   0.780  0.811  
23070800 23071012   1.939  2.162  
23071500 23071712   1.477  1.651  
23072200 23072412   1.650  1.771  
23072900 23073112   3.444  3.554  
23080500 23080712   3.750  3.566  
23081200 23081412   3.467  1.405  
23081900 23082112   1.582  1.704  
23082600 23082812   5.597  1.122  
23090200 23090412   1.240  1.303  
23090900 23091112   3.254  2.334  
23091600 23091812   4.097  4.276  
23092300 23092512   5.442  6.326  
23093000 23100212   1.088  1.298  
23100700 23100912   1.893  1.730  
23101400 23101612   1.507  1.491  
23102100 23102312   0.830  0.827  
23102800 23103012   1.422  0.997  
