22100100 22100312   2.119  2.111  
22100800 22101012   3.080  2.317  
22101500 22101712   1.100  1.563  
22102200 22102412   0.782  1.124  
22102900 22103112   5.916  3.816  
22110500 22110712   5.156  7.897  
22111200 22111412   0.182  0.100  
22111900 22112112   0.845  0.547  
22112600 22112812   4.775  6.006  
22120300 22120512   3.109  5.963  
22121000 22121212   15.312  16.745  
22121700 22121912   5.271  5.324  
22122400 22122612   3.638  3.493  
22123100 23010212   5.977  8.826  
23010700 23010912   13.834  16.782  
23011400 23011612   3.053  2.582  
23012100 23012312   1.116  1.295  
23012800 23013012   4.765  4.984  
23020400 23020612   11.740  16.989  
23021100 23021312   1.566  0.977  
23021800 23022012   2.598  2.640  
23022500 23022712   0.899  1.291  
23030400 23030612   3.621  3.919  
23031100 23031312   1.515  2.071  
23031800 23032012   2.646  2.944  
23032500 23032712   2.032  1.981  
23040100 23040312   9.587  13.436  
23040800 23041012   2.571  2.047  
23041500 23041712   1.401  0.837  
23042200 23042412   2.756  2.763  
23042900 23050112   4.965  5.600  
23050600 23050812   3.300  1.680  
23051300 23051512   2.621  3.147  
23052000 23052212   4.253  4.059  
23052700 23052912   1.590  1.016  
23060300 23060512   1.736  2.253  
23061000 23061212   4.587  4.446  
23061700 23061912   3.914  5.184  
23062400 23062612   3.205  2.058  
