22100100 22100312   4.491  2.241  
22100800 22101012   0.941  1.639  
22101500 22101712   3.002  3.047  
22102200 22102412   1.556  1.370  
22102900 22103112   2.051  2.038  
22110500 22110712   4.073  5.715  
22111200 22111412   1.186  1.753  
22111900 22112112   2.284  1.905  
22112600 22112812   3.381  3.374  
22120300 22120512   1.482  1.321  
22121000 22121212   2.177  1.803  
22121700 22121912   2.419  2.255  
22122400 22122612   1.172  1.269  
22123100 23010212   0.858  1.357  
23010700 23010912   0.403  0.285  
23011400 23011612   3.289  1.180  
23012100 23012312   0.889  1.893  
23012800 23013012   1.447  1.327  
23020400 23020612   1.327  0.340  
23021100 23021312   1.125  1.027  
23021800 23022012   1.915  1.537  
23022500 23022712   1.692  0.605  
23030400 23030612   2.794  2.832  
23031100 23031312   0.470  0.569  
23031800 23032012   4.938  4.004  
23032500 23032712   3.136  3.064  
23040100 23040312   0.397  0.647  
23040800 23041012   1.933  1.987  
23041500 23041712   0.967  0.997  
23042200 23042412   1.804  1.707  
23042900 23050112   1.567  1.745  
23050600 23050812   1.132  1.140  
23051300 23051512   4.148  4.214  
23052000 23052212   3.573  2.843  
23052700 23052912   0.443  2.568  
23060300 23060512   0.598  0.502  
23061000 23061212   1.768  1.457  
23061700 23061912   1.608  1.728  
23062400 23062612   3.561  3.900  
23070100 23070312   1.139  1.139  
23070800 23071012   3.184  3.105  
23071500 23071712   2.179  2.462  
23072200 23072412   0.733  0.733  
23072900 23073112   1.424  1.367  
23080500 23080712   3.667  3.646  
23081200 23081412   7.462  4.953  
23081900 23082112   1.028  1.053  
23082600 23082812   2.145  2.071  
23090200 23090412   1.775  1.738  
23090900 23091112   4.317  3.235  
23091600 23091812   2.059  1.944  
23092300 23092512   2.715  3.204  
23093000 23100212   1.692  2.092  
23100700 23100912   1.578  1.839  
23101400 23101612   2.219  2.493  
23102100 23102312   1.406  1.140  
23102800 23103012   1.108  1.499  
