22100100 22100312   2.144  1.353  
22100800 22101012   1.240  0.925  
22101500 22101712   2.973  4.235  
22102200 22102412   1.217  0.839  
22102900 22103112   3.980  3.108  
22110500 22110712   10.394  13.490  
22111200 22111412   1.589  1.473  
22111900 22112112   0.685  0.675  
22112600 22112812   10.647  9.908  
22120300 22120512   3.248  1.877  
22121000 22121212   2.171  2.660  
22121700 22121912   2.799  3.091  
22122400 22122612   8.989  8.057  
22123100 23010212   7.011  9.883  
23010700 23010912   1.320  5.823  
23011400 23011612   2.193  3.097  
23012100 23012312   0.970  1.102  
23012800 23013012   14.336  14.831  
23020400 23020612   5.019  15.860  
23021100 23021312   4.273  2.140  
23021800 23022012   1.103  0.455  
23022500 23022712   1.719  0.572  
23030400 23030612   1.120  0.963  
23031100 23031312   2.517  4.301  
23031800 23032012   1.372  1.087  
23032500 23032712   5.594  5.873  
23040100 23040312   7.300  13.493  
23040800 23041012   8.872  7.745  
23041500 23041712   1.379  1.050  
23042200 23042412   3.114  1.708  
23042900 23050112   1.152  2.676  
23050600 23050812   1.029  0.837  
23051300 23051512   1.840  2.256  
23052000 23052212   5.655  5.851  
23052700 23052912   3.505  2.303  
23060300 23060512   1.538  1.491  
23061000 23061212   1.838  4.286  
23061700 23061912   0.991  0.953  
23062400 23062612   3.370  3.365  
23070100 23070312   6.966  7.213  
23070800 23071012   3.896  5.222  
23071500 23071712   1.565  1.524  
23072200 23072412   1.871  2.316  
23072900 23073112   2.143  3.419  
23080500 23080712   0.893  1.029  
23081200 23081412   1.071  1.580  
23081900 23082112   1.448  3.033  
23082600 23082812   2.125  2.482  
23090200 23090412   3.333  2.696  
23090900 23091112   0.861  1.077  
23091600 23091812   5.568  6.189  
23092300 23092512   1.829  2.921  
23093000 23100212   1.070  0.967  
23100700 23100912   1.042  0.804  
23101400 23101612   3.708  4.962  
23102100 23102312   0.437  0.622  
23102800 23103012   0.685  1.131  
