22100100 22100312   3.969  2.129  
22100800 22101012   1.045  0.467  
22101500 22101712   1.420  1.445  
22102200 22102412   1.675  1.693  
22102900 22103112   0.909  1.084  
22110500 22110712   5.238  6.953  
22111200 22111412   0.136  0.443  
22111900 22112112   0.312  0.461  
22112600 22112812   1.543  1.463  
22120300 22120512   0.970  0.439  
22121000 22121212   1.598  1.318  
22121700 22121912   2.104  2.203  
22122400 22122612   4.166  3.984  
22123100 23010212   0.926  0.539  
23010700 23010912   1.145  1.428  
23011400 23011612   2.451  0.805  
23012100 23012312   0.834  1.410  
23012800 23013012   2.921  3.299  
23020400 23020612   1.183  0.150  
23021100 23021312   0.893  0.688  
23021800 23022012   1.222  0.908  
23022500 23022712   3.845  2.500  
23030400 23030612   0.792  0.712  
23031100 23031312   0.547  0.359  
23031800 23032012   2.954  1.745  
23032500 23032712   0.542  0.438  
23040100 23040312   0.482  0.555  
23040800 23041012   1.098  1.055  
23041500 23041712   0.466  0.632  
23042200 23042412   1.065  0.992  
23042900 23050112   0.875  1.171  
23050600 23050812   3.131  3.565  
23051300 23051512   4.199  4.082  
23052000 23052212   4.750  4.438  
23052700 23052912   0.571  2.689  
23060300 23060512   2.238  2.148  
23061000 23061212   0.985  1.629  
23061700 23061912   2.761  3.016  
23062400 23062612   4.694  5.033  
23070100 23070312   0.740  0.544  
23070800 23071012   3.586  3.687  
23071500 23071712   4.009  4.307  
23072200 23072412   1.398  1.472  
23072900 23073112   1.352  1.339  
23080500 23080712   1.127  1.136  
23081200 23081412   4.124  1.757  
23081900 23082112   1.725  1.821  
23082600 23082812   1.629  1.563  
23090200 23090412   1.220  1.292  
23090900 23091112   2.855  2.035  
23091600 23091812   1.190  1.051  
23092300 23092512   4.194  5.153  
23093000 23100212   1.308  1.774  
23100700 23100912   1.160  1.347  
23101400 23101612   2.274  2.290  
23102100 23102312   0.822  0.636  
23102800 23103012   0.385  0.924  
