22100100 22100312   0.000  0.001  
22100800 22101012   0.000  0.000  
22101500 22101712   0.000  0.000  
22102200 22102412   0.275  0.274  
22102900 22103112   1.186  1.207  
22110500 22110712   0.942  1.157  
22111200 22111412   0.000  0.000  
22111900 22112112   0.000  0.000  
22112600 22112812   3.635  3.621  
22120300 22120512   0.124  0.110  
22121000 22121212   0.431  0.488  
22121700 22121912   0.386  0.386  
22122400 22122612   0.679  0.558  
22123100 23010212   1.200  1.120  
23010700 23010912   0.132  0.154  
23011400 23011612   0.884  1.028  
23012100 23012312   0.110  0.161  
23012800 23013012   0.000  0.000  
23020400 23020612   0.993  1.706  
23021100 23021312   0.376  0.447  
23021800 23022012   0.012  0.022  
23022500 23022712   1.970  1.968  
23030400 23030612   0.139  0.079  
23031100 23031312   0.134  0.138  
23031800 23032012   0.003  0.006  
23032500 23032712   0.343  0.241  
23040100 23040312   1.450  1.662  
23040800 23041012   0.715  0.666  
23041500 23041712   0.050  0.043  
23042200 23042412   0.896  1.002  
23042900 23050112   0.000  0.000  
23050600 23050812   0.084  0.225  
23051300 23051512   0.000  0.000  
23052000 23052212   0.022  0.023  
23052700 23052912   0.118  0.124  
23060300 23060512   0.000  0.001  
23061000 23061212   0.189  0.290  
23061700 23061912   0.213  0.278  
23062400 23062612   0.163  0.288  
23070100 23070312   0.000  0.002  
23070800 23071012   0.022  0.088  
23071500 23071712   0.000  0.002  
23072200 23072412   0.009  0.021  
23072900 23073112   0.022  0.042  
23080500 23080712   0.025  0.024  
23081200 23081412   0.011  0.029  
23081900 23082112   0.000  0.017  
23082600 23082812   0.002  0.006  
23090200 23090412   0.024  0.024  
23090900 23091112   0.011  0.011  
23091600 23091812   0.068  0.068  
23092300 23092512   0.136  0.129  
23093000 23100212   0.010  0.032  
23100700 23100912   0.000  0.000  
23101400 23101612   0.178  0.183  
23102100 23102312   0.010  0.010  
23102800 23103012   0.000  0.000  
