22100100 22100312   0.000  0.001  
22100800 22101012   0.000  0.000  
22101500 22101712   0.000  0.000  
22102200 22102412   0.277  0.267  
22102900 22103112   0.311  0.317  
22110500 22110712   0.359  0.460  
22111200 22111412   0.000  0.000  
22111900 22112112   0.012  0.012  
22112600 22112812   0.191  0.195  
22120300 22120512   0.101  0.113  
22121000 22121212   0.203  0.225  
22121700 22121912   0.017  0.015  
22122400 22122612   0.939  1.162  
22123100 23010212   0.234  0.315  
23010700 23010912   0.573  0.543  
23011400 23011612   0.445  0.513  
23012100 23012312   0.585  0.580  
23012800 23013012   0.000  0.001  
23020400 23020612   0.179  0.400  
23021100 23021312   0.056  0.082  
23021800 23022012   0.018  0.019  
23022500 23022712   0.275  0.275  
23030400 23030612   0.349  0.332  
23031100 23031312   0.183  0.175  
23031800 23032012   0.000  0.001  
23032500 23032712   0.182  0.183  
23040100 23040312   0.549  0.688  
23040800 23041012   0.297  0.323  
23041500 23041712   0.064  0.059  
23042200 23042412   0.230  0.239  
23042900 23050112   0.000  0.000  
23050600 23050812   0.215  0.286  
23051300 23051512   0.000  0.000  
23052000 23052212   0.028  0.028  
23052700 23052912   0.005  0.010  
23060300 23060512   0.000  0.000  
23061000 23061212   0.527  0.831  
23061700 23061912   0.149  0.170  
23062400 23062612   0.025  0.016  
