22100100 22100312   0.389  0.000  0.393  0.000  
22100800 22101012   0.278  0.000  0.293  0.000  
22101500 22101712   0.137  0.000  0.606  0.000  
22102200 22102412   0.247  0.000  0.274  0.000  
22102900 22103112   -0.036  0.231  0.039  0.192  
22110500 22110712   0.413  0.000  0.358  0.000  
22111200 22111412   0.187  0.000  -0.037  0.000  
22111900 22112112   0.012  0.683  -0.034  0.265  
22112600 22112812   0.239  0.000  0.194  0.000  
22120300 22120512   0.172  0.000  -0.013  0.657  
22121000 22121212   -0.249  0.000  -0.023  0.440  
22121700 22121912   0.231  0.000  0.252  0.000  
22122400 22122612   0.307  0.000  0.396  0.000  
22123100 23010212   -0.131  0.000  -0.189  0.000  
23010700 23010912   -0.066  0.000  -0.125  0.000  
23011400 23011612   -0.220  0.072  0.400  0.001  
23012100 23012312   -0.069  0.024  -0.079  0.010  
23012800 23013012   0.021  0.483  -0.181  0.000  
23020400 23020612   0.381  0.000  0.388  0.000  
23021100 23021312   -0.433  0.000  -0.467  0.000  
23021800 23022012   0.079  0.000  -0.104  0.000  
23022500 23022712   -0.060  0.000  -0.054  0.000  
23030400 23030612   -0.340  0.000  -0.363  0.000  
23031100 23031312   0.165  0.000  0.049  0.101  
23031800 23032012   0.322  0.000  0.356  0.000  
23032500 23032712   -0.235  0.000  0.255  0.000  
23040100 23040312   0.318  0.000  0.303  0.000  
23040800 23041012   0.269  0.000  0.162  0.000  
23041500 23041712   0.109  0.000  0.114  0.000  
23042200 23042412   -0.079  0.000  -0.081  0.000  
23042900 23050112   0.565  0.000  0.117  0.000  
23050600 23050812   0.364  0.000  0.338  0.000  
23051300 23051512   0.489  0.000  0.652  0.000  
23052000 23052212   0.114  0.000  0.108  0.000  
23052700 23052912   0.695  0.000  0.636  0.002  
23060300 23060512   -0.069  0.021  -0.125  0.000  
23061000 23061212   -0.005  0.873  0.032  0.295  
23061700 23061912   -0.025  0.414  -0.301  0.000  
23062400 23062612   0.159  0.480  0.114  0.615  
