22100100 22100312   -0.135  0.000  -0.115  0.000  
22100800 22101012   0.038  0.212  0.056  0.063  
22101500 22101712   0.011  0.000  0.058  0.000  
22102200 22102412   -0.023  0.451  0.099  0.001  
22102900 22103112   0.047  0.115  -0.074  0.014  
22110500 22110712   -0.287  0.000  -0.292  0.000  
22111200 22111412   -0.006  0.374  -0.006  0.372  
22111900 22112112   0.002  0.948  -0.009  0.755  
22112600 22112812   0.081  0.000  0.080  0.000  
22120300 22120512   -0.076  0.012  -0.052  0.082  
22121000 22121212   0.201  0.000  0.201  0.000  
22121700 22121912   -0.088  0.003  -0.080  0.007  
22122400 22122612   0.324  0.000  0.314  0.000  
22123100 23010212   -0.054  0.073  -0.056  0.064  
23010700 23010912   -0.130  0.000  -0.118  0.000  
23011400 23011612   -0.299  0.000  -0.146  0.000  
23012100 23012312   0.176  0.000  0.181  0.000  
23012800 23013012   nan  nan  nan  nan  
23020400 23020612   0.032  0.000  -0.003  0.691  
23021100 23021312   -0.119  0.000  -0.119  0.000  
23021800 23022012   0.013  0.084  0.014  0.083  
23022500 23022712   -0.088  0.004  -0.041  0.170  
23030400 23030612   -0.154  0.000  -0.227  0.000  
23031100 23031312   -0.075  0.013  -0.029  0.334  
23031800 23032012   -0.001  0.972  -0.027  0.081  
23032500 23032712   -0.072  0.016  -0.038  0.212  
23040100 23040312   -0.046  0.120  -0.243  0.000  
23040800 23041012   0.478  0.000  0.479  0.000  
23041500 23041712   -0.027  0.000  -0.060  0.000  
23042200 23042412   -0.153  0.000  0.073  0.015  
23042900 23050112   0.514  0.000  0.499  0.000  
23050600 23050812   -0.127  0.000  -0.113  0.000  
23051300 23051512   nan  nan  nan  nan  
23052000 23052212   -0.045  0.133  -0.088  0.004  
23052700 23052912   nan  nan  nan  nan  
23060300 23060512   0.008  0.303  -0.008  0.299  
23061000 23061212   0.154  0.000  0.092  0.002  
23061700 23061912   -0.188  0.000  -0.162  0.000  
23062400 23062612   nan  nan  nan  nan  
23070100 23070312   nan  nan  nan  nan  
23070800 23071012   nan  nan  nan  nan  
23071500 23071712   nan  nan  nan  nan  
23072200 23072412   -0.070  0.020  -0.072  0.017  
23072900 23073112   nan  nan  nan  nan  
23080500 23080712   -0.099  0.001  -0.126  0.000  
23081200 23081412   nan  nan  nan  nan  
23081900 23082112   nan  nan  nan  nan  
23082600 23082812   -0.069  0.021  -0.064  0.032  
23090200 23090412   0.139  0.000  0.183  0.000  
23090900 23091112   -0.075  0.000  -0.075  0.000  
23091600 23091812   -0.324  0.000  -0.220  0.000  
23092300 23092512   -0.069  0.000  -0.084  0.000  
23093000 23100212   -0.196  0.000  -0.198  0.000  
23100700 23100912   -0.044  0.147  -0.033  0.273  
23101400 23101612   0.222  0.000  0.202  0.000  
23102100 23102312   0.419  0.000  0.420  0.000  
23102800 23103012   -0.022  0.161  -0.022  0.160  
