22100100 22100312   0.698  0.000  0.831  0.000  
22100800 22101012   0.819  0.000  0.746  0.000  
22101500 22101712   0.897  0.000  0.100  0.000  
22102200 22102412   0.459  0.018  0.445  0.023  
22102900 22103112   -0.164  0.422  0.043  0.836  
22110500 22110712   0.201  0.347  0.027  0.900  
22111200 22111412   -0.328  0.000  -0.386  0.000  
22111900 22112112   0.262  0.279  -0.248  0.307  
22112600 22112812   -0.143  0.458  0.060  0.756  
22120300 22120512   0.295  0.144  0.294  0.144  
22121000 22121212   -0.213  0.297  0.089  0.667  
22121700 22121912   0.509  0.022  0.148  0.533  
22122400 22122612   0.117  0.465  0.392  0.011  
22123100 23010212   0.390  0.049  0.308  0.126  
23010700 23010912   -0.135  0.421  0.055  0.744  
23012100 23012312   0.750  0.000  0.484  0.000  
23012800 23013012   0.133  0.518  -0.053  0.798  
23020400 23020612   0.199  0.330  0.161  0.433  
23021100 23021312   -0.308  0.018  -0.339  0.009  
23021800 23022012   -0.518  0.000  -0.235  0.002  
23022500 23022712   0.153  0.358  0.001  0.996  
23030400 23030612   -0.613  0.001  -0.045  0.827  
23031100 23031312   -0.007  0.972  0.259  0.201  
23031800 23032012   0.180  0.280  0.604  0.000  
23032500 23032712   -0.257  0.178  -0.242  0.205  
23040100 23040312   0.302  0.274  0.406  0.134  
23040800 23041012   0.851  0.000  0.853  0.000  
23041500 23041712   0.776  0.000  0.677  0.000  
23042200 23042412   -0.075  0.028  -0.032  0.352  
23042900 23050112   0.355  0.007  0.595  0.000  
23050600 23050812   0.563  0.003  0.345  0.084  
23051300 23051512   0.658  0.000  0.681  0.000  
23052000 23052212   0.327  0.000  0.656  0.000  
23052700 23052912   -0.010  0.960  -0.029  0.890  
23060300 23060512   -0.405  0.040  -0.497  0.010  
23061000 23061212   -0.026  0.899  -0.344  0.085  
23061700 23061912   0.004  0.984  -0.096  0.640  
23062400 23062612   0.271  0.181  0.304  0.131  
23070100 23070312   0.132  0.494  0.001  0.996  
23070800 23071012   -0.255  0.208  -0.327  0.103  
23071500 23071712   0.182  0.295  0.018  0.916  
23072200 23072412   0.189  0.355  0.063  0.760  
23072900 23073112   0.184  0.368  0.125  0.542  
23080500 23080712   0.601  0.001  0.606  0.001  
23081200 23081412   -0.040  0.847  0.002  0.992  
23081900 23082112   0.755  0.000  0.866  0.000  
23082600 23082812   0.504  0.002  0.468  0.005  
23090200 23090412   0.020  0.922  0.056  0.786  
23090900 23091112   0.317  0.174  0.178  0.454  
23091600 23091812   0.272  0.028  -0.098  0.438  
23092300 23092512   -0.255  0.123  -0.194  0.243  
23093000 23100212   0.168  0.411  0.236  0.247  
23100700 23100912   -0.119  0.563  -0.031  0.880  
23101400 23101612   0.533  0.005  0.572  0.002  
23102100 23102312   -0.010  0.961  0.044  0.833  
23102800 23103012   0.104  0.536  0.082  0.624  
