22100100 22100312   nan  nan  nan  nan  
22100800 22101012   nan  nan  nan  nan  
22101500 22101712   nan  nan  nan  nan  
22102200 22102412   0.008  0.783  0.020  0.513  
22102900 22103112   0.243  0.000  0.211  0.000  
22110500 22110712   -0.306  0.000  -0.313  0.000  
22111200 22111412   nan  nan  nan  nan  
22111900 22112112   0.002  0.938  0.002  0.937  
22112600 22112812   0.063  0.000  0.034  0.028  
22120300 22120512   -0.071  0.018  -0.071  0.018  
22121000 22121212   -0.104  0.001  -0.115  0.000  
22121700 22121912   0.271  0.000  -0.031  0.297  
22122400 22122612   0.044  0.146  0.092  0.002  
22123100 23010212   0.199  0.000  0.084  0.005  
23010700 23010912   0.023  0.136  0.045  0.003  
23011400 23011612   0.050  0.099  0.090  0.003  
23012100 23012312   0.103  0.001  0.045  0.132  
23012800 23013012   0.091  0.000  0.148  0.000  
23020400 23020612   0.043  0.000  0.043  0.000  
23021100 23021312   -0.132  0.000  -0.138  0.000  
23021800 23022012   0.107  0.000  0.105  0.000  
23022500 23022712   0.069  0.023  0.151  0.000  
23030400 23030612   -0.144  0.000  -0.148  0.000  
23031100 23031312   0.198  0.000  0.271  0.000  
23031800 23032012   nan  nan  nan  nan  
23032500 23032712   0.317  0.000  0.298  0.000  
23040100 23040312   -0.174  0.000  -0.180  0.000  
23040800 23041012   0.163  0.000  0.175  0.000  
23041500 23041712   -0.017  0.025  -0.051  0.000  
23042200 23042412   0.221  0.000  0.155  0.000  
23042900 23050112   nan  nan  nan  nan  
23050600 23050812   -0.130  0.000  0.020  0.497  
23051300 23051512   0.098  0.015  -0.042  0.302  
23052000 23052212   -0.156  0.000  -0.002  0.957  
23052700 23052912   nan  nan  nan  nan  
23060300 23060512   0.014  0.062  0.015  0.049  
23061000 23061212   0.037  0.223  -0.047  0.118  
23061700 23061912   -0.331  0.000  -0.312  0.000  
23062400 23062612   -0.000  0.996  -0.072  0.016  
23070100 23070312   nan  nan  nan  nan  
23070800 23071012   nan  nan  nan  nan  
23071500 23071712   nan  nan  nan  nan  
23072200 23072412   0.057  0.060  0.055  0.070  
23072900 23073112   nan  nan  nan  nan  
23080500 23080712   nan  nan  nan  nan  
23081200 23081412   -0.051  0.087  -0.051  0.088  
23081900 23082112   nan  nan  nan  nan  
23082600 23082812   nan  nan  nan  nan  
23090200 23090412   0.012  0.685  0.068  0.025  
23090900 23091112   nan  nan  nan  nan  
23091600 23091812   0.341  0.000  0.339  0.000  
23092300 23092512   -0.007  0.646  0.014  0.354  
23093000 23100212   -0.054  0.072  -0.148  0.000  
23100700 23100912   nan  nan  nan  nan  
23101400 23101612   0.297  0.000  0.321  0.000  
23102100 23102312   -0.012  0.423  -0.007  0.670  
23102800 23103012   -0.023  0.141  -0.008  0.615  
