22100100 22100312   nan  nan  nan  nan  
22100800 22101012   nan  nan  nan  nan  
22101500 22101712   nan  nan  nan  nan  
22102200 22102412   0.095  0.002  0.130  0.000  
22102900 22103112   0.268  0.000  0.290  0.000  
22110500 22110712   -0.022  0.471  -0.224  0.000  
22111200 22111412   nan  nan  nan  nan  
22111900 22112112   0.060  0.048  0.060  0.048  
22112600 22112812   nan  nan  nan  nan  
22120300 22120512   nan  nan  nan  nan  
22121000 22121212   0.111  0.000  0.188  0.000  
22121700 22121912   0.138  0.000  0.137  0.000  
22122400 22122612   0.169  0.000  0.164  0.000  
22123100 23010212   0.133  0.000  0.131  0.000  
23010700 23010912   -0.027  0.080  -0.045  0.003  
23011400 23011612   -0.034  0.255  0.116  0.000  
23012100 23012312   0.128  0.000  0.111  0.000  
23012800 23013012   nan  nan  nan  nan  
23020400 23020612   0.059  0.000  0.053  0.000  
23021100 23021312   -0.065  0.000  -0.075  0.000  
23021800 23022012   0.041  0.000  0.041  0.000  
23022500 23022712   0.306  0.000  0.306  0.000  
23030400 23030612   -0.094  0.002  -0.099  0.001  
23031100 23031312   0.147  0.000  0.199  0.000  
23031800 23032012   nan  nan  nan  nan  
23032500 23032712   0.103  0.001  0.102  0.001  
23040100 23040312   -0.095  0.002  -0.094  0.002  
23040800 23041012   0.069  0.000  0.223  0.000  
23041500 23041712   -0.008  0.295  -0.020  0.012  
23042200 23042412   0.226  0.000  -0.070  0.021  
23042900 23050112   nan  nan  nan  nan  
23050600 23050812   -0.050  0.094  -0.051  0.090  
23051300 23051512   nan  nan  nan  nan  
23052000 23052212   0.116  0.000  0.114  0.000  
23052700 23052912   nan  nan  nan  nan  
23060300 23060512   nan  nan  nan  nan  
23061000 23061212   0.098  0.001  -0.038  0.208  
23061700 23061912   nan  nan  nan  nan  
23062400 23062612   nan  nan  nan  nan  
