22100100 22100312   nan  nan  nan  nan  
22100800 22101012   nan  nan  nan  nan  
22101500 22101712   nan  nan  nan  nan  
22102200 22102412   -0.008  0.784  0.072  0.017  
22102900 22103112   -0.068  0.024  -0.182  0.000  
22110500 22110712   0.048  0.687  -0.075  0.529  
22111200 22111412   nan  nan  nan  nan  
22111900 22112112   0.017  0.568  0.003  0.913  
22112600 22112812   0.061  0.000  0.065  0.000  
22120300 22120512   -0.013  0.666  0.021  0.481  
22121000 22121212   0.021  0.481  -0.071  0.019  
22121700 22121912   0.002  0.959  -0.024  0.434  
22122400 22122612   0.330  0.000  0.316  0.000  
22123100 23010212   -0.161  0.000  -0.095  0.002  
23010700 23010912   0.112  0.000  0.130  0.000  
23011400 23011612   -0.162  0.000  -0.029  0.328  
23012100 23012312   0.163  0.000  0.156  0.000  
23012800 23013012   nan  nan  nan  nan  
23020400 23020612   -0.003  0.692  -0.008  0.282  
23021100 23021312   0.014  0.080  0.014  0.080  
23021800 23022012   -0.010  0.221  0.019  0.014  
23022500 23022712   -0.147  0.000  -0.153  0.000  
23030400 23030612   0.136  0.000  0.106  0.000  
23031100 23031312   -0.151  0.000  -0.183  0.000  
23031800 23032012   0.014  0.368  0.030  0.049  
23032500 23032712   0.017  0.575  0.054  0.071  
23040100 23040312   -0.015  0.622  -0.081  0.008  
23040800 23041012   0.549  0.000  0.548  0.000  
23041500 23041712   -0.003  0.719  -0.005  0.521  
23042200 23042412   -0.210  0.000  0.088  0.004  
23042900 23050112   nan  nan  nan  nan  
23050600 23050812   -0.123  0.000  -0.121  0.000  
23051300 23051512   nan  nan  nan  nan  
23052000 23052212   nan  nan  nan  nan  
23052700 23052912   -0.095  0.002  -0.103  0.001  
23060300 23060512   nan  nan  nan  nan  
23061000 23061212   0.165  0.000  0.048  0.113  
23061700 23061912   -0.051  0.091  -0.049  0.105  
23062400 23062612   nan  nan  nan  nan  
23070100 23070312   nan  nan  nan  nan  
23070800 23071012   nan  nan  nan  nan  
23071500 23071712   nan  nan  nan  nan  
23072200 23072412   -0.078  0.010  -0.080  0.008  
23072900 23073112   -0.056  0.061  -0.057  0.059  
23080500 23080712   -0.052  0.085  -0.052  0.085  
23081200 23081412   nan  nan  nan  nan  
23081900 23082112   nan  nan  nan  nan  
23082600 23082812   -0.113  0.000  0.075  0.011  
23090200 23090412   -0.001  0.960  -0.002  0.953  
23090900 23091112   0.044  0.005  0.044  0.005  
23091600 23091812   0.195  0.000  0.197  0.000  
23092300 23092512   -0.028  0.072  -0.053  0.001  
23093000 23100212   nan  nan  nan  nan  
23100700 23100912   -0.036  0.226  -0.038  0.211  
23101400 23101612   -0.117  0.000  -0.178  0.000  
23102100 23102312   nan  nan  nan  nan  
23102800 23103012   nan  nan  nan  nan  
