22100100 22100312   0.351  0.000  0.294  0.000  
22100800 22101012   0.380  0.000  0.392  0.000  
22101500 22101712   -0.055  0.000  -0.056  0.000  
22102200 22102412   0.389  0.000  0.363  0.000  
22102900 22103112   -0.091  0.002  -0.095  0.002  
23031100 23031312   0.020  0.728  0.153  0.009  
23031800 23032012   0.301  0.000  0.268  0.000  
23032500 23032712   0.374  0.000  0.382  0.000  
23040100 23040312   -0.024  0.437  -0.024  0.434  
23040800 23041012   0.342  0.000  0.347  0.000  
23041500 23041712   0.091  0.000  0.098  0.000  
23042200 23042412   0.542  0.000  0.534  0.000  
23042900 23050112   0.410  0.000  0.443  0.000  
23050600 23050812   -0.062  0.040  -0.047  0.117  
23051300 23051512   0.524  0.000  0.411  0.000  
23052000 23052212   -0.431  0.000  0.297  0.000  
23052700 23052912   0.432  0.000  0.429  0.000  
23060300 23060512   0.349  0.000  0.362  0.000  
23061000 23061212   0.175  0.000  0.160  0.000  
23061700 23061912   0.354  0.000  0.355  0.000  
23062400 23062612   0.060  0.000  0.056  0.000  
23070100 23070312   0.226  0.000  0.203  0.000  
23070800 23071012   0.309  0.000  0.310  0.000  
23071500 23071712   -0.292  0.000  -0.195  0.000  
23072200 23072412   0.110  0.000  0.106  0.000  
23072900 23073112   0.320  0.000  0.312  0.000  
23080500 23080712   -0.064  0.034  -0.038  0.212  
23081200 23081412   -0.090  0.003  -0.370  0.000  
23081900 23082112   0.304  0.000  0.306  0.000  
23082600 23082812   0.374  0.000  0.354  0.000  
23090200 23090412   0.359  0.000  0.274  0.000  
23090900 23091112   0.105  0.000  0.096  0.000  
23091600 23091812   0.388  0.000  0.409  0.000  
23092300 23092512   0.184  0.000  0.182  0.000  
23093000 23100212   0.374  0.000  0.333  0.000  
23100700 23100912   0.390  0.000  0.381  0.000  
23101400 23101612   0.189  0.000  0.192  0.000  
23102100 23102312   0.051  0.001  0.052  0.001  
23102800 23103012   0.221  0.000  0.232  0.000  
