22100100 22100312   nan  nan  nan  nan  
22100800 22101012   nan  nan  nan  nan  
22101500 22101712   nan  nan  nan  nan  
22102200 22102412   -0.059  0.049  0.068  0.023  
22102900 22103112   0.363  0.000  0.362  0.000  
22110500 22110712   -0.235  0.000  -0.251  0.000  
22111200 22111412   nan  nan  nan  nan  
22111900 22112112   0.021  0.479  0.021  0.477  
22112600 22112812   0.060  0.000  0.010  0.520  
22120300 22120512   0.033  0.279  0.065  0.030  
22121000 22121212   -0.127  0.000  -0.139  0.000  
22121700 22121912   0.074  0.014  0.071  0.019  
22122400 22122612   0.062  0.041  0.107  0.000  
22123100 23010212   -0.025  0.398  -0.060  0.045  
23010700 23010912   -0.087  0.000  -0.073  0.000  
23011400 23011612   0.035  0.251  0.108  0.000  
23012100 23012312   -0.024  0.434  -0.022  0.459  
23012800 23013012   0.114  0.000  0.114  0.000  
23020400 23020612   -0.042  0.000  -0.014  0.075  
23021100 23021312   -0.122  0.000  -0.130  0.000  
23021800 23022012   0.074  0.000  0.056  0.000  
23022500 23022712   0.063  0.036  0.091  0.002  
23030400 23030612   0.166  0.000  0.181  0.000  
23031100 23031312   0.047  0.122  0.128  0.000  
23031800 23032012   0.027  0.080  0.028  0.072  
23032500 23032712   -0.144  0.000  -0.077  0.011  
23040100 23040312   -0.134  0.000  -0.159  0.000  
23040800 23041012   0.292  0.000  0.424  0.000  
23041500 23041712   -0.008  0.306  -0.017  0.028  
23042200 23042412   -0.055  0.067  -0.109  0.000  
23042900 23050112   0.030  0.000  0.031  0.000  
23050600 23050812   0.035  0.243  -0.117  0.000  
23051300 23051512   nan  nan  nan  nan  
23052000 23052212   nan  nan  nan  nan  
23052700 23052912   nan  nan  nan  nan  
23060300 23060512   nan  nan  nan  nan  
23061000 23061212   0.062  0.040  0.098  0.001  
23061700 23061912   -0.056  0.061  -0.085  0.005  
23062400 23062612   0.049  0.106  0.053  0.079  
23070100 23070312   nan  nan  nan  nan  
23070800 23071012   nan  nan  nan  nan  
23071500 23071712   nan  nan  nan  nan  
23072200 23072412   nan  nan  nan  nan  
23072900 23073112   nan  nan  nan  nan  
23080500 23080712   nan  nan  nan  nan  
23081200 23081412   nan  nan  nan  nan  
23081900 23082112   nan  nan  nan  nan  
23082600 23082812   0.115  0.000  0.115  0.000  
23090200 23090412   -0.043  0.152  -0.043  0.152  
23090900 23091112   0.055  0.000  0.055  0.000  
23091600 23091812   0.284  0.000  0.283  0.000  
23092300 23092512   -0.073  0.000  -0.067  0.000  
23093000 23100212   nan  nan  nan  nan  
23100700 23100912   0.053  0.078  0.002  0.938  
23101400 23101612   0.048  0.114  0.041  0.177  
23102100 23102312   nan  nan  nan  nan  
23102800 23103012   nan  nan  nan  nan  
