22100100 22100312   nan  nan  nan  nan  
22100800 22101012   nan  nan  nan  nan  
22101500 22101712   0.001  0.404  0.002  0.218  
22102200 22102412   0.065  0.031  0.100  0.001  
22102900 22103112   0.244  0.000  0.222  0.000  
22110500 22110712   -0.158  0.175  -0.382  0.001  
22111200 22111412   nan  nan  nan  nan  
22111900 22112112   -0.050  0.094  -0.050  0.094  
22112600 22112812   0.037  0.017  0.078  0.000  
22120300 22120512   nan  nan  nan  nan  
22121000 22121212   0.134  0.000  0.222  0.000  
22121700 22121912   -0.114  0.000  -0.220  0.000  
22122400 22122612   0.030  0.332  -0.019  0.535  
22123100 23010212   0.095  0.002  0.045  0.132  
23010700 23010912   -0.025  0.107  -0.039  0.012  
23011400 23011612   -0.034  0.256  0.087  0.004  
23012100 23012312   0.160  0.000  0.176  0.000  
23012800 23013012   -0.000  0.994  -0.012  0.124  
23020400 23020612   -0.048  0.000  -0.027  0.001  
23021100 23021312   -0.068  0.000  -0.078  0.000  
23021800 23022012   0.033  0.000  0.033  0.000  
23022500 23022712   -0.137  0.000  -0.220  0.000  
23030400 23030612   -0.078  0.010  0.089  0.003  
23031100 23031312   0.213  0.000  0.253  0.000  
23031800 23032012   nan  nan  nan  nan  
23032500 23032712   0.123  0.000  0.084  0.005  
23040100 23040312   -0.093  0.002  -0.140  0.000  
23040800 23041012   -0.043  0.003  0.124  0.000  
23041500 23041712   0.005  0.500  0.007  0.359  
23042200 23042412   0.181  0.000  -0.071  0.018  
23042900 23050112   0.027  0.000  0.029  0.000  
23050600 23050812   -0.067  0.026  -0.067  0.027  
23051300 23051512   nan  nan  nan  nan  
23052000 23052212   0.004  0.898  -0.005  0.871  
23052700 23052912   0.057  0.058  0.055  0.068  
23060300 23060512   0.174  0.000  0.088  0.000  
23061000 23061212   0.019  0.527  0.018  0.548  
23061700 23061912   -0.148  0.000  -0.171  0.000  
23062400 23062612   -0.068  0.025  0.017  0.578  
23070100 23070312   -0.000  0.994  -0.000  0.997  
23070800 23071012   0.117  0.000  -0.014  0.638  
23071500 23071712   nan  nan  nan  nan  
23072200 23072412   0.122  0.000  0.098  0.001  
23072900 23073112   0.000  0.990  -0.068  0.023  
23080500 23080712   nan  nan  nan  nan  
23081200 23081412   -0.091  0.002  0.049  0.100  
23081900 23082112   nan  nan  nan  nan  
23082600 23082812   -0.158  0.000  0.118  0.000  
23090200 23090412   0.019  0.532  0.018  0.552  
23090900 23091112   nan  nan  nan  nan  
23091600 23091812   0.502  0.000  0.495  0.000  
23092300 23092512   0.118  0.000  0.068  0.000  
23093000 23100212   -0.049  0.104  -0.048  0.111  
23100700 23100912   0.016  0.590  -0.028  0.347  
23101400 23101612   0.308  0.000  0.293  0.000  
23102100 23102312   nan  nan  nan  nan  
23102800 23103012   nan  nan  nan  nan  
