22100100 22100312   nan  nan  nan  nan  
22100800 22101012   nan  nan  nan  nan  
22101500 22101712   nan  nan  nan  nan  
22102200 22102412   0.078  0.010  0.111  0.000  
22102900 22103112   0.311  0.000  0.311  0.000  
22110500 22110712   -0.118  0.000  -0.265  0.000  
22111200 22111412   nan  nan  nan  nan  
22111900 22112112   -0.029  0.335  -0.029  0.335  
22112600 22112812   0.089  0.000  -0.033  0.033  
22120300 22120512   nan  nan  nan  nan  
22121000 22121212   -0.102  0.001  -0.199  0.000  
22121700 22121912   0.070  0.021  0.068  0.024  
22122400 22122612   0.193  0.000  0.188  0.000  
22123100 23010212   0.119  0.000  0.117  0.000  
23010700 23010912   -0.044  0.004  -0.038  0.013  
23011400 23011612   0.013  0.676  0.195  0.000  
23012100 23012312   0.112  0.000  0.112  0.000  
23012800 23013012   nan  nan  nan  nan  
23020400 23020612   -0.020  0.012  -0.000  0.986  
23021100 23021312   -0.100  0.000  -0.108  0.000  
23021800 23022012   0.043  0.000  0.043  0.000  
23022500 23022712   -0.023  0.449  -0.113  0.000  
23030400 23030612   -0.083  0.006  0.011  0.708  
23031100 23031312   0.157  0.000  0.160  0.000  
23031800 23032012   nan  nan  nan  nan  
23032500 23032712   0.067  0.026  -0.018  0.549  
23040100 23040312   -0.043  0.161  -0.066  0.030  
23040800 23041012   0.456  0.000  0.460  0.000  
23041500 23041712   -0.014  0.072  -0.005  0.522  
23042200 23042412   0.382  0.000  0.094  0.002  
23042900 23050112   nan  nan  nan  nan  
23050600 23050812   0.001  0.970  0.002  0.958  
23051300 23051512   nan  nan  nan  nan  
23052000 23052212   -0.218  0.000  0.219  0.000  
23052700 23052912   nan  nan  nan  nan  
23060300 23060512   nan  nan  nan  nan  
23061000 23061212   0.068  0.023  0.080  0.008  
23061700 23061912   0.052  0.084  -0.048  0.110  
23062400 23062612   nan  nan  nan  nan  
