22100100 22100312   nan  nan  nan  nan  
22100800 22101012   nan  nan  nan  nan  
22101500 22101712   nan  nan  nan  nan  
22102200 22102412   -0.121  0.000  -0.036  0.226  
22102900 22103112   0.297  0.000  0.313  0.000  
22110500 22110712   -0.208  0.000  -0.266  0.000  
22111200 22111412   nan  nan  nan  nan  
22111900 22112112   -0.014  0.641  -0.014  0.643  
22112600 22112812   0.031  0.041  -0.018  0.234  
22120300 22120512   -0.393  0.441  -0.393  0.441  
22121000 22121212   0.105  0.000  0.197  0.000  
22121700 22121912   0.676  0.096  0.676  0.096  
22122400 22122612   -0.044  0.150  -0.015  0.625  
22123100 23010212   0.066  0.027  -0.152  0.000  
23010700 23010912   0.241  0.000  0.242  0.000  
23011400 23011612   -0.042  0.158  0.174  0.000  
23012100 23012312   0.137  0.000  0.129  0.000  
23012800 23013012   0.018  0.021  0.027  0.001  
23020400 23020612   -0.002  0.754  0.041  0.000  
23021100 23021312   -0.027  0.000  -0.031  0.000  
23021800 23022012   0.022  0.005  0.028  0.000  
23022500 23022712   0.843  0.002  0.843  0.002  
23030400 23030612   0.096  0.002  -0.033  0.281  
23031100 23031312   -0.040  0.186  0.132  0.000  
23031800 23032012   -0.024  0.113  -0.001  0.959  
23032500 23032712   -0.205  0.000  -0.200  0.000  
23040100 23040312   -0.018  0.555  -0.024  0.443  
23040800 23041012   0.400  0.000  0.377  0.000  
23041500 23041712   0.015  0.050  0.015  0.050  
23042200 23042412   -0.223  0.000  -0.045  0.133  
23042900 23050112   nan  nan  nan  nan  
23050600 23050812   -0.101  0.001  -0.100  0.001  
23051300 23051512   nan  nan  nan  nan  
23052000 23052212   0.007  0.820  0.159  0.000  
23052700 23052912   nan  nan  nan  nan  
23060300 23060512   nan  nan  nan  nan  
23061000 23061212   -0.131  0.000  0.019  0.527  
23061700 23061912   -0.062  0.040  -0.105  0.000  
23062400 23062612   0.057  0.057  0.058  0.054  
23070100 23070312   nan  nan  nan  nan  
23070800 23071012   nan  nan  nan  nan  
23071500 23071712   nan  nan  nan  nan  
23072200 23072412   nan  nan  nan  nan  
23072900 23073112   nan  nan  nan  nan  
23080500 23080712   nan  nan  nan  nan  
23081200 23081412   nan  nan  nan  nan  
23081900 23082112   nan  nan  nan  nan  
23082600 23082812   nan  nan  nan  nan  
23090200 23090412   0.099  0.001  0.097  0.001  
23090900 23091112   nan  nan  nan  nan  
23091600 23091812   nan  nan  nan  nan  
23092300 23092512   0.349  0.000  0.350  0.000  
23093000 23100212   -0.074  0.014  -0.074  0.014  
23100700 23100912   nan  nan  nan  nan  
23101400 23101612   0.115  0.000  -0.059  0.052  
23102100 23102312   nan  nan  nan  nan  
23102800 23103012   nan  nan  nan  nan  
