22100100 22100312   nan  nan  nan  nan  
22100800 22101012   nan  nan  nan  nan  
22101500 22101712   nan  nan  nan  nan  
22102200 22102412   -0.102  0.001  -0.042  0.165  
22102900 22103112   0.140  0.000  0.200  0.000  
22110500 22110712   -0.117  0.000  -0.136  0.000  
22111200 22111412   nan  nan  nan  nan  
22111900 22112112   -0.020  0.517  -0.020  0.517  
22112600 22112812   -0.006  0.715  -0.116  0.000  
22120300 22120512   0.218  0.000  0.217  0.000  
22121000 22121212   0.047  0.119  0.048  0.109  
22121700 22121912   0.108  0.000  0.101  0.001  
22122400 22122612   -0.153  0.000  -0.111  0.000  
22123100 23010212   0.072  0.017  -0.139  0.000  
23010700 23010912   0.191  0.000  0.222  0.000  
23011400 23011612   0.069  0.021  0.163  0.000  
23012100 23012312   0.089  0.003  0.089  0.003  
23012800 23013012   -0.120  0.000  0.120  0.000  
23020400 23020612   -0.029  0.000  0.007  0.353  
23021100 23021312   -0.029  0.000  -0.031  0.000  
23021800 23022012   0.030  0.000  0.030  0.000  
23022500 23022712   0.022  0.476  0.116  0.000  
23030400 23030612   -0.052  0.086  -0.051  0.092  
23031100 23031312   0.056  0.064  0.183  0.000  
23031800 23032012   nan  nan  nan  nan  
23032500 23032712   -0.107  0.000  -0.107  0.000  
23040100 23040312   -0.062  0.043  -0.101  0.001  
23040800 23041012   0.049  0.001  0.058  0.000  
23041500 23041712   0.198  0.000  0.198  0.000  
23042200 23042412   0.098  0.001  -0.148  0.000  
23042900 23050112   nan  nan  nan  nan  
23050600 23050812   -0.058  0.055  -0.086  0.004  
23051300 23051512   0.033  0.423  -0.033  0.415  
23052000 23052212   -0.105  0.000  -0.110  0.000  
23052700 23052912   nan  nan  nan  nan  
23060300 23060512   nan  nan  nan  nan  
23061000 23061212   0.018  0.558  0.073  0.016  
23061700 23061912   nan  nan  nan  nan  
23062400 23062612   nan  nan  nan  nan  
23070100 23070312   nan  nan  nan  nan  
23070800 23071012   nan  nan  nan  nan  
23071500 23071712   nan  nan  nan  nan  
23072200 23072412   nan  nan  nan  nan  
23072900 23073112   nan  nan  nan  nan  
23080500 23080712   nan  nan  nan  nan  
23081200 23081412   nan  nan  nan  nan  
23081900 23082112   nan  nan  nan  nan  
23082600 23082812   nan  nan  nan  nan  
23090200 23090412   0.081  0.007  0.081  0.007  
23090900 23091112   nan  nan  nan  nan  
23091600 23091812   nan  nan  nan  nan  
23092300 23092512   0.090  0.000  0.081  0.000  
23093000 23100212   -0.052  0.082  -0.053  0.081  
23100700 23100912   nan  nan  nan  nan  
23101400 23101612   0.014  0.641  0.024  0.433  
23102100 23102312   nan  nan  nan  nan  
23102800 23103012   nan  nan  nan  nan  
