22100100 22100312   nan  nan  nan  nan  
22100800 22101012   nan  nan  nan  nan  
22101500 22101712   nan  nan  nan  nan  
22102200 22102412   -0.041  0.174  0.155  0.000  
22102900 22103112   0.216  0.000  0.336  0.000  
22110500 22110712   -0.020  0.516  -0.235  0.000  
22111200 22111412   nan  nan  nan  nan  
22111900 22112112   -0.029  0.335  -0.029  0.335  
22112600 22112812   0.018  0.242  -0.170  0.000  
22120300 22120512   nan  nan  nan  nan  
22121000 22121212   -0.006  0.838  -0.139  0.000  
22121700 22121912   0.071  0.018  0.074  0.013  
22122400 22122612   0.011  0.721  -0.031  0.305  
22123100 23010212   0.164  0.000  0.125  0.000  
23010700 23010912   -0.050  0.001  -0.126  0.000  
23011400 23011612   -0.082  0.006  0.029  0.339  
23012100 23012312   0.214  0.000  0.126  0.000  
23012800 23013012   nan  nan  nan  nan  
23020400 23020612   0.049  0.000  0.049  0.000  
23021100 23021312   -0.063  0.000  -0.069  0.000  
23021800 23022012   0.040  0.000  0.041  0.000  
23022500 23022712   0.646  0.000  0.643  0.000  
23030400 23030612   -0.124  0.000  -0.126  0.000  
23031100 23031312   0.154  0.000  0.256  0.000  
23031800 23032012   nan  nan  nan  nan  
23032500 23032712   0.014  0.651  0.095  0.002  
23040100 23040312   -0.106  0.001  -0.106  0.001  
23040800 23041012   0.109  0.000  -0.203  0.000  
23041500 23041712   0.049  0.000  0.060  0.000  
23042200 23042412   0.263  0.000  0.274  0.000  
23042900 23050112   nan  nan  nan  nan  
23050600 23050812   -0.073  0.016  -0.109  0.000  
23051300 23051512   nan  nan  nan  nan  
23052000 23052212   0.199  0.000  0.069  0.022  
23052700 23052912   nan  nan  nan  nan  
23060300 23060512   nan  nan  nan  nan  
23061000 23061212   -0.052  0.086  -0.209  0.000  
23061700 23061912   -0.092  0.002  -0.131  0.000  
23062400 23062612   nan  nan  nan  nan  
