22100100 22100312   nan  nan  nan  nan  
22100800 22101012   -0.030  0.314  -0.030  0.313  
22101500 22101712   nan  nan  nan  nan  
22102200 22102412   -0.000  0.995  0.070  0.020  
22102900 22103112   0.218  0.000  0.256  0.000  
22110500 22110712   -0.141  0.000  -0.244  0.000  
22111200 22111412   nan  nan  nan  nan  
22111900 22112112   -0.032  0.284  -0.032  0.285  
22112600 22112812   0.061  0.000  0.055  0.000  
22120300 22120512   -0.013  0.668  -0.012  0.686  
22121000 22121212   -0.164  0.000  0.000  0.999  
22121700 22121912   -0.156  0.000  0.156  0.000  
22122400 22122612   0.320  0.000  0.307  0.000  
22123100 23010212   0.003  0.916  0.002  0.957  
23010700 23010912   0.191  0.000  0.185  0.000  
23011400 23011612   0.068  0.025  0.191  0.000  
23012100 23012312   0.040  0.184  -0.010  0.740  
23012800 23013012   nan  nan  nan  nan  
23020400 23020612   -0.036  0.000  -0.036  0.000  
23021100 23021312   0.013  0.083  0.013  0.083  
23021800 23022012   0.023  0.003  0.023  0.003  
23022500 23022712   0.161  0.000  0.133  0.000  
23030400 23030612   0.301  0.000  -0.022  0.461  
23031100 23031312   -0.002  0.952  -0.024  0.423  
23031800 23032012   nan  nan  nan  nan  
23032500 23032712   nan  nan  nan  nan  
23040100 23040312   0.032  0.300  -0.085  0.005  
23040800 23041012   -0.115  0.000  -0.030  0.042  
23041500 23041712   0.023  0.003  0.023  0.003  
23042200 23042412   -0.002  0.935  -0.001  0.984  
23042900 23050112   0.026  0.000  0.028  0.000  
23050600 23050812   -0.039  0.200  -0.094  0.002  
23051300 23051512   nan  nan  nan  nan  
23052000 23052212   nan  nan  nan  nan  
23052700 23052912   nan  nan  nan  nan  
23060300 23060512   nan  nan  nan  nan  
23061000 23061212   0.133  0.000  0.056  0.065  
23061700 23061912   -0.104  0.001  -0.104  0.001  
23062400 23062612   nan  nan  nan  nan  
23070100 23070312   nan  nan  nan  nan  
23070800 23071012   nan  nan  nan  nan  
23071500 23071712   nan  nan  nan  nan  
23072200 23072412   -0.072  0.017  -0.072  0.017  
23072900 23073112   nan  nan  nan  nan  
23080500 23080712   nan  nan  nan  nan  
23081200 23081412   nan  nan  nan  nan  
23081900 23082112   nan  nan  nan  nan  
23082600 23082812   nan  nan  nan  nan  
23090200 23090412   nan  nan  nan  nan  
23090900 23091112   nan  nan  nan  nan  
23091600 23091812   0.118  0.000  0.114  0.000  
23092300 23092512   -0.052  0.001  -0.057  0.000  
23093000 23100212   nan  nan  nan  nan  
23100700 23100912   nan  nan  nan  nan  
23101400 23101612   -0.142  0.000  -0.357  0.000  
23102100 23102312   nan  nan  nan  nan  
23102800 23103012   nan  nan  nan  nan  
