22100100 22100312   nan  nan  nan  nan  
22100800 22101012   0.085  0.005  0.100  0.001  
22101500 22101712   nan  nan  nan  nan  
22102200 22102412   0.169  0.000  0.130  0.000  
22102900 22103112   -0.085  0.005  -0.123  0.000  
22110500 22110712   -0.268  0.000  -0.294  0.000  
22111200 22111412   nan  nan  nan  nan  
22111900 22112112   0.002  0.935  -0.010  0.740  
22112600 22112812   0.076  0.000  0.065  0.000  
22120300 22120512   -0.096  0.001  -0.055  0.066  
22121000 22121212   0.155  0.000  0.179  0.000  
22121700 22121912   -0.133  0.000  -0.130  0.000  
22122400 22122612   0.307  0.000  0.297  0.000  
22123100 23010212   0.045  0.135  0.005  0.864  
23010700 23010912   0.010  0.504  0.018  0.241  
23011400 23011612   -0.304  0.000  -0.154  0.000  
23012100 23012312   0.196  0.000  0.195  0.000  
23012800 23013012   0.328  0.000  0.328  0.000  
23020400 23020612   0.019  0.014  -0.013  0.105  
23021100 23021312   -0.043  0.000  -0.049  0.000  
23021800 23022012   0.013  0.084  0.014  0.080  
23022500 23022712   -0.152  0.000  -0.095  0.002  
23030400 23030612   -0.147  0.000  -0.238  0.000  
23031100 23031312   -0.058  0.053  -0.062  0.040  
23031800 23032012   -0.000  0.989  -0.001  0.971  
23032500 23032712   0.070  0.020  0.070  0.020  
23040100 23040312   0.044  0.139  -0.019  0.535  
23040800 23041012   0.483  0.000  0.454  0.000  
23041500 23041712   -0.006  0.430  -0.044  0.000  
23042200 23042412   0.167  0.000  -0.304  0.000  
23042900 23050112   0.034  0.000  0.035  0.000  
23050600 23050812   -0.067  0.026  -0.065  0.030  
23051300 23051512   -0.119  0.003  -0.085  0.036  
23052000 23052212   0.083  0.006  0.002  0.941  
23052700 23052912   nan  nan  nan  nan  
23060300 23060512   0.014  0.075  0.014  0.070  
23061000 23061212   0.158  0.000  0.151  0.000  
23061700 23061912   -0.096  0.001  -0.043  0.154  
23062400 23062612   -0.082  0.006  -0.081  0.007  
23070100 23070312   nan  nan  nan  nan  
23070800 23071012   -0.066  0.028  -0.066  0.028  
23071500 23071712   -0.056  0.065  -0.055  0.070  
23072200 23072412   -0.083  0.006  -0.081  0.007  
23072900 23073112   -0.082  0.006  -0.081  0.007  
23080500 23080712   0.418  0.000  0.418  0.000  
23081200 23081412   -0.070  0.019  -0.068  0.023  
23081900 23082112   nan  nan  nan  nan  
23082600 23082812   -0.123  0.000  -0.112  0.000  
23090200 23090412   0.033  0.266  0.055  0.068  
23090900 23091112   -0.025  0.112  -0.025  0.110  
23091600 23091812   0.112  0.000  0.112  0.000  
23092300 23092512   -0.017  0.264  -0.028  0.070  
23093000 23100212   -0.087  0.004  -0.087  0.004  
23100700 23100912   0.003  0.909  -0.031  0.299  
23101400 23101612   0.230  0.000  0.150  0.000  
23102100 23102312   0.142  0.000  0.141  0.000  
23102800 23103012   -0.008  0.597  0.067  0.000  
