22100100 22100312   nan  nan  nan  nan  
22100800 22101012   nan  nan  nan  nan  
22101500 22101712   nan  nan  nan  nan  
22102200 22102412   0.020  0.514  0.089  0.003  
22102900 22103112   0.136  0.000  0.070  0.021  
22110500 22110712   nan  nan  nan  nan  
22111200 22111412   -0.068  0.000  -0.068  0.000  
22111900 22112112   nan  nan  nan  nan  
22112600 22112812   0.038  0.015  0.038  0.015  
22120300 22120512   -0.045  0.133  -0.046  0.131  
22121000 22121212   0.049  0.106  0.051  0.090  
22121700 22121912   0.072  0.017  0.067  0.025  
22122400 22122612   -0.073  0.016  -0.090  0.003  
22123100 23010212   -0.257  0.000  -0.258  0.000  
23010700 23010912   0.058  0.000  0.058  0.000  
23011400 23011612   nan  nan  nan  nan  
23012100 23012312   nan  nan  nan  nan  
23012800 23013012   nan  nan  nan  nan  
23020400 23020612   nan  nan  nan  nan  
23021100 23021312   nan  nan  nan  nan  
23021800 23022012   nan  nan  nan  nan  
23022500 23022712   nan  nan  nan  nan  
23030400 23030612   nan  nan  nan  nan  
23031100 23031312   nan  nan  nan  nan  
23031800 23032012   nan  nan  nan  nan  
23032500 23032712   nan  nan  nan  nan  
23040100 23040312   nan  nan  nan  nan  
23040800 23041012   nan  nan  nan  nan  
23041500 23041712   nan  nan  nan  nan  
23042200 23042412   nan  nan  nan  nan  
23042900 23050112   nan  nan  nan  nan  
23050600 23050812   nan  nan  nan  nan  
23051300 23051512   nan  nan  nan  nan  
23052000 23052212   nan  nan  nan  nan  
23052700 23052912   nan  nan  nan  nan  
23060300 23060512   nan  nan  nan  nan  
23061000 23061212   nan  nan  nan  nan  
23061700 23061912   nan  nan  nan  nan  
23062400 23062612   nan  nan  nan  nan  
23070100 23070312   nan  nan  nan  nan  
23070800 23071012   nan  nan  nan  nan  
23071500 23071712   nan  nan  nan  nan  
23072200 23072412   nan  nan  nan  nan  
23072900 23073112   nan  nan  nan  nan  
23080500 23080712   nan  nan  nan  nan  
23081200 23081412   nan  nan  nan  nan  
23081900 23082112   nan  nan  nan  nan  
23082600 23082812   nan  nan  nan  nan  
23090200 23090412   nan  nan  nan  nan  
23090900 23091112   nan  nan  nan  nan  
23091600 23091812   nan  nan  nan  nan  
23092300 23092512   -0.000  0.991  -0.000  0.985  
23093000 23100212   nan  nan  nan  nan  
23100700 23100912   nan  nan  nan  nan  
23101400 23101612   0.139  0.000  0.139  0.000  
23102100 23102312   nan  nan  nan  nan  
23102800 23103012   nan  nan  nan  nan  
