22100100 22100312   nan  nan  nan  nan  
22100800 22101012   nan  nan  nan  nan  
22101500 22101712   nan  nan  nan  nan  
22102200 22102412   0.040  0.179  0.081  0.007  
22102900 22103112   0.312  0.000  0.312  0.000  
22110500 22110712   -0.177  0.000  -0.235  0.000  
22111200 22111412   nan  nan  nan  nan  
22111900 22112112   -0.051  0.091  -0.051  0.091  
22112600 22112812   0.097  0.000  0.042  0.006  
22120300 22120512   nan  nan  nan  nan  
22121000 22121212   0.229  0.000  0.268  0.000  
22121700 22121912   0.065  0.031  -0.125  0.000  
22122400 22122612   0.100  0.001  0.007  0.825  
22123100 23010212   0.117  0.000  0.087  0.004  
23010700 23010912   -0.100  0.000  -0.071  0.000  
23011400 23011612   0.042  0.162  0.185  0.000  
23012100 23012312   0.199  0.000  0.196  0.000  
23012800 23013012   nan  nan  nan  nan  
23020400 23020612   0.026  0.001  0.027  0.001  
23021100 23021312   -0.091  0.000  -0.104  0.000  
23021800 23022012   0.057  0.000  0.052  0.000  
23022500 23022712   -0.169  0.000  -0.261  0.000  
23030400 23030612   -0.128  0.000  -0.018  0.548  
23031100 23031312   0.062  0.039  0.218  0.000  
23031800 23032012   nan  nan  nan  nan  
23032500 23032712   0.134  0.000  0.074  0.014  
23040100 23040312   -0.109  0.000  -0.121  0.000  
23040800 23041012   0.123  0.000  0.298  0.000  
23041500 23041712   -0.014  0.072  -0.015  0.048  
23042200 23042412   0.212  0.000  -0.070  0.020  
23042900 23050112   -0.003  0.684  -0.003  0.684  
23050600 23050812   -0.122  0.000  -0.122  0.000  
23051300 23051512   nan  nan  nan  nan  
23052000 23052212   0.004  0.898  -0.002  0.956  
23052700 23052912   nan  nan  nan  nan  
23060300 23060512   nan  nan  nan  nan  
23061000 23061212   0.046  0.129  0.002  0.950  
23061700 23061912   -0.141  0.000  -0.010  0.748  
23062400 23062612   0.053  0.076  0.056  0.062  
23070100 23070312   nan  nan  nan  nan  
23070800 23071012   0.050  0.095  0.050  0.099  
23071500 23071712   nan  nan  nan  nan  
23072200 23072412   nan  nan  nan  nan  
23072900 23073112   nan  nan  nan  nan  
23080500 23080712   nan  nan  nan  nan  
23081200 23081412   nan  nan  nan  nan  
23081900 23082112   nan  nan  nan  nan  
23082600 23082812   nan  nan  nan  nan  
23090200 23090412   nan  nan  nan  nan  
23090900 23091112   nan  nan  nan  nan  
23091600 23091812   0.214  0.000  0.214  0.000  
23092300 23092512   0.090  0.000  0.046  0.003  
23093000 23100212   nan  nan  nan  nan  
23100700 23100912   nan  nan  nan  nan  
23101400 23101612   0.200  0.000  0.187  0.000  
23102100 23102312   nan  nan  nan  nan  
23102800 23103012   nan  nan  nan  nan  
