22100100 22100312   nan  nan  nan  nan  
22100800 22101012   nan  nan  nan  nan  
22101500 22101712   nan  nan  nan  nan  
22102200 22102412   -0.126  0.000  -0.063  0.035  
22102900 22103112   0.141  0.000  0.177  0.000  
22110500 22110712   -0.184  0.000  -0.158  0.000  
22111200 22111412   nan  nan  nan  nan  
22111900 22112112   0.019  0.539  0.019  0.539  
22112600 22112812   0.005  0.758  -0.138  0.000  
22120300 22120512   0.281  0.000  0.281  0.000  
22121000 22121212   nan  nan  nan  nan  
22121700 22121912   0.212  0.000  0.244  0.000  
22122400 22122612   -0.142  0.000  -0.183  0.000  
22123100 23010212   0.001  0.980  -0.140  0.000  
23010700 23010912   0.117  0.000  0.209  0.000  
23011400 23011612   -0.091  0.002  0.057  0.059  
23012100 23012312   -0.011  0.712  -0.011  0.719  
23012800 23013012   0.160  0.000  0.160  0.000  
23020400 23020612   -0.027  0.001  0.014  0.083  
23021100 23021312   -0.017  0.031  -0.024  0.002  
23021800 23022012   0.027  0.001  0.027  0.000  
23022500 23022712   0.107  0.000  0.220  0.000  
23030400 23030612   -0.049  0.102  -0.050  0.096  
23031100 23031312   0.129  0.000  0.180  0.000  
23031800 23032012   nan  nan  nan  nan  
23032500 23032712   -0.020  0.509  0.004  0.894  
23040100 23040312   -0.113  0.000  -0.113  0.000  
23040800 23041012   0.044  0.002  0.035  0.016  
23041500 23041712   0.021  0.007  0.021  0.007  
23042200 23042412   0.139  0.000  -0.100  0.001  
23042900 23050112   nan  nan  nan  nan  
23050600 23050812   -0.051  0.092  -0.052  0.085  
23051300 23051512   nan  nan  nan  nan  
23052000 23052212   -0.105  0.000  -0.109  0.000  
23052700 23052912   nan  nan  nan  nan  
23060300 23060512   nan  nan  nan  nan  
23061000 23061212   0.032  0.292  0.061  0.044  
23061700 23061912   nan  nan  nan  nan  
23062400 23062612   nan  nan  nan  nan  
23070100 23070312   nan  nan  nan  nan  
23070800 23071012   nan  nan  nan  nan  
23071500 23071712   nan  nan  nan  nan  
23072200 23072412   nan  nan  nan  nan  
23072900 23073112   nan  nan  nan  nan  
23080500 23080712   nan  nan  nan  nan  
23081200 23081412   nan  nan  nan  nan  
23081900 23082112   nan  nan  nan  nan  
23082600 23082812   nan  nan  nan  nan  
23090200 23090412   0.056  0.061  0.055  0.066  
23090900 23091112   nan  nan  nan  nan  
23091600 23091812   nan  nan  nan  nan  
23092300 23092512   0.263  0.000  0.264  0.000  
23093000 23100212   -0.074  0.014  -0.074  0.014  
23100700 23100912   nan  nan  nan  nan  
23101400 23101612   -0.011  0.715  -0.001  0.986  
23102100 23102312   nan  nan  nan  nan  
23102800 23103012   nan  nan  nan  nan  
