22100100 22100312   nan  nan  nan  nan  
22100800 22101012   nan  nan  nan  nan  
22101500 22101712   nan  nan  nan  nan  
22102200 22102412   0.343  0.000  0.289  0.000  
22102900 22103112   0.040  0.187  0.021  0.491  
22110500 22110712   -0.110  0.000  -0.114  0.000  
22111200 22111412   nan  nan  nan  nan  
22111900 22112112   nan  nan  nan  nan  
22112600 22112812   -0.042  0.006  -0.082  0.000  
22120300 22120512   -0.079  0.009  -0.001  0.975  
22121000 22121212   0.252  0.000  0.253  0.000  
22121700 22121912   0.138  0.000  -0.030  0.322  
22122400 22122612   -0.034  0.258  0.006  0.841  
22123100 23010212   -0.139  0.000  -0.076  0.011  
23010700 23010912   -0.049  0.002  -0.020  0.200  
23011400 23011612   0.010  0.745  0.050  0.097  
23012100 23012312   0.000  0.999  -0.096  0.001  
23012800 23013012   nan  nan  nan  nan  
23020400 23020612   0.081  0.000  0.092  0.000  
23021100 23021312   -0.085  0.000  -0.090  0.000  
23021800 23022012   0.059  0.000  0.059  0.000  
23022500 23022712   -0.009  0.771  0.045  0.136  
23030400 23030612   0.002  0.960  -0.074  0.013  
23031100 23031312   0.226  0.000  0.262  0.000  
23031800 23032012   nan  nan  nan  nan  
23032500 23032712   -0.012  0.693  0.001  0.964  
23040100 23040312   -0.072  0.017  -0.073  0.014  
23040800 23041012   0.192  0.000  0.256  0.000  
23041500 23041712   -0.030  0.000  -0.024  0.002  
23042200 23042412   -0.076  0.012  -0.173  0.000  
23042900 23050112   nan  nan  nan  nan  
23050600 23050812   0.085  0.005  -0.063  0.036  
23051300 23051512   nan  nan  nan  nan  
23052000 23052212   -0.069  0.021  -0.071  0.019  
23052700 23052912   0.002  0.936  0.003  0.933  
23060300 23060512   nan  nan  nan  nan  
23061000 23061212   0.177  0.000  0.072  0.017  
23061700 23061912   -0.159  0.000  -0.184  0.000  
23062400 23062612   -0.082  0.007  -0.091  0.002  
23070100 23070312   nan  nan  nan  nan  
23070800 23071012   -0.050  0.097  -0.051  0.092  
23071500 23071712   nan  nan  nan  nan  
23072200 23072412   -0.071  0.018  -0.071  0.019  
23072900 23073112   nan  nan  nan  nan  
23080500 23080712   -0.048  0.108  -0.048  0.112  
23081200 23081412   nan  nan  nan  nan  
23081900 23082112   nan  nan  nan  nan  
23082600 23082812   nan  nan  nan  nan  
23090200 23090412   0.081  0.007  0.081  0.007  
23090900 23091112   0.055  0.000  0.034  0.026  
23091600 23091812   0.312  0.000  0.313  0.000  
23092300 23092512   0.022  0.161  0.035  0.025  
23093000 23100212   -0.047  0.116  -0.047  0.116  
23100700 23100912   nan  nan  nan  nan  
23101400 23101612   0.314  0.000  0.279  0.000  
23102100 23102312   nan  nan  nan  nan  
23102800 23103012   nan  nan  nan  nan  
