23042900 23050112   0.035  0.136  0.120  0.000  
23050600 23050812   -0.117  0.429  -0.194  0.187  
23051300 23051512   nan  nan  nan  nan  
23052000 23052212   nan  nan  nan  nan  
23052700 23052912   nan  nan  nan  nan  
23060300 23060512   nan  nan  nan  nan  
23061000 23061212   0.092  0.532  0.133  0.369  
23061700 23061912   nan  nan  nan  nan  
23062400 23062612   nan  nan  nan  nan  
23070100 23070312   nan  nan  nan  nan  
23070800 23071012   nan  nan  nan  nan  
23071500 23071712   nan  nan  nan  nan  
23072200 23072412   0.141  0.339  0.379  0.008  
23072900 23073112   nan  nan  nan  nan  
23080500 23080712   nan  nan  nan  nan  
23081200 23081412   nan  nan  nan  nan  
23081900 23082112   nan  nan  nan  nan  
23082600 23082812   nan  nan  nan  nan  
23090200 23090412   nan  nan  nan  nan  
23090900 23091112   0.202  0.284  0.249  0.185  
23091600 23091812   0.004  0.976  0.167  0.258  
23092300 23092512   -0.147  0.228  -0.171  0.160  
23093000 23100212   nan  nan  nan  nan  
23100700 23100912   nan  nan  nan  nan  
23101400 23101612   0.281  0.053  0.257  0.078  
23102100 23102312   nan  nan  nan  nan  
23102800 23103012   nan  nan  nan  nan  
