22100100 22100312   0.367  0.000  0.358  0.000  
22100800 22101012   0.126  0.000  0.177  0.000  
22101500 22101712   -0.252  0.000  -0.508  0.000  
22102200 22102412   0.371  0.000  0.362  0.000  
22102900 22103112   -0.073  0.016  0.014  0.650  
22110500 22110712   0.316  0.000  0.187  0.000  
22111200 22111412   0.145  0.000  -0.060  0.000  
22111900 22112112   0.286  0.000  0.275  0.000  
22112600 22112812   0.124  0.000  0.119  0.000  
22120300 22120512   0.252  0.000  -0.048  0.112  
22121000 22121212   0.007  0.806  -0.012  0.701  
22121700 22121912   0.131  0.000  0.146  0.000  
22122400 22122612   0.112  0.000  0.148  0.000  
22123100 23010212   0.133  0.000  0.119  0.000  
23010700 23010912   0.081  0.000  0.060  0.000  
23011400 23011612   -0.517  0.000  -0.237  0.051  
23012100 23012312   -0.071  0.018  -0.093  0.002  
23012800 23013012   0.179  0.000  -0.243  0.000  
23020400 23020612   0.285  0.000  0.307  0.000  
23021100 23021312   0.111  0.000  0.203  0.000  
23021800 23022012   -0.143  0.000  0.015  0.044  
23022500 23022712   -0.024  0.126  -0.037  0.016  
23030400 23030612   -0.176  0.000  -0.136  0.000  
23031100 23031312   -0.049  0.106  0.222  0.000  
23031800 23032012   -0.176  0.000  0.010  0.726  
23032500 23032712   -0.063  0.032  -0.030  0.302  
23040100 23040312   0.095  0.001  0.287  0.000  
23040800 23041012   0.097  0.001  0.174  0.000  
23041500 23041712   -0.093  0.000  -0.088  0.000  
23042200 23042412   -0.431  0.000  -0.447  0.000  
23042900 23050112   -0.302  0.000  -0.596  0.000  
23050600 23050812   0.232  0.000  0.219  0.000  
23051300 23051512   0.445  0.000  -0.412  0.000  
23052000 23052212   -0.298  0.000  -0.180  0.000  
23052700 23052912   0.049  0.100  0.040  0.183  
23060300 23060512   0.157  0.000  0.173  0.000  
23061000 23061212   -0.210  0.000  -0.277  0.000  
23061700 23061912   0.096  0.001  -0.088  0.003  
23062400 23062612   0.800  0.000  0.847  0.000  
