22100100 22100312   -0.009  0.758  0.024  0.419  
22100800 22101012   0.019  0.536  0.018  0.543  
22101500 22101712   -0.265  0.000  -0.166  0.000  
22102200 22102412   0.008  0.788  0.051  0.093  
22102900 22103112   0.158  0.000  0.123  0.000  
22110500 22110712   -0.135  0.000  -0.143  0.000  
22111200 22111412   nan  nan  nan  nan  
22111900 22112112   0.001  0.986  -0.016  0.604  
22112600 22112812   -0.032  0.039  -0.051  0.001  
22120300 22120512   0.252  0.000  0.227  0.000  
22121000 22121212   -0.040  0.190  -0.056  0.064  
22121700 22121912   0.031  0.308  0.103  0.001  
22122400 22122612   0.158  0.000  0.166  0.000  
22123100 23010212   -0.000  0.997  0.056  0.065  
23010700 23010912   -0.137  0.000  -0.131  0.000  
23011400 23011612   0.063  0.037  0.027  0.375  
23012100 23012312   -0.070  0.020  -0.132  0.000  
23012800 23013012   nan  nan  nan  nan  
23020400 23020612   0.064  0.000  0.068  0.000  
23021100 23021312   -0.132  0.000  -0.132  0.000  
23021800 23022012   0.044  0.000  0.038  0.000  
23022500 23022712   -0.005  0.868  0.024  0.417  
23030400 23030612   0.053  0.077  -0.088  0.003  
23031100 23031312   0.236  0.000  0.256  0.000  
23031800 23032012   0.093  0.000  0.066  0.000  
23032500 23032712   -0.073  0.015  -0.071  0.018  
23040100 23040312   0.243  0.000  0.325  0.000  
23040800 23041012   0.437  0.000  0.473  0.000  
23041500 23041712   0.038  0.000  0.046  0.000  
23042200 23042412   0.039  0.192  -0.082  0.007  
23042900 23050112   0.039  0.000  0.039  0.000  
23050600 23050812   0.025  0.409  0.002  0.946  
23051300 23051512   -0.074  0.068  -0.055  0.180  
23052000 23052212   -0.097  0.001  -0.038  0.211  
23052700 23052912   0.055  0.069  0.005  0.861  
23060300 23060512   -0.029  0.000  -0.022  0.005  
23061000 23061212   0.194  0.000  0.033  0.267  
23061700 23061912   -0.212  0.000  -0.209  0.000  
23062400 23062612   0.075  0.012  -0.147  0.000  
23070100 23070312   -0.071  0.019  -0.010  0.752  
23070800 23071012   -0.000  0.993  -0.115  0.000  
23071500 23071712   -0.169  0.000  0.123  0.000  
23072200 23072412   0.119  0.000  0.119  0.000  
23072900 23073112   0.003  0.911  -0.065  0.031  
23080500 23080712   -0.061  0.044  -0.054  0.074  
23081200 23081412   -0.121  0.000  -0.130  0.000  
23081900 23082112   nan  nan  nan  nan  
23082600 23082812   -0.083  0.005  -0.142  0.000  
23090200 23090412   0.058  0.055  0.079  0.009  
23090900 23091112   0.062  0.000  0.037  0.016  
23091600 23091812   0.402  0.000  0.403  0.000  
23092300 23092512   -0.065  0.000  -0.042  0.006  
23093000 23100212   -0.106  0.000  -0.142  0.000  
23100700 23100912   nan  nan  nan  nan  
23101400 23101612   -0.037  0.218  -0.046  0.130  
23102100 23102312   nan  nan  nan  nan  
23102800 23103012   nan  nan  nan  nan  
