22100800 22101012   1.336  1.498  
22101500 22101712   2.104  1.959  
22102200 22102412   0.800  0.347  
22102900 22103112   1.582  0.967  
22110500 22110712   1.440  2.631  
22111200 22111412   1.690  0.858  
22111900 22112112   0.171  1.166  
22112600 22112812   0.771  0.330  
22120300 22120512   0.980  1.416  
22121000 22121212   3.554  2.967  
22121700 22121912   0.433  0.231  
22122400 22122612   4.993  5.197  
22123100 23010212   1.534  1.630  
23010700 23010912   0.533  0.478  
23011400 23011612   0.510  0.409  
23012100 23012312   1.047  1.686  
23012800 23013012   0.750  0.168  
23020400 23020612   2.455  2.233  
23021100 23021312   0.308  0.043  
23021800 23022012   1.871  2.378  
23022500 23022712   1.367  1.049  
23030400 23030612   1.538  1.938  
23031100 23031312   1.486  1.743  
23031800 23032012   2.181  2.573  
23032500 23032712   0.601  0.883  
23040100 23040312   1.400  0.960  
23040800 23041012   1.996  1.858  
23041500 23041712   1.839  1.402  
23042200 23042412   0.162  0.905  
23042900 23050112   3.089  3.198  
23050600 23050812   1.856  2.211  
23051300 23051512   5.472  5.314  
23052000 23052212   2.509  2.508  
23052700 23052912   1.154  1.223  
23060300 23060512   3.721  3.042  
23061000 23061212   1.833  1.615  
23061700 23061912   0.741  0.360  
23062400 23062612   1.086  1.427  
23070100 23070312   0.270  0.411  
23070800 23071012   1.541  1.258  
23071500 23071712   3.786  4.245  
23072200 23072412   1.288  1.784  
23072900 23073112   0.712  1.117  
23080500 23080712   0.362  0.486  
23081200 23081412   3.869  3.016  
23081900 23082112   3.323  2.576  
23082600 23082812   1.162  1.509  
23090200 23090412   1.264  1.174  
23090900 23091112   4.064  4.494  
23091600 23091812   0.575  0.819  
23092300 23092512   4.463  4.125  
23093000 23100212   0.439  0.586  
23100700 23100912   3.111  3.863  
23101400 23101612   0.639  0.255  
23102100 23102312   1.860  1.787  
23102800 23103012   0.278  0.100  
23110400 23110612   3.089  2.783  
23111100 23111312   0.529  0.271  
23111800 23112012   2.273  1.688  
23112500 23112712   1.796  2.122  
24010600 24010812   2.347  1.425  
