22100800 22101012   4.817  5.256  
22101500 22101712   8.045  8.204  
22102200 22102412   7.144  7.313  
22102900 22103112   9.575  9.085  
22110500 22110712   11.798  17.156  
22111200 22111412   6.719  7.707  
22111900 22112112   2.874  5.765  
22112600 22112812   8.768  6.292  
22120300 22120512   2.821  3.791  
22121000 22121212   17.053  24.368  
22121700 22121912   3.527  4.828  
22122400 22122612   12.258  14.506  
22123100 23010212   17.510  17.585  
23010700 23010912   17.656  19.625  
23011400 23011612   6.801  8.139  
23012100 23012312   5.158  7.467  
23012800 23013012   6.453  6.634  
23020400 23020612   15.185  21.116  
23021100 23021312   10.857  12.464  
23021800 23022012   2.614  4.034  
23022500 23022712   4.194  3.311  
23030400 23030612   11.241  12.579  
23031100 23031312   5.010  6.667  
23031800 23032012   5.263  7.500  
23032500 23032712   11.246  13.871  
23040100 23040312   17.709  20.260  
23040800 23041012   9.366  7.661  
23041500 23041712   7.888  8.435  
23042200 23042412   7.448  6.846  
23042900 23050112   4.892  4.556  
23050600 23050812   5.726  6.978  
23051300 23051512   4.334  3.807  
23052000 23052212   8.863  10.130  
23052700 23052912   13.009  14.911  
23060300 23060512   6.410  6.150  
23061000 23061212   11.142  11.523  
23061700 23061912   4.605  2.936  
23062400 23062612   3.819  4.815  
23070100 23070312   7.601  6.509  
23070800 23071012   6.320  6.817  
23071500 23071712   5.358  4.929  
23072200 23072412   4.130  3.770  
23072900 23073112   1.132  1.394  
23080500 23080712   6.091  8.265  
23081200 23081412   3.250  3.506  
23081900 23082112   7.882  12.639  
23082600 23082812   0.775  1.517  
23090200 23090412   13.684  14.406  
23090900 23091112   2.337  2.702  
23091600 23091812   6.144  6.862  
23092300 23092512   7.357  6.422  
23093000 23100212   14.021  13.583  
23100700 23100912   5.752  7.670  
23101400 23101612   10.675  13.154  
23102100 23102312   8.995  12.193  
23102800 23103012   7.037  8.198  
23110400 23110612   9.273  11.539  
23111100 23111312   22.949  27.482  
23111800 23112012   4.965  6.080  
23112500 23112712   5.213  7.436  
24010600 24010812   18.367  26.998  
