22100800 22101012   0.347  0.486  
22101500 22101712   1.359  1.326  
22102200 22102412   2.563  1.714  
22102900 22103112   0.604  0.365  
22110500 22110712   6.586  8.472  
22111200 22111412   1.055  1.117  
22111900 22112112   0.768  0.332  
22112600 22112812   1.112  1.635  
22120300 22120512   9.218  7.330  
22121000 22121212   13.440  17.361  
22121700 22121912   0.219  0.194  
22122400 22122612   8.473  6.701  
22123100 23010212   9.645  8.635  
23010700 23010912   7.185  9.958  
23011400 23011612   2.781  2.621  
23012100 23012312   1.152  1.304  
23012800 23013012   1.223  0.615  
23020400 23020612   9.325  13.031  
23021100 23021312   1.183  1.838  
23021800 23022012   0.850  0.941  
23022500 23022712   9.019  8.492  
23030400 23030612   3.707  2.127  
23031100 23031312   0.784  0.962  
23031800 23032012   0.153  0.181  
23032500 23032712   7.668  5.781  
23040100 23040312   8.456  13.231  
23040800 23041012   1.706  1.696  
23041500 23041712   0.451  0.325  
23042200 23042412   0.239  0.269  
23042900 23050112   9.171  9.525  
23050600 23050812   0.602  0.684  
23051300 23051512   5.908  5.899  
23052000 23052212   4.946  4.635  
23052700 23052912   9.437  7.983  
23060300 23060512   1.179  1.275  
23061000 23061212   3.216  3.117  
23061700 23061912   3.859  4.871  
23062400 23062612   4.032  3.361  
23070100 23070312   0.958  1.166  
23070800 23071012   1.829  1.605  
23071500 23071712   0.821  0.432  
23072200 23072412   2.635  2.974  
23072900 23073112   6.770  6.597  
23080500 23080712   1.109  3.150  
23081200 23081412   2.498  2.181  
23081900 23082112   0.577  5.447  
23082600 23082812   5.147  4.598  
23090200 23090412   7.012  8.141  
23090900 23091112   3.246  3.571  
23091600 23091812   2.449  1.765  
23092300 23092512   1.157  1.182  
23093000 23100212   4.062  3.303  
23100700 23100912   0.857  0.740  
23101400 23101612   2.812  3.384  
23102100 23102312   2.747  0.916  
23102800 23103012   0.504  0.170  
23110400 23110612   8.502  7.960  
23111100 23111312   12.230  16.194  
23111800 23112012   0.492  0.453  
23112500 23112712   0.921  0.918  
24010600 24010812   8.122  15.149  
