22100800 22101012   1.170  1.607  
22101500 22101712   1.494  1.527  
22102200 22102412   0.287  0.644  
22102900 22103112   1.699  1.129  
22110500 22110712   0.673  2.853  
22111200 22111412   1.187  0.861  
22111900 22112112   0.399  0.381  
22112600 22112812   0.979  1.067  
22120300 22120512   1.458  1.531  
22121000 22121212   3.883  3.113  
22121700 22121912   0.505  0.554  
22122400 22122612   4.803  4.671  
22123100 23010212   1.587  1.231  
23010700 23010912   0.791  1.170  
23011400 23011612   2.237  1.303  
23012100 23012312   1.597  2.648  
23012800 23013012   0.421  0.784  
23020400 23020612   2.664  1.254  
23021100 23021312   0.386  0.984  
23021800 23022012   1.304  1.306  
23022500 23022712   0.759  0.136  
23030400 23030612   1.086  1.034  
23031100 23031312   1.023  0.729  
23031800 23032012   1.287  1.483  
23032500 23032712   0.208  0.098  
23040100 23040312   0.826  0.239  
23040800 23041012   2.752  2.985  
23041500 23041712   2.826  2.484  
23042200 23042412   0.401  0.259  
23042900 23050112   1.746  2.693  
23050600 23050812   2.234  1.628  
23051300 23051512   3.166  3.297  
23052000 23052212   2.985  1.895  
23052700 23052912   0.231  2.663  
23060300 23060512   1.783  1.692  
23061000 23061212   0.699  2.020  
23061700 23061912   0.165  0.223  
23062400 23062612   1.892  1.574  
23070100 23070312   0.517  0.499  
23070800 23071012   1.434  1.800  
23071500 23071712   3.298  3.403  
23072200 23072412   0.287  0.183  
23072900 23073112   0.473  0.557  
23080500 23080712   1.591  1.384  
23081200 23081412   4.842  1.716  
23081900 23082112   3.555  3.043  
23082600 23082812   2.433  1.701  
23090200 23090412   1.644  1.686  
23090900 23091112   5.500  4.454  
23091600 23091812   0.503  0.457  
23092300 23092512   4.609  4.419  
23093000 23100212   0.491  0.372  
23100700 23100912   4.006  3.952  
23101400 23101612   0.389  0.380  
23102100 23102312   2.313  2.341  
23102800 23103012   0.092  0.096  
23110400 23110612   1.500  1.599  
23111100 23111312   2.022  0.365  
23111800 23112012   3.010  1.304  
23112500 23112712   2.314  2.551  
24010600 24010812   2.157  2.060  
