22100800 22101012   1.220  1.675  
22101500 22101712   1.768  1.780  
22102200 22102412   0.395  0.682  
22102900 22103112   1.709  1.136  
22110500 22110712   0.810  2.885  
22111200 22111412   1.273  1.061  
22111900 22112112   0.421  0.407  
22112600 22112812   0.999  1.081  
22120300 22120512   1.471  1.542  
22121000 22121212   3.926  3.158  
22121700 22121912   1.199  1.223  
22122400 22122612   4.918  4.782  
22123100 23010212   1.612  1.248  
23010700 23010912   0.814  1.177  
23011400 23011612   2.623  1.412  
23012100 23012312   1.622  2.685  
23012800 23013012   0.681  0.918  
23020400 23020612   2.689  1.268  
23021100 23021312   0.566  1.000  
23021800 23022012   1.305  1.308  
23022500 23022712   0.798  0.351  
23030400 23030612   1.149  1.065  
23031100 23031312   1.036  0.743  
23031800 23032012   1.327  1.520  
23032500 23032712   0.320  0.229  
23040100 23040312   0.860  0.401  
23040800 23041012   2.801  3.049  
23041500 23041712   2.843  2.498  
23042200 23042412   0.636  0.668  
23042900 23050112   1.930  2.791  
23050600 23050812   2.271  1.668  
23051300 23051512   3.656  3.618  
23052000 23052212   3.022  2.933  
23052700 23052912   0.434  2.691  
23060300 23060512   1.806  1.716  
23061000 23061212   1.167  2.044  
23061700 23061912   0.525  0.519  
23062400 23062612   1.898  1.576  
23070100 23070312   0.622  0.530  
23070800 23071012   1.460  1.825  
23071500 23071712   3.329  3.437  
23072200 23072412   0.355  0.294  
23072900 23073112   0.566  0.622  
23080500 23080712   1.628  1.421  
23081200 23081412   4.935  1.731  
23081900 23082112   3.599  3.074  
23082600 23082812   2.459  1.737  
23090200 23090412   1.707  1.742  
23090900 23091112   5.515  4.466  
23091600 23091812   1.007  0.925  
23092300 23092512   4.631  4.437  
23093000 23100212   0.527  0.433  
23100700 23100912   4.087  4.034  
23101400 23101612   0.489  0.470  
23102100 23102312   2.316  2.343  
23102800 23103012   0.164  0.150  
23110400 23110612   2.006  2.025  
23111100 23111312   2.054  0.485  
23111800 23112012   3.099  1.345  
23112500 23112712   2.384  2.629  
24010600 24010812   2.167  2.068  
