22100800 22101012   5.022  5.387  
22101500 22101712   8.187  8.340  
22102200 22102412   7.246  7.348  
22102900 22103112   9.656  9.183  
22110500 22110712   12.009  17.314  
22111200 22111412   6.756  7.726  
22111900 22112112   2.905  5.780  
22112600 22112812   8.845  6.410  
22120300 22120512   4.091  5.522  
22121000 22121212   17.105  24.435  
22121700 22121912   3.581  4.909  
22122400 22122612   12.317  14.542  
22123100 23010212   17.624  17.666  
23010700 23010912   17.707  19.655  
23011400 23011612   6.976  8.277  
23012100 23012312   5.397  7.659  
23012800 23013012   6.507  6.652  
23020400 23020612   15.194  21.125  
23021100 23021312   10.880  12.481  
23021800 23022012   2.664  4.058  
23022500 23022712   4.403  3.643  
23030400 23030612   11.385  12.724  
23031100 23031312   5.324  6.846  
23031800 23032012   5.279  7.515  
23032500 23032712   11.328  13.983  
23040100 23040312   17.794  20.395  
23040800 23041012   10.173  8.572  
23041500 23041712   7.893  8.444  
23042200 23042412   7.562  6.957  
23042900 23050112   5.107  4.706  
23050600 23050812   5.761  7.041  
23051300 23051512   4.825  4.230  
23052000 23052212   8.964  10.181  
23052700 23052912   13.082  14.977  
23060300 23060512   6.461  6.197  
23061000 23061212   11.213  11.603  
23061700 23061912   5.340  4.375  
23062400 23062612   4.267  5.041  
23070100 23070312   7.896  6.874  
23070800 23071012   6.440  6.937  
23071500 23071712   5.405  4.972  
23072200 23072412   4.338  4.024  
23072900 23073112   2.593  2.620  
23080500 23080712   6.132  8.303  
23081200 23081412   3.442  3.701  
23081900 23082112   7.961  12.816  
23082600 23082812   1.563  1.924  
23090200 23090412   13.733  14.452  
23090900 23091112   2.363  2.721  
23091600 23091812   6.227  6.929  
23092300 23092512   7.422  6.504  
23093000 23100212   14.082  13.654  
23100700 23100912   5.793  7.712  
23101400 23101612   10.726  13.196  
23102100 23102312   9.005  12.205  
23102800 23103012   7.062  8.225  
23110400 23110612   9.537  11.755  
23111100 23111312   23.060  27.613  
23111800 23112012   5.015  6.141  
23112500 23112712   5.372  7.559  
24010600 24010812   18.407  27.050  
