22100800 22101012   0.031  0.298  0.130  0.000  
22101500 22101712   0.607  0.000  0.560  0.000  
22102200 22102412   0.122  0.000  0.219  0.000  
22102900 22103112   0.014  0.650  -0.062  0.040  
22110500 22110712   0.356  0.000  0.298  0.000  
22111200 22111412   -0.728  0.000  -0.719  0.000  
22111900 22112112   0.318  0.000  0.318  0.000  
22112600 22112812   0.231  0.000  0.210  0.000  
22120300 22120512   0.288  0.000  0.245  0.000  
22121000 22121212   0.139  0.000  -0.052  0.087  
22121700 22121912   0.236  0.000  0.236  0.000  
22122400 22122612   0.204  0.000  0.279  0.000  
22123100 23010212   -0.193  0.000  -0.185  0.000  
23010700 23010912   0.108  0.000  0.029  0.058  
23011400 23011612   0.378  0.001  0.403  0.001  
23012100 23012312   -0.079  0.009  -0.089  0.003  
23012800 23013012   0.016  0.595  0.169  0.000  
23020400 23020612   0.184  0.000  0.197  0.000  
23021100 23021312   -0.209  0.000  -0.443  0.000  
23021800 23022012   0.210  0.000  0.130  0.000  
23022500 23022712   -0.046  0.003  -0.066  0.000  
23030400 23030612   -0.093  0.002  -0.059  0.049  
23031100 23031312   0.119  0.000  0.173  0.000  
23031800 23032012   0.282  0.000  0.396  0.000  
23032500 23032712   0.378  0.000  0.159  0.000  
23040100 23040312   0.150  0.000  0.173  0.000  
23040800 23041012   0.016  0.604  -0.105  0.000  
23041500 23041712   0.204  0.000  0.160  0.000  
23042200 23042412   0.487  0.000  0.498  0.000  
23042900 23050112   -0.631  0.000  -0.623  0.000  
23050600 23050812   0.173  0.000  0.228  0.000  
23051300 23051512   0.052  0.325  0.150  0.004  
23052000 23052212   -0.641  0.000  -0.674  0.000  
23052700 23052912   0.030  0.325  -0.035  0.240  
23060300 23060512   0.176  0.000  0.252  0.000  
23061000 23061212   -0.235  0.000  -0.211  0.000  
23061700 23061912   -0.166  0.000  -0.275  0.000  
23062400 23062612   -0.009  0.238  0.022  0.004  
23070100 23070312   -0.090  0.003  -0.044  0.140  
23070800 23071012   0.042  0.167  0.070  0.020  
23071500 23071712   0.059  0.049  0.054  0.073  
23072200 23072412   -0.090  0.003  -0.116  0.000  
23072900 23073112   -0.158  0.000  -0.106  0.000  
23080500 23080712   0.195  0.000  0.232  0.000  
23081200 23081412   -0.089  0.003  -0.033  0.274  
23081900 23082112   0.171  0.000  0.159  0.000  
23082600 23082812   0.120  0.000  0.362  0.000  
23090200 23090412   0.270  0.000  0.263  0.000  
23090900 23091112   0.157  0.000  0.131  0.000  
23091600 23091812   -0.438  0.000  -0.200  0.000  
23092300 23092512   0.127  0.000  0.196  0.000  
23093000 23100212   0.028  0.354  0.054  0.071  
23100700 23100912   -0.505  0.000  0.379  0.000  
23101400 23101612   0.103  0.001  0.102  0.001  
23102100 23102312   0.078  0.000  0.042  0.006  
23102800 23103012   0.181  0.000  0.195  0.000  
23110400 23110612   -0.338  0.000  -0.299  0.000  
23111100 23111312   0.082  0.006  0.022  0.462  
23111800 23112012   0.714  0.000  0.747  0.000  
23112500 23112712   0.587  0.000  0.720  0.000  
24010600 24010812   0.073  0.000  -0.146  0.000  
