22100100 22100312   1.119  1.086  
22100800 22101012   1.033  1.090  
22101500 22101712   4.210  4.211  
22102200 22102412   3.814  3.817  
22102900 22103112   0.868  0.961  
22110500 22110712   12.412  14.739  
22111200 22111412   2.011  1.640  
22111900 22112112   2.057  2.390  
22112600 22112812   1.817  2.272  
22120300 22120512   10.303  10.327  
22121000 22121212   23.584  28.880  
22121700 22121912   3.791  3.788  
22122400 22122612   0.851  0.807  
22123100 23010212   0.882  0.751  
23010700 23010912   18.435  18.456  
23011400 23011612   4.790  4.346  
23012100 23012312   1.942  1.951  
23012800 23013012   8.003  7.895  
23020400 23020612   10.407  12.324  
23021100 23021312   6.714  7.399  
23021800 23022012   0.261  0.222  
23022500 23022712   1.935  1.925  
23030400 23030612   2.616  2.637  
23031100 23031312   0.370  0.368  
23031800 23032012   8.241  8.210  
23032500 23032712   5.911  5.926  
23040100 23040312   3.794  3.055  
23040800 23041012   6.060  6.448  
23041500 23041712   1.062  0.997  
23042200 23042412   6.179  6.128  
23042900 23050112   7.294  7.292  
23050600 23050812   1.838  1.844  
23051300 23051512   8.484  8.383  
23052000 23052212   3.437  3.162  
23052700 23052912   3.343  3.135  
23060300 23060512   0.387  0.394  
23061000 23061212   3.362  4.638  
23061700 23061912   5.959  5.971  
23062400 23062612   1.160  1.159  
23070100 23070312   2.287  2.305  
23070800 23071012   0.315  0.318  
23071500 23071712   2.022  1.746  
23072200 23072412   4.294  4.290  
23072900 23073112   2.452  2.458  
23080500 23080712   0.507  0.508  
23081200 23081412   0.358  1.527  
23081900 23082112   0.404  0.617  
23082600 23082812   5.279  5.273  
23090200 23090412   1.360  1.409  
23090900 23091112   2.481  2.403  
23091600 23091812   4.041  4.040  
23092300 23092512   1.732  1.729  
23093000 23100212   2.901  2.892  
23100700 23100912   2.957  2.955  
23101400 23101612   3.569  3.565  
23102100 23102312   2.350  2.347  
23102800 23103012   1.457  1.445  
23122300 23122512   10.921  11.712  
