22100100 22100312   4.551  3.822  
22100800 22101012   1.774  2.554  
22101500 22101712   7.333  7.625  
22102200 22102412   12.335  12.334  
22102900 22103112   8.705  8.405  
22110500 22110712   15.977  18.573  
22111200 22111412   0.498  1.063  
22111900 22112112   5.054  4.472  
22112600 22112812   8.037  7.160  
22120300 22120512   15.931  15.943  
22121000 22121212   2.105  10.393  
22121700 22121912   8.213  9.731  
22122400 22122612   10.882  12.529  
22123100 23010212   15.569  15.975  
23010700 23010912   21.370  21.354  
23011400 23011612   13.472  10.159  
23012100 23012312   16.113  21.683  
23012800 23013012   3.866  5.781  
23020400 23020612   14.103  10.283  
23021100 23021312   11.159  12.439  
23021800 23022012   15.333  13.628  
23022500 23022712   35.315  33.448  
23030400 23030612   20.713  20.693  
23031100 23031312   19.487  19.457  
23031800 23032012   8.665  9.304  
23032500 23032712   2.487  2.506  
23040100 23040312   3.807  1.804  
23040800 23041012   16.620  15.747  
23041500 23041712   22.621  20.442  
23042200 23042412   9.422  9.041  
23042900 23050112   11.209  11.206  
23050600 23050812   6.534  6.527  
23051300 23051512   5.943  5.543  
23052000 23052212   9.048  9.431  
23052700 23052912   2.988  3.680  
23060300 23060512   3.029  3.028  
23061000 23061212   3.552  5.688  
23061700 23061912   6.006  6.018  
23062400 23062612   12.201  12.199  
23070100 23070312   10.926  10.930  
23070800 23071012   6.483  6.463  
23071500 23071712   0.653  1.157  
23072200 23072412   0.906  0.894  
23072900 23073112   5.733  5.726  
23080500 23080712   2.621  2.625  
23081200 23081412   18.709  16.372  
23081900 23082112   4.139  5.135  
23082600 23082812   3.855  3.864  
23090200 23090412   7.100  7.922  
23090900 23091112   8.048  8.703  
23091600 23091812   8.073  8.108  
23092300 23092512   3.654  3.645  
23093000 23100212   0.545  0.498  
23100700 23100912   0.900  0.892  
23101400 23101612   4.223  4.220  
23102100 23102312   1.327  1.320  
23102800 23103012   8.675  8.661  
