22100100 22100312   3.604  4.040  
22100800 22101012   1.021  0.427  
22101500 22101712   2.610  2.804  
22102200 22102412   4.655  4.658  
22102900 22103112   2.401  2.211  
22110500 22110712   12.868  15.094  
22111200 22111412   0.290  0.978  
22111900 22112112   0.328  0.629  
22112600 22112812   17.389  16.830  
22120300 22120512   12.086  12.106  
22121000 22121212   2.031  4.370  
22121700 22121912   8.744  8.453  
22122400 22122612   14.234  13.902  
22123100 23010212   2.775  3.019  
23010700 23010912   8.069  8.076  
23012100 23012312   2.806  3.224  
23012800 23013012   37.487  37.040  
23020400 23020612   14.860  18.430  
23021100 23021312   2.193  3.023  
23021800 23022012   2.922  2.226  
23022500 23022712   0.333  1.271  
23030400 23030612   7.305  7.313  
23031100 23031312   0.628  0.634  
23031800 23032012   4.015  4.336  
23032500 23032712   6.133  6.117  
23040100 23040312   3.389  1.421  
23040800 23041012   3.860  4.485  
23041500 23041712   3.015  2.150  
23042200 23042412   4.360  4.148  
23042900 23050112   5.479  5.478  
23050600 23050812   12.869  12.867  
23051300 23051512   6.159  5.795  
23052000 23052212   5.858  5.339  
23052700 23052912   0.259  0.812  
23060300 23060512   3.427  3.418  
23061000 23061212   3.376  5.904  
23061700 23061912   14.226  14.233  
23062400 23062612   5.266  5.267  
23070100 23070312   4.861  4.854  
23070800 23071012   6.578  6.570  
23071500 23071712   4.791  4.170  
23072200 23072412   1.074  1.074  
23072900 23073112   3.135  3.126  
23080500 23080712   5.717  5.712  
23081200 23081412   1.719  1.988  
23081900 23082112   4.157  4.872  
23082600 23082812   5.235  5.237  
23090200 23090412   0.451  0.715  
23090900 23091112   4.165  3.420  
23091600 23091812   11.547  11.534  
23092300 23092512   5.401  5.401  
23093000 23100212   0.229  0.251  
23100700 23100912   1.922  1.923  
23101400 23101612   6.131  6.132  
23102100 23102312   1.543  1.541  
23102800 23103012   5.862  5.858  
