22100100 22100312   3.344  9.993  
22100800 22101012   14.887  5.304  
22101500 22101712   10.661  5.407  
22102200 22102412   7.682  3.992  
22102900 22103112   17.128  15.062  
22110500 22110712   8.483  1.864  
22111200 22111412   9.843  6.187  
22111900 22112112   5.675  3.010  
22112600 22112812   1.578  4.585  
22120300 22120512   6.457  13.074  
22121000 22121212   2.504  7.291  
22121700 22121912   5.153  3.250  
22122400 22122612   1.342  2.063  
22123100 23010212   3.783  5.060  
23010700 23010912   6.809  6.005  
23011400 23011612   0.335  0.767  
23012100 23012312   10.199  1.861  
23012800 23013012   1.118  1.231  
23020400 23020612   1.677  0.967  
23021100 23021312   24.283  20.050  
23021800 23022012   0.469  5.017  
23022500 23022712   9.530  6.002  
23030400 23030612   6.956  2.488  
23031100 23031312   6.294  13.148  
23031800 23032012   14.278  5.428  
23032500 23032712   15.280  12.609  
23040100 23040312   11.266  5.986  
23040800 23041012   13.903  8.635  
23041500 23041712   8.967  1.733  
23042200 23042412   5.772  5.762  
23042900 23050112   1.547  6.793  
23050600 23050812   8.510  3.871  
23051300 23051512   5.789  9.704  
23052000 23052212   4.678  6.972  
23052700 23052912   11.710  5.944  
23060300 23060512   7.232  1.653  
23061000 23061212   10.409  3.641  
23061700 23061912   3.792  15.292  
23062400 23062612   27.907  23.175  
23070100 23070312   2.613  10.630  
23070800 23071012   8.079  1.211  
23071500 23071712   11.244  5.195  
23072200 23072412   7.320  2.838  
23072900 23073112   2.978  2.851  
23080500 23080712   14.286  9.366  
23081200 23081412   21.759  12.879  
23081900 23082112   6.516  2.003  
23082600 23082812   7.192  1.586  
23090200 23090412   6.870  17.415  
23090900 23091112   25.303  10.264  
23091600 23091812   22.433  14.097  
23092300 23092512   2.661  7.492  
23093000 23100212   20.166  15.979  
23100700 23100912   9.302  2.600  
23101400 23101612   21.130  8.693  
23102100 23102312   8.184  3.346  
23102800 23103012   3.800  8.034  
