22100100 22100312   1.773  0.576  
22100800 22101012   1.168  3.024  
22101500 22101712   2.212  1.686  
22102200 22102412   2.392  2.031  
22102900 22103112   1.277  0.710  
22110500 22110712   1.194  2.007  
22111200 22111412   2.745  1.736  
22111900 22112112   0.846  0.291  
22112600 22112812   1.830  2.613  
22120300 22120512   0.472  0.312  
22121000 22121212   2.438  1.649  
22121700 22121912   9.647  10.337  
22122400 22122612   4.855  4.315  
22123100 23010212   0.169  0.700  
23010700 23010912   0.430  0.758  
23011400 23011612   3.014  1.193  
23012100 23012312   0.944  0.850  
23012800 23013012   2.220  3.096  
23020400 23020612   2.049  0.782  
23021100 23021312   1.146  0.338  
23021800 23022012   3.596  2.801  
23022500 23022712   1.918  3.858  
23030400 23030612   1.959  1.741  
23031100 23031312   0.492  0.677  
23031800 23032012   1.617  0.731  
23032500 23032712   2.883  2.575  
23040100 23040312   0.609  0.230  
23040800 23041012   1.371  0.697  
23041500 23041712   0.702  1.596  
23042200 23042412   0.593  0.806  
23042900 23050112   9.397  10.700  
23050600 23050812   1.389  1.032  
23051300 23051512   0.765  2.110  
23052000 23052212   3.366  4.527  
23052700 23052912   3.034  2.130  
23060300 23060512   2.020  2.549  
23061000 23061212   3.524  0.975  
23061700 23061912   1.532  1.110  
23062400 23062612   1.823  2.525  
23070100 23070312   0.518  0.292  
23070800 23071012   4.225  5.024  
23071500 23071712   0.282  1.514  
23072200 23072412   1.468  2.114  
23072900 23073112   3.438  4.079  
23080500 23080712   1.582  2.312  
23081200 23081412   6.266  2.765  
23081900 23082112   1.757  0.745  
23082600 23082812   3.533  4.375  
23090200 23090412   0.934  2.153  
23090900 23091112   0.350  1.310  
23091600 23091812   1.729  2.146  
23092300 23092512   0.479  0.236  
23093000 23100212   1.503  1.042  
23100700 23100912   0.562  1.240  
23101400 23101612   0.836  0.315  
23102100 23102312   0.489  0.103  
23102800 23103012   3.050  2.838  
