23042900 23050112   0.002  0.002  
23050600 23050812   0.334  0.340  
23051300 23051512   0.004  0.005  
23052000 23052212   0.031  0.035  
23052700 23052912   0.071  0.072  
23060300 23060512   0.034  0.039  
23061000 23061212   0.297  0.333  
23061700 23061912   0.137  0.150  
23062400 23062612   0.011  0.013  
23070100 23070312   0.009  0.012  
23070800 23071012   0.018  0.021  
23071500 23071712   0.090  0.104  
23072200 23072412   0.006  0.007  
23072900 23073112   0.028  0.032  
23080500 23080712   0.066  0.076  
23081200 23081412   0.003  0.004  
23081900 23082112   0.005  0.006  
23082600 23082812   0.079  0.089  
23090200 23090412   0.000  0.000  
23090900 23091112   0.017  0.019  
23091600 23091812   0.000  0.000  
23092300 23092512   0.109  0.127  
23093000 23100212   0.048  0.052  
23100700 23100912   0.000  0.000  
23101400 23101612   0.005  0.005  
23102100 23102312   0.002  0.002  
23102800 23103012   0.001  0.001  
