22100100 22100312   4.267  2.235  
22100800 22101012   2.724  0.501  
22101500 22101712   4.875  5.610  
22102200 22102412   1.562  1.989  
22102900 22103112   4.481  4.157  
22110500 22110712   4.744  4.886  
22111200 22111412   17.239  5.317  
22111900 22112112   21.458  5.990  
22112600 22112812   2.354  0.439  
22120300 22120512   21.526  2.237  
22121000 22121212   9.517  3.281  
22121700 22121912   20.547  6.717  
22122400 22122612   19.241  5.428  
22123100 23010212   2.359  5.510  
23010700 23010912   3.992  0.093  
23011400 23011612   1.304  1.689  
23012100 23012312   5.793  1.793  
23012800 23013012   20.319  9.677  
23020400 23020612   1.429  1.268  
23021100 23021312   1.189  1.200  
23021800 23022012   0.636  1.381  
23022500 23022712   12.936  10.236  
23030400 23030612   6.175  2.252  
23031100 23031312   9.038  2.144  
23031800 23032012   3.291  4.005  
23032500 23032712   0.794  1.044  
23040100 23040312   3.666  4.281  
23040800 23041012   0.644  1.728  
23041500 23041712   5.185  4.220  
23042200 23042412   4.143  3.563  
23042900 23050112   4.504  2.849  
23050600 23050812   8.821  10.637  
23051300 23051512   3.248  1.188  
23052000 23052212   1.698  4.541  
23052700 23052912   1.128  3.583  
23060300 23060512   4.956  3.005  
23061000 23061212   7.126  1.974  
23061700 23061912   1.091  0.989  
23062400 23062612   2.773  0.783  
23070100 23070312   3.969  1.615  
23070800 23071012   6.616  4.615  
23071500 23071712   5.846  3.138  
23072200 23072412   5.033  2.473  
23072900 23073112   8.278  6.359  
23080500 23080712   1.174  3.498  
23081200 23081412   9.004  2.193  
23081900 23082112   2.260  4.388  
23082600 23082812   5.957  3.939  
23090200 23090412   4.621  1.602  
23090900 23091112   4.114  1.765  
23091600 23091812   3.653  2.009  
23092300 23092512   0.499  0.946  
23093000 23100212   1.614  2.318  
23100700 23100912   3.082  1.946  
23101400 23101612   2.628  1.797  
23102100 23102312   1.999  0.887  
23102800 23103012   11.698  3.502  
