22100100 22100312   17.740  15.143  
22100800 22101012   6.021  4.198  
22101500 22101712   4.193  4.265  
22102200 22102412   5.234  6.728  
22102900 22103112   16.223  18.665  
22110500 22110712   10.075  15.992  
22111200 22111412   1.895  2.712  
22111900 22112112   6.267  5.017  
22112600 22112812   4.508  5.039  
22120300 22120512   8.857  10.167  
22121000 22121212   2.313  5.693  
22121700 22121912   19.543  15.869  
22122400 22122612   2.788  4.081  
22123100 23010212   2.283  2.277  
23010700 23010912   19.606  22.074  
23011400 23011612   7.317  4.757  
23012100 23012312   6.074  1.195  
23012800 23013012   15.622  19.398  
23020400 23020612   12.362  8.511  
23021100 23021312   6.018  8.320  
23021800 23022012   13.742  11.630  
23022500 23022712   3.600  2.395  
23030400 23030612   13.683  15.188  
23031100 23031312   17.290  16.625  
23031800 23032012   7.608  8.922  
23032500 23032712   13.571  15.606  
23040100 23040312   15.868  13.264  
23040800 23041012   13.042  16.124  
23041500 23041712   7.573  10.985  
23042200 23042412   4.532  4.546  
23042900 23050112   24.054  23.176  
23050600 23050812   1.979  2.739  
23051300 23051512   16.937  15.554  
23052000 23052212   17.378  14.632  
23052700 23052912   5.376  2.047  
23060300 23060512   20.842  19.770  
23061000 23061212   21.010  12.648  
23061700 23061912   5.960  4.529  
23062400 23062612   13.461  12.036  
23070100 23070312   12.077  10.366  
23070800 23071012   20.068  18.812  
23071500 23071712   3.509  0.774  
23072200 23072412   1.779  3.217  
23072900 23073112   6.580  5.398  
23080500 23080712   6.440  5.055  
23081200 23081412   36.780  30.391  
23081900 23082112   6.690  10.172  
23082600 23082812   9.444  8.731  
23090200 23090412   7.866  5.128  
23090900 23091112   13.852  15.950  
23091600 23091812   5.933  5.073  
23092300 23092512   20.214  19.429  
23093000 23100212   19.435  20.385  
23100700 23100912   5.915  5.354  
23101400 23101612   16.066  17.112  
23102100 23102312   21.496  20.857  
23102800 23103012   9.704  10.326  
