22100100 22100312   4.696  3.987  
22100800 22101012   2.523  2.930  
22101500 22101712   7.671  7.958  
22102200 22102412   12.526  12.517  
22102900 22103112   9.138  8.860  
22110500 22110712   16.251  18.769  
22111200 22111412   0.620  1.145  
22111900 22112112   5.150  4.597  
22112600 22112812   8.391  7.547  
22120300 22120512   16.054  16.068  
22121000 22121212   5.806  11.835  
22121700 22121912   8.362  9.832  
22122400 22122612   11.071  12.679  
22123100 23010212   15.850  16.269  
23010700 23010912   21.464  21.455  
23011400 23011612   17.464  12.787  
23012100 23012312   16.351  22.089  
23012800 23013012   4.322  6.053  
23020400 23020612   14.303  10.532  
23021100 23021312   12.061  13.195  
23021800 23022012   15.489  13.772  
23022500 23022712   35.560  33.675  
23030400 23030612   20.851  20.840  
23031100 23031312   19.680  19.658  
23031800 23032012   8.827  9.468  
23032500 23032712   3.349  3.374  
23040100 23040312   4.382  3.216  
23040800 23041012   16.773  15.902  
23041500 23041712   22.668  20.483  
23042200 23042412   9.863  9.535  
23042900 23050112   11.449  11.448  
23050600 23050812   6.621  6.621  
23051300 23051512   6.496  6.063  
23052000 23052212   10.477  10.575  
23052700 23052912   3.381  3.977  
23060300 23060512   5.575  5.578  
23061000 23061212   4.709  6.137  
23061700 23061912   6.117  6.133  
23062400 23062612   12.210  12.209  
23070100 23070312   11.022  11.037  
23070800 23071012   6.623  6.591  
23071500 23071712   2.209  2.406  
23072200 23072412   2.519  2.506  
23072900 23073112   5.839  5.836  
23080500 23080712   3.007  3.018  
23081200 23081412   18.884  16.575  
23081900 23082112   4.465  5.358  
23082600 23082812   3.950  3.960  
23090200 23090412   7.206  8.016  
23090900 23091112   8.073  8.728  
23091600 23091812   8.755  8.779  
23092300 23092512   4.218  4.185  
23093000 23100212   1.989  1.904  
23100700 23100912   2.596  2.587  
23101400 23101612   4.532  4.520  
23102100 23102312   1.600  1.577  
23102800 23103012   8.738  8.723  
