22100100 22100312   2.611  2.802  
22100800 22101012   1.096  1.275  
22101500 22101712   2.662  2.761  
22102200 22102412   1.557  1.552  
22102900 22103112   1.255  1.359  
22110500 22110712   5.532  6.403  
22111200 22111412   3.084  2.997  
22111900 22112112   0.692  0.759  
22112600 22112812   5.628  5.203  
22120300 22120512   8.044  8.040  
22121000 22121212   2.181  3.842  
22121700 22121912   3.900  3.742  
22122400 22122612   2.456  2.781  
22123100 23010212   8.119  8.315  
23010700 23010912   13.386  13.383  
23011400 23011612   5.582  3.786  
23012100 23012312   2.834  2.559  
23012800 23013012   9.339  9.176  
23020400 23020612   5.920  8.504  
23021100 23021312   3.160  3.543  
23021800 23022012   0.814  0.694  
23022500 23022712   8.844  8.608  
23030400 23030612   5.883  5.885  
23031100 23031312   6.085  6.080  
23031800 23032012   4.241  4.123  
23032500 23032712   1.899  1.891  
23040100 23040312   8.979  10.159  
23040800 23041012   2.477  2.278  
23041500 23041712   7.670  7.317  
23042200 23042412   1.563  1.530  
23042900 23050112   6.440  6.441  
23050600 23050812   1.298  1.288  
23051300 23051512   6.346  6.205  
23052000 23052212   3.248  3.299  
23052700 23052912   4.172  4.621  
23060300 23060512   1.776  1.776  
23061000 23061212   2.159  2.970  
23061700 23061912   8.664  8.667  
23062400 23062612   1.730  1.632  
