22100100 22100312   2.110  2.393  
22100800 22101012   0.376  0.388  
22101500 22101712   1.676  1.784  
22102200 22102412   4.536  4.467  
22102900 22103112   2.460  3.604  
22110500 22110712   3.584  4.764  
22111200 22111412   1.217  1.139  
22111900 22112112   3.983  3.901  
22112600 22112812   2.107  2.507  
22120300 22120512   2.690  2.652  
22121000 22121212   1.698  2.268  
22121700 22121912   14.182  13.696  
22122400 22122612   3.099  3.635  
22123100 23010212   4.184  4.583  
23010700 23010912   4.310  4.512  
23011400 23011612   1.886  1.753  
23012100 23012312   0.943  1.075  
23012800 23013012   12.363  11.559  
23020400 23020612   3.400  4.700  
23021100 23021312   7.064  8.438  
23021800 23022012   1.137  1.007  
23022500 23022712   3.408  3.160  
23030400 23030612   2.914  3.116  
23031100 23031312   1.166  1.044  
23031800 23032012   6.024  5.917  
23032500 23032712   0.913  0.856  
23040100 23040312   2.854  1.554  
23040800 23041012   1.646  2.617  
23041500 23041712   9.645  8.675  
23042200 23042412   9.127  8.724  
23042900 23050112   9.934  9.614  
23050600 23050812   2.559  3.153  
23051300 23051512   1.823  1.506  
23052000 23052212   6.822  6.100  
23052700 23052912   12.379  12.019  
23060300 23060512   0.976  1.126  
23061000 23061212   4.829  3.760  
23061700 23061912   1.982  1.521  
23062400 23062612   6.137  6.087  
23070100 23070312   2.413  3.014  
23070800 23071012   4.583  4.354  
23071500 23071712   3.938  4.525  
23072200 23072412   8.170  7.731  
23072900 23073112   13.228  13.070  
23080500 23080712   1.294  1.245  
23081200 23081412   2.525  6.100  
23081900 23082112   7.867  8.634  
23082600 23082812   1.288  1.257  
23090200 23090412   2.170  2.649  
23090900 23091112   6.304  6.237  
23091600 23091812   4.187  3.728  
23092300 23092512   17.818  17.573  
23093000 23100212   0.530  0.594  
23100700 23100912   0.644  0.782  
23101400 23101612   3.208  3.466  
23102100 23102312   0.381  0.298  
23102800 23103012   1.292  1.375  
