22100100 22100312   3.084  3.209  
22100100 22100312   3.084  3.209  
22100800 22101012   0.650  0.683  
22101500 22101712   1.469  1.480  
22102200 22102412   0.758  0.779  
22102900 22103112   2.290  2.351  
22110500 22110712   6.449  7.124  
22111200 22111412   0.174  0.192  
22111900 22112112   0.273  0.290  
22112600 22112812   7.165  7.634  
22120300 22120512   7.266  7.274  
22121000 22121212   12.036  14.694  
22121700 22121912   0.313  0.356  
22122400 22122612   3.537  3.793  
22123100 23010212   5.711  5.818  
23010700 23010912   13.162  13.159  
23011400 23011612   0.524  0.775  
23012100 23012312   0.353  0.428  
23012800 23013012   1.048  1.176  
23020400 23020612   13.479  15.614  
23021100 23021312   0.802  0.868  
23021800 23022012   0.147  0.166  
23022500 23022712   0.266  0.315  
23030400 23030612   2.785  2.809  
23031100 23031312   0.487  0.499  
23031800 23032012   0.035  0.038  
23032500 23032712   5.910  5.912  
23040100 23040312   10.592  11.482  
23040800 23041012   2.960  3.096  
23041500 23041712   0.772  0.844  
23042200 23042412   0.083  0.085  
23042900 23050112   0.582  0.583  
23050600 23050812   0.934  0.944  
23051300 23051512   1.507  1.498  
23052000 23052212   1.089  1.066  
23052700 23052912   5.853  6.147  
23060300 23060512   1.951  1.951  
23061000 23061212   1.922  2.249  
23061700 23061912   3.716  3.719  
23062400 23062612   0.722  0.722  
23070100 23070312   2.626  2.654  
23070800 23071012   2.680  2.681  
23071500 23071712   0.447  0.451  
23072200 23072412   1.002  1.004  
23072900 23073112   3.000  3.001  
23080500 23080712   1.881  1.878  
23081200 23081412   1.352  1.419  
23081900 23082112   9.571  9.952  
23082600 23082812   0.387  0.387  
23090200 23090412   6.326  6.584  
23090900 23091112   0.065  0.069  
23091600 23091812   0.528  0.531  
23092300 23092512   0.810  0.812  
23093000 23100212   3.511  3.521  
23100700 23100912   0.235  0.237  
23101400 23101612   3.283  3.283  
23102100 23102312   2.106  2.107  
23102800 23103012   0.361  0.361  
