22100100 22100312   1.982  0.829  
22100800 22101012   1.186  3.048  
22101500 22101712   2.367  1.848  
22102200 22102412   2.432  2.082  
22102900 22103112   1.618  1.139  
22110500 22110712   1.234  2.058  
22111200 22111412   2.806  1.838  
22111900 22112112   0.884  0.398  
22112600 22112812   1.876  2.661  
22120300 22120512   0.607  0.439  
22121000 22121212   2.448  1.665  
22121700 22121912   9.672  10.366  
22122400 22122612   4.865  4.326  
22123100 23010212   0.296  0.726  
23010700 23010912   0.450  0.924  
23011400 23011612   3.616  1.468  
23012100 23012312   0.956  0.862  
23012800 23013012   2.271  3.140  
23020400 23020612   2.059  0.801  
23021100 23021312   1.162  0.466  
23021800 23022012   3.657  2.894  
23022500 23022712   2.155  3.899  
23030400 23030612   2.010  1.770  
23031100 23031312   0.689  0.720  
23031800 23032012   1.661  0.767  
23032500 23032712   2.921  2.603  
23040100 23040312   0.666  0.325  
23040800 23041012   1.524  0.763  
23041500 23041712   0.792  1.682  
23042200 23042412   0.714  0.978  
23042900 23050112   9.487  10.819  
23050600 23050812   1.409  1.047  
23051300 23051512   1.602  2.488  
23052000 23052212   3.513  4.683  
23052700 23052912   3.067  2.163  
23060300 23060512   2.063  2.609  
23061000 23061212   3.571  1.010  
23061700 23061912   1.564  1.153  
23062400 23062612   1.824  2.526  
23070100 23070312   0.765  0.553  
23070800 23071012   4.248  5.042  
23071500 23071712   0.616  1.575  
23072200 23072412   1.502  2.160  
23072900 23073112   3.533  4.174  
23080500 23080712   1.613  2.341  
23081200 23081412   6.327  2.814  
23081900 23082112   1.807  0.842  
23082600 23082812   3.577  4.418  
23090200 23090412   0.971  2.189  
23090900 23091112   0.508  1.325  
23091600 23091812   1.806  2.235  
23092300 23092512   0.686  0.529  
23093000 23100212   1.534  1.066  
23100700 23100912   0.799  1.334  
23101400 23101612   0.957  0.576  
23102100 23102312   0.498  0.134  
23102800 23103012   3.069  2.852  
