22100100 22100312   1.187  1.146  
22100800 22101012   1.083  1.134  
22101500 22101712   4.442  4.444  
22102200 22102412   3.870  3.875  
22102900 22103112   1.325  1.406  
22110500 22110712   12.460  14.784  
22111200 22111412   2.114  1.788  
22111900 22112112   2.093  2.419  
22112600 22112812   1.882  2.342  
22120300 22120512   10.479  10.503  
22121000 22121212   23.684  28.976  
22121700 22121912   3.912  3.907  
22122400 22122612   2.503  2.788  
22123100 23010212   1.348  1.276  
23010700 23010912   18.530  18.548  
23011400 23011612   6.605  6.125  
23012100 23012312   2.037  2.062  
23012800 23013012   8.179  8.104  
23020400 23020612   10.576  12.544  
23021100 23021312   7.021  7.751  
23021800 23022012   0.735  0.703  
23022500 23022712   2.185  2.168  
23030400 23030612   3.383  3.428  
23031100 23031312   0.798  0.789  
23031800 23032012   8.346  8.315  
23032500 23032712   6.016  6.039  
23040100 23040312   3.927  3.298  
23040800 23041012   6.224  6.623  
23041500 23041712   1.108  1.045  
23042200 23042412   6.321  6.270  
23042900 23050112   7.456  7.454  
23050600 23050812   2.156  2.168  
23051300 23051512   9.232  9.139  
23052000 23052212   3.768  3.497  
23052700 23052912   3.405  3.196  
23060300 23060512   0.729  0.742  
23061000 23061212   3.415  4.697  
23061700 23061912   6.013  6.020  
23062400 23062612   1.207  1.211  
23070100 23070312   2.451  2.478  
23070800 23071012   1.150  1.156  
23071500 23071712   2.202  1.963  
23072200 23072412   4.371  4.369  
23072900 23073112   2.503  2.507  
23080500 23080712   0.680  0.685  
23081200 23081412   0.914  1.685  
23081900 23082112   0.828  0.939  
23082600 23082812   5.402  5.398  
23090200 23090412   1.454  1.500  
23090900 23091112   2.492  2.415  
23091600 23091812   4.220  4.220  
23092300 23092512   1.787  1.783  
23093000 23100212   2.948  2.943  
23100700 23100912   3.003  3.002  
23101400 23101612   3.678  3.674  
23102100 23102312   2.372  2.368  
23102800 23103012   1.678  1.668  
23122300 23122512   11.112  11.914  
