22100100 22100312   4.052  2.810  
22100800 22101012   0.433  1.429  
22101500 22101712   2.769  2.332  
22102200 22102412   4.870  2.996  
22102900 22103112   2.200  0.961  
22110500 22110712   23.185  11.495  
22111200 22111412   14.744  2.741  
22111900 22112112   20.171  1.327  
22112600 22112812   7.640  1.782  
22120300 22120512   42.662  1.305  
22121000 22121212   27.793  3.291  
22121700 22121912   39.993  7.739  
22122400 22122612   25.969  16.874  
22123100 23010212   12.847  0.549  
23010700 23010912   5.858  1.558  
23011400 23011612   2.850  1.359  
23012100 23012312   4.911  3.966  
23012800 23013012   33.005  4.588  
23020400 23020612   3.909  0.518  
23021100 23021312   8.548  0.921  
23021800 23022012   9.279  0.911  
23022500 23022712   27.714  7.840  
23030400 23030612   26.861  8.438  
23031100 23031312   33.591  3.178  
23031800 23032012   4.891  0.640  
23032500 23032712   2.662  2.360  
23040100 23040312   4.121  2.639  
23040800 23041012   2.569  2.624  
23041500 23041712   1.273  1.150  
23042200 23042412   2.261  2.433  
23042900 23050112   5.858  5.198  
23050600 23050812   5.005  6.499  
23051300 23051512   2.352  1.183  
23052000 23052212   2.447  1.429  
23052700 23052912   2.523  0.897  
23060300 23060512   3.969  2.858  
23061000 23061212   3.123  7.823  
23061700 23061912   2.033  2.658  
23062400 23062612   3.614  2.344  
23070100 23070312   3.746  4.678  
23070800 23071012   4.312  2.727  
23071500 23071712   0.463  1.841  
23072200 23072412   2.430  1.381  
23072900 23073112   5.988  4.804  
23080500 23080712   4.939  3.517  
23081200 23081412   7.061  3.781  
23081900 23082112   4.454  3.490  
23082600 23082812   0.552  1.175  
23090200 23090412   0.828  2.208  
23090900 23091112   5.446  3.993  
23091600 23091812   2.203  1.479  
23092300 23092512   2.760  3.605  
23093000 23100212   1.054  0.808  
23100700 23100912   4.408  3.742  
23101400 23101612   1.267  0.868  
23102100 23102312   1.739  1.123  
23102800 23103012   10.771  1.863  
