23042900 23050112   0.008  0.009  
23050600 23050812   0.656  0.646  
23051300 23051512   0.010  0.014  
23052000 23052212   0.090  0.105  
23052700 23052912   0.206  0.199  
23060300 23060512   0.109  0.125  
23061000 23061212   0.374  0.417  
23061700 23061912   0.195  0.212  
23062400 23062612   0.023  0.025  
23070100 23070312   0.025  0.034  
23070800 23071012   0.039  0.044  
23071500 23071712   0.164  0.187  
23072200 23072412   0.013  0.017  
23072900 23073112   0.065  0.073  
23080500 23080712   0.097  0.113  
23081200 23081412   0.004  0.005  
23081900 23082112   0.011  0.013  
23082600 23082812   0.142  0.158  
23090200 23090412   0.000  0.000  
23090900 23091112   0.035  0.039  
23091600 23091812   0.000  0.000  
23092300 23092512   0.126  0.150  
23093000 23100212   0.087  0.091  
23100700 23100912   0.000  0.000  
23101400 23101612   0.018  0.018  
23102100 23102312   0.003  0.003  
23102800 23103012   0.003  0.003  
