22100100 22100312   0.001  0.001  
22100800 22101012   0.000  0.000  
22101500 22101712   0.000  0.000  
22102200 22102412   0.254  0.255  
22102900 22103112   0.456  0.455  
22110500 22110712   0.420  0.426  
22111200 22111412   0.000  0.000  
22111900 22112112   0.018  0.018  
22112600 22112812   0.038  0.039  
22120300 22120512   0.125  0.126  
22121000 22121212   0.360  0.457  
22121700 22121912   0.056  0.056  
22122400 22122612   1.302  1.296  
22123100 23010212   0.292  0.293  
23010700 23010912   0.438  0.437  
23011400 23011612   0.579  0.579  
23012100 23012312   0.391  0.389  
23012800 23013012   0.004  0.004  
23020400 23020612   0.421  0.445  
23021100 23021312   0.089  0.090  
23021800 23022012   0.012  0.012  
23022500 23022712   0.189  0.190  
23030400 23030612   0.316  0.316  
23031100 23031312   0.156  0.156  
23031800 23032012   0.002  0.002  
23032500 23032712   0.155  0.155  
23040100 23040312   0.686  0.715  
23040800 23041012   1.090  1.090  
23041500 23041712   0.792  0.791  
23042200 23042412   0.760  0.760  
23042900 23050112   0.001  0.001  
23050600 23050812   0.451  0.452  
23051300 23051512   0.000  0.000  
23052000 23052212   0.030  0.030  
23052700 23052912   0.006  0.006  
23060300 23060512   0.000  0.000  
23061000 23061212   0.490  0.490  
23061700 23061912   0.063  0.064  
23062400 23062612   0.021  0.021  
23070100 23070312   0.002  0.002  
23070800 23071012   0.012  0.012  
23071500 23071712   0.000  0.000  
23072200 23072412   0.003  0.003  
23072900 23073112   0.004  0.004  
23080500 23080712   0.002  0.002  
23081200 23081412   0.001  0.001  
23081900 23082112   0.000  0.000  
23082600 23082812   0.002  0.003  
23090200 23090412   0.009  0.009  
23090900 23091112   0.001  0.001  
23091600 23091812   0.013  0.013  
23092300 23092512   0.207  0.208  
23093000 23100212   0.003  0.003  
23100700 23100912   0.001  0.000  
23101400 23101612   0.191  0.190  
23102100 23102312   0.003  0.003  
23102800 23103012   0.000  0.000  
23110400 23110612   0.347  0.354  
23111100 23111312   1.177  1.179  
23111800 23112012   0.342  0.342  
23112500 23112712   0.003  0.003  
23120200 23120412   0.311  0.315  
23120900 23121112   1.332  1.333  
23121600 23121812   0.012  0.012  
23122300 23122512   0.006  0.006  
23123000 24010112   1.036  1.030  
24010600 24010812   1.240  1.284  
