22100100 22100312   -0.197  0.000  -0.165  0.000  
22100800 22101012   0.356  0.000  0.353  0.000  
22101500 22101712   0.096  0.000  0.096  0.000  
22102200 22102412   -0.109  0.000  -0.097  0.001  
22102900 22103112   0.162  0.000  0.157  0.000  
22110500 22110712   0.287  0.000  0.271  0.000  
22111200 22111412   0.012  0.000  0.012  0.000  
22111900 22112112   0.314  0.000  0.312  0.000  
22112600 22112812   0.294  0.000  0.295  0.000  
22120300 22120512   0.055  0.067  0.052  0.083  
22121000 22121212   0.151  0.000  0.097  0.001  
22121700 22121912   -0.037  0.218  -0.036  0.239  
22122400 22122612   -0.087  0.003  -0.093  0.002  
22123100 23010212   -0.365  0.000  -0.363  0.000  
23010700 23010912   0.012  0.454  0.017  0.268  
23011400 23011612   -0.253  0.038  0.134  0.276  
23012100 23012312   0.231  0.000  0.220  0.000  
23012800 23013012   0.138  0.000  0.130  0.000  
23020400 23020612   0.377  0.000  0.384  0.000  
23021100 23021312   -0.255  0.000  -0.255  0.000  
23021800 23022012   -0.010  0.188  -0.009  0.225  
23022500 23022712   0.005  0.769  0.004  0.784  
23030400 23030612   -0.241  0.000  -0.249  0.000  
23031100 23031312   -0.006  0.834  0.007  0.818  
23031800 23032012   0.056  0.059  0.065  0.027  
23032500 23032712   -0.354  0.000  -0.347  0.000  
23040100 23040312   0.092  0.003  0.136  0.000  
23040800 23041012   0.245  0.000  0.232  0.000  
23041500 23041712   0.051  0.000  0.051  0.000  
23042200 23042412   -0.587  0.000  -0.588  0.000  
23042900 23050112   -0.095  0.001  -0.097  0.001  
23050600 23050812   0.171  0.000  0.114  0.000  
23051300 23051512   0.302  0.000  0.295  0.000  
23052000 23052212   -0.030  0.238  -0.030  0.241  
23052700 23052912   -0.019  0.530  -0.019  0.527  
23060300 23060512   0.151  0.000  0.139  0.000  
23061000 23061212   -0.088  0.004  -0.154  0.000  
23061700 23061912   0.074  0.014  0.078  0.010  
23062400 23062612   0.619  0.002  0.590  0.004  
