23042900 23050112   nan  nan  nan  nan  
23050600 23050812   0.451  0.008  0.492  0.004  
23051300 23051512   nan  nan  nan  nan  
23052000 23052212   0.070  0.697  0.102  0.572  
23052700 23052912   0.382  0.026  0.382  0.026  
23060300 23060512   nan  nan  nan  nan  
23061000 23061212   -0.098  0.589  -0.044  0.806  
23061700 23061912   -0.421  0.015  -0.432  0.012  
23062400 23062612   nan  nan  nan  nan  
23070100 23070312   nan  nan  nan  nan  
23070800 23071012   0.297  0.093  0.297  0.093  
23071500 23071712   nan  nan  nan  nan  
23072200 23072412   nan  nan  nan  nan  
23072900 23073112   nan  nan  nan  nan  
23080500 23080712   nan  nan  nan  nan  
23081200 23081412   nan  nan  nan  nan  
23081900 23082112   nan  nan  nan  nan  
23082600 23082812   nan  nan  nan  nan  
23090200 23090412   nan  nan  nan  nan  
23090900 23091112   0.260  0.144  0.260  0.144  
23091600 23091812   nan  nan  nan  nan  
23092300 23092512   0.432  0.003  0.432  0.003  
23093000 23100212   0.339  0.053  0.319  0.070  
23100700 23100912   nan  nan  nan  nan  
23101400 23101612   -0.167  0.352  -0.149  0.408  
23102100 23102312   nan  nan  nan  nan  
23102800 23103012   nan  nan  nan  nan  
