22100100 22100312   -0.249  0.000  -0.251  0.000  
22100800 22101012   0.149  0.000  0.102  0.001  
22101500 22101712   0.398  0.000  0.397  0.000  
22102200 22102412   0.067  0.026  0.065  0.030  
22102900 22103112   0.170  0.000  0.171  0.000  
22110500 22110712   0.321  0.000  0.315  0.000  
22111200 22111412   0.013  0.001  0.013  0.001  
22111900 22112112   -0.162  0.000  -0.151  0.000  
22112600 22112812   0.224  0.000  0.224  0.000  
22120300 22120512   -0.132  0.000  -0.045  0.136  
22121000 22121212   0.234  0.000  0.174  0.000  
22121700 22121912   -0.109  0.000  -0.109  0.000  
22122400 22122612   0.336  0.000  0.369  0.000  
22123100 23010212   -0.181  0.000  -0.178  0.000  
23010700 23010912   -0.082  0.000  -0.082  0.000  
23011400 23011612   -0.244  0.045  -0.018  0.883  
23012100 23012312   nan  nan  nan  nan  
23012800 23013012   -0.126  0.000  -0.141  0.000  
23020400 23020612   0.031  0.297  0.070  0.020  
23021100 23021312   -0.185  0.000  -0.159  0.000  
23021800 23022012   0.058  0.000  0.056  0.000  
23022500 23022712   nan  nan  nan  nan  
23030400 23030612   0.334  0.000  0.356  0.000  
23031100 23031312   -0.072  0.016  -0.072  0.016  
23031800 23032012   0.141  0.000  0.149  0.000  
23032500 23032712   -0.195  0.000  -0.195  0.000  
23040100 23040312   -0.143  0.000  -0.143  0.000  
23040800 23041012   nan  nan  nan  nan  
23041500 23041712   0.162  0.000  0.162  0.000  
23042200 23042412   0.108  0.000  0.107  0.000  
23042900 23050112   -0.539  0.000  -0.539  0.000  
23050600 23050812   0.038  0.202  0.061  0.044  
23051300 23051512   -0.022  0.673  -0.030  0.571  
23052000 23052212   -0.516  0.000  -0.522  0.000  
23052700 23052912   -0.135  0.000  -0.135  0.000  
23060300 23060512   -0.006  0.837  0.022  0.465  
23061000 23061212   -0.030  0.318  -0.214  0.000  
23061700 23061912   -0.351  0.000  -0.352  0.000  
23062400 23062612   -0.020  0.009  -0.020  0.010  
23070100 23070312   -0.079  0.009  -0.091  0.002  
23070800 23071012   0.069  0.022  0.090  0.003  
23071500 23071712   -0.104  0.000  -0.118  0.000  
23072200 23072412   0.079  0.009  0.079  0.009  
23072900 23073112   0.055  0.069  0.098  0.001  
23080500 23080712   nan  nan  nan  nan  
23081200 23081412   -0.048  0.110  -0.048  0.108  
23081900 23082112   0.346  0.000  0.346  0.000  
23082600 23082812   -0.255  0.000  -0.262  0.000  
23090200 23090412   -0.175  0.000  -0.175  0.000  
23090900 23091112   -0.041  0.008  -0.048  0.002  
23091600 23091812   0.189  0.000  0.183  0.000  
23092300 23092512   0.200  0.000  0.197  0.000  
23093000 23100212   0.064  0.034  0.075  0.013  
23100700 23100912   0.265  0.000  0.267  0.000  
23101400 23101612   -0.178  0.000  -0.178  0.000  
23102100 23102312   -0.148  0.000  -0.116  0.000  
23102800 23103012   0.176  0.000  0.180  0.000  
