22100100 22100312   -0.075  0.014  -0.067  0.026  
22100800 22101012   0.140  0.000  0.140  0.000  
22101500 22101712   -0.016  0.083  -0.016  0.083  
22102200 22102412   -0.059  0.051  -0.074  0.015  
22102900 22103112   0.228  0.000  0.226  0.000  
22110500 22110712   -0.178  0.000  -0.179  0.000  
22111200 22111412   nan  nan  nan  nan  
22111900 22112112   nan  nan  nan  nan  
22112600 22112812   0.031  0.043  0.031  0.043  
22120300 22120512   nan  nan  nan  nan  
22121000 22121212   0.179  0.000  0.170  0.000  
22121700 22121912   0.031  0.316  0.031  0.315  
22122400 22122612   -0.051  0.094  -0.051  0.097  
22123100 23010212   nan  nan  nan  nan  
23010700 23010912   nan  nan  nan  nan  
23011400 23011612   0.605  0.000  0.603  0.000  
23012100 23012312   0.214  0.000  0.214  0.000  
23012800 23013012   0.000  0.997  0.010  0.185  
23020400 23020612   -0.017  0.029  -0.017  0.028  
23021100 23021312   nan  nan  nan  nan  
23021800 23022012   nan  nan  nan  nan  
23022500 23022712   -0.096  0.002  -0.096  0.002  
23030400 23030612   0.006  0.847  0.006  0.848  
23031100 23031312   0.257  0.000  0.257  0.000  
23031800 23032012   0.087  0.000  0.091  0.000  
23032500 23032712   -0.075  0.014  -0.075  0.014  
23040100 23040312   0.163  0.000  0.160  0.000  
23040800 23041012   0.274  0.000  0.276  0.000  
23041500 23041712   0.010  0.198  0.011  0.157  
23042200 23042412   0.446  0.000  0.446  0.000  
23042900 23050112   0.400  0.000  0.400  0.000  
23050600 23050812   0.058  0.054  0.058  0.054  
23051300 23051512   nan  nan  nan  nan  
23052000 23052212   0.127  0.000  0.127  0.000  
23052700 23052912   0.000  1.000  0.000  1.000  
23060300 23060512   0.037  0.000  0.037  0.000  
23061000 23061212   0.053  0.083  0.055  0.071  
23061700 23061912   0.162  0.000  0.162  0.000  
23062400 23062612   0.112  0.000  0.098  0.001  
23070100 23070312   0.054  0.078  0.054  0.078  
23070800 23071012   0.053  0.080  0.053  0.080  
23071500 23071712   0.281  0.000  0.223  0.000  
23072200 23072412   0.173  0.000  0.173  0.000  
23072900 23073112   0.337  0.000  0.340  0.000  
23080500 23080712   0.092  0.002  0.092  0.002  
23081200 23081412   -0.100  0.001  -0.100  0.001  
23081900 23082112   nan  nan  nan  nan  
23082600 23082812   -0.002  0.946  -0.002  0.950  
23090200 23090412   nan  nan  nan  nan  
23090900 23091112   0.042  0.007  0.050  0.001  
23091600 23091812   -0.576  0.000  -0.563  0.000  
23092300 23092512   0.124  0.000  0.124  0.000  
23093000 23100212   0.123  0.000  0.123  0.000  
23100700 23100912   -0.012  0.690  -0.008  0.797  
23101400 23101612   0.045  0.137  0.042  0.168  
23102100 23102312   nan  nan  nan  nan  
23102800 23103012   nan  nan  nan  nan  
