22101600 22101812   6.346  2.472  
22111600 22111812   4.376  4.281  
22121600 22121812   1.578  1.773  
23011600 23011812   1.087  1.053  
23021600 23021812   1.216  1.184  
23031600 23031812   1.162  1.271  
23041600 23041812   1.348  1.352  
23051600 23051812   2.694  2.846  
23061600 23061812   2.729  2.645  
23071600 23071812   1.016  0.772  
23081600 23081812   1.185  1.481  
23091600 23091812   1.318  0.984  
23101600 23101812   1.229  1.222  
22101600 22101812   6.346  2.472  
22111600 22111812   4.376  4.281  
22121600 22121812   1.578  1.773  
23011600 23011812   1.087  1.053  
23021600 23021812   1.216  1.184  
23031600 23031812   1.163  1.271  
23041600 23041812   1.348  1.352  
23051600 23051812   2.694  2.846  
23061600 23061812   2.729  2.645  
23071600 23071812   1.016  0.772  
23081600 23081812   1.185  1.481  
23091600 23091812   1.318  0.984  
23101600 23101812   1.229  1.222  
