23061000 23061212   10.878  13.510  
23061700 23061912   14.096  14.176  
23062400 23062612   5.771  5.843  
23070100 23070312   9.883  9.956  
23070800 23071012   4.478  4.578  
23071500 23071712   4.953  5.290  
23072200 23072412   4.068  4.145  
23072900 23073112   9.982  10.063  
23080500 23080712   4.620  4.542  
23081200 23081412   0.740  2.574  
23081900 23082112   10.892  10.381  
23082600 23082812   6.532  6.492  
23100700 23100912   8.728  8.674  
23101400 23101612   8.603  8.695  
23102100 23102312   3.682  3.569  
23102800 23103012   4.581  4.504  
