23061000 23061212   3.889  5.919  
23061700 23061912   5.196  5.312  
23062400 23062612   13.068  13.182  
23070100 23070312   10.763  10.651  
23070800 23071012   7.398  7.493  
23071500 23071712   0.957  1.384  
23072200 23072412   0.990  1.068  
23072900 23073112   5.147  5.223  
23080500 23080712   2.754  2.648  
23081200 23081412   19.106  16.758  
23081900 23082112   4.449  5.320  
23082600 23082812   2.894  2.974  
23100700 23100912   1.302  1.219  
23101400 23101612   3.956  4.073  
23102100 23102312   0.463  0.562  
23102800 23103012   8.399  8.329  
