23061000 23061212   1.179  2.163  
23061700 23061912   4.137  4.186  
23062400 23062612   0.510  0.534  
23070100 23070312   3.482  3.513  
23070800 23071012   3.047  3.068  
23071500 23071712   0.414  0.503  
23072200 23072412   1.690  1.715  
23072900 23073112   3.803  3.819  
23080500 23080712   1.236  1.213  
23081200 23081412   2.294  1.694  
23081900 23082112   3.843  4.046  
23082600 23082812   1.854  1.858  
23100700 23100912   0.949  0.941  
23101400 23101612   3.499  3.465  
23102100 23102312   1.550  1.532  
23102800 23103012   2.994  2.976  
