23061000 23061212   1.458  3.623  
23061700 23061912   15.988  16.095  
23062400 23062612   1.089  1.142  
23070100 23070312   5.432  5.472  
23070800 23071012   6.892  6.949  
23071500 23071712   4.563  4.832  
23072200 23072412   6.527  6.595  
23072900 23073112   13.517  13.578  
23080500 23080712   11.680  11.725  
23081200 23081412   3.228  5.364  
23081900 23082112   1.906  2.153  
23082600 23082812   3.911  3.881  
23100700 23100912   7.065  7.024  
23101400 23101612   2.433  2.321  
23102100 23102312   11.633  11.546  
23102800 23103012   12.555  12.468  
