23061000 23061212   2.231  3.225  
23061700 23061912   3.569  3.461  
23062400 23062612   0.239  0.212  
23070100 23070312   4.387  4.415  
23070800 23071012   2.539  2.566  
23071500 23071712   0.680  0.793  
23072200 23072412   3.162  3.191  
23072900 23073112   4.015  4.031  
23080500 23080712   1.249  1.260  
23081200 23081412   0.285  1.232  
23081900 23082112   4.221  4.070  
23082600 23082812   2.562  2.574  
23100700 23100912   1.119  1.108  
23101400 23101612   3.292  3.267  
23102100 23102312   1.453  1.435  
23102800 23103012   2.341  2.350  
