23061000 23061212   2.796  4.229  
23061700 23061912   0.884  0.797  
23062400 23062612   4.623  4.676  
23070100 23070312   0.801  0.874  
23070800 23071012   0.404  0.340  
23071500 23071712   1.214  1.455  
23072200 23072412   11.329  11.381  
23072900 23073112   7.486  7.531  
23080500 23080712   2.323  2.265  
23081200 23081412   8.927  7.256  
23081900 23082112   2.492  1.975  
23082600 23082812   0.861  0.893  
23100700 23100912   3.475  3.496  
23101400 23101612   2.323  2.280  
23102100 23102312   3.084  3.038  
23102800 23103012   3.057  3.070  
