23061000 23061212   0.479  0.583  
23061700 23061912   0.007  0.010  
23062400 23062612   0.001  0.002  
23070100 23070312   0.001  0.001  
23070800 23071012   0.019  0.028  
23071500 23071712   0.000  0.000  
23072200 23072412   0.038  0.039  
23072900 23073112   0.001  0.002  
23080500 23080712   0.001  0.001  
23081200 23081412   0.004  0.005  
23081900 23082112   0.001  0.001  
23082600 23082812   0.001  0.001  
23100700 23100912   0.000  0.000  
23101400 23101612   0.455  0.499  
23102100 23102312   0.001  0.001  
23102800 23103012   0.000  0.000  
