23061000 23061212   0.651  0.938  
23061700 23061912   0.157  0.222  
23062400 23062612   0.043  0.061  
23070100 23070312   0.001  0.002  
23070800 23071012   0.016  0.023  
23071500 23071712   0.000  0.000  
23072200 23072412   0.002  0.002  
23072900 23073112   0.006  0.009  
23080500 23080712   0.003  0.003  
23081200 23081412   0.005  0.006  
23081900 23082112   0.001  0.001  
23082600 23082812   0.001  0.001  
23100700 23100912   0.000  0.000  
23101400 23101612   0.217  0.217  
23102100 23102312   0.000  0.000  
23102800 23103012   0.000  0.000  
