23061000 23061212   4.622  5.948  
23061700 23061912   6.761  6.801  
23062400 23062612   1.632  1.670  
23070100 23070312   5.264  5.314  
23070800 23071012   3.455  3.470  
23071500 23071712   0.403  0.285  
23072200 23072412   1.224  1.259  
23072900 23073112   4.309  4.278  
23080500 23080712   2.068  2.029  
23081200 23081412   4.074  3.086  
23081900 23082112   4.491  4.116  
23082600 23082812   3.441  3.464  
23100700 23100912   0.703  0.718  
23101400 23101612   0.455  0.401  
23102100 23102312   2.610  2.568  
23102800 23103012   2.004  1.985  
