23061000 23061212   6.366  8.130  
23061700 23061912   7.608  7.661  
23062400 23062612   2.463  2.391  
23070100 23070312   0.685  0.695  
23070800 23071012   7.479  7.521  
23071500 23071712   3.178  3.415  
23072200 23072412   3.110  3.165  
23072900 23073112   8.243  8.301  
23080500 23080712   10.131  10.069  
23081200 23081412   3.684  5.329  
23081900 23082112   7.189  7.772  
23082600 23082812   3.797  3.816  
23100700 23100912   5.169  5.131  
23101400 23101612   12.900  12.810  
23102100 23102312   9.621  9.567  
23102800 23103012   2.219  2.257  
