23061000 23061212   28.693  34.773  
23061700 23061912   14.785  15.127  
23062400 23062612   1.605  1.932  
23070100 23070312   12.476  12.793  
23070800 23071012   7.795  8.121  
23071500 23071712   13.555  12.105  
23072200 23072412   3.015  2.622  
23072900 23073112   12.796  13.110  
23080500 23080712   6.008  6.241  
23081200 23081412   4.901  14.197  
23081900 23082112   23.918  25.199  
23082600 23082812   11.785  11.707  
23100700 23100912   7.508  7.435  
23101400 23101612   4.980  5.055  
23102100 23102312   2.620  2.554  
23102800 23103012   3.381  3.455  
