23061000 23061212   0.663  1.625  
23061700 23061912   1.532  1.585  
23062400 23062612   4.618  4.657  
23070100 23070312   4.236  4.317  
23070800 23071012   5.339  5.384  
23071500 23071712   0.472  0.646  
23072200 23072412   2.929  2.981  
23072900 23073112   0.919  0.941  
23080500 23080712   2.641  2.683  
23081200 23081412   4.728  3.336  
23081900 23082112   0.645  1.107  
23082600 23082812   2.062  2.084  
23100700 23100912   0.739  0.726  
23101400 23101612   0.422  0.391  
23102100 23102312   0.880  0.893  
23102800 23103012   0.795  0.800  
