23061000 23061212   5.930  6.656  
23061700 23061912   7.379  7.254  
23062400 23062612   5.088  5.007  
23070100 23070312   6.338  6.625  
23070800 23071012   5.284  5.158  
23071500 23071712   4.014  3.902  
23072200 23072412   3.631  3.526  
23072900 23073112   4.867  4.843  
23080500 23080712   2.764  2.795  
23081200 23081412   9.013  8.463  
23081900 23082112   4.969  4.840  
23082600 23082812   5.247  5.334  
23100700 23100912   4.466  4.421  
23101400 23101612   4.351  4.303  
23102100 23102312   4.612  4.688  
23102800 23103012   3.635  3.706  
