23061000 23061212   3.541  4.806  
23061700 23061912   0.676  0.773  
23062400 23062612   7.097  7.178  
23070100 23070312   4.656  4.755  
23070800 23071012   2.870  2.955  
23071500 23071712   3.871  4.292  
23072200 23072412   2.180  2.082  
23072900 23073112   0.532  0.604  
23080500 23080712   11.663  11.701  
23081200 23081412   5.607  3.484  
23081900 23082112   4.260  4.593  
23082600 23082812   3.789  3.811  
23100700 23100912   0.829  0.854  
23101400 23101612   2.893  2.938  
23102100 23102312   0.584  0.571  
23102800 23103012   0.712  0.708  
