23061000 23061212   6.720  8.271  
23061700 23061912   10.360  10.401  
23062400 23062612   1.268  1.322  
23070100 23070312   6.048  6.121  
23070800 23071012   1.568  1.621  
23071500 23071712   0.451  0.511  
23072200 23072412   1.324  1.378  
23072900 23073112   6.033  6.083  
23080500 23080712   5.474  5.410  
23081200 23081412   3.697  1.829  
23081900 23082112   0.506  0.911  
23082600 23082812   0.402  0.392  
23100700 23100912   0.813  0.837  
23101400 23101612   2.239  2.172  
23102100 23102312   1.093  1.168  
23102800 23103012   0.596  0.563  
