23061000 23061212   7.474  8.898  
23061700 23061912   5.282  5.322  
23062400 23062612   14.167  14.232  
23070100 23070312   5.458  5.603  
23070800 23071012   15.196  15.251  
23071500 23071712   8.969  8.608  
23072200 23072412   7.018  7.096  
23072900 23073112   12.608  12.686  
23080500 23080712   4.306  4.403  
23081200 23081412   1.181  2.224  
23081900 23082112   14.110  14.920  
23082600 23082812   7.080  7.096  
23100700 23100912   9.028  9.064  
23101400 23101612   0.932  1.064  
23102100 23102312   1.111  1.175  
23102800 23103012   1.935  1.966  
