23061000 23061212   7.922  11.007  
23061700 23061912   10.790  10.950  
23062400 23062612   10.281  10.407  
23070100 23070312   0.904  0.872  
23070800 23071012   5.637  5.692  
23071500 23071712   0.405  0.972  
23072200 23072412   3.252  3.152  
23072900 23073112   4.109  4.243  
23080500 23080712   0.798  0.674  
23081200 23081412   9.415  6.606  
23081900 23082112   11.860  12.811  
23082600 23082812   12.494  12.519  
23100700 23100912   16.594  16.616  
23101400 23101612   9.850  9.996  
23102100 23102312   4.786  4.803  
23102800 23103012   3.046  3.021  
