23061000 23061212   0.620  0.897  
23061700 23061912   0.203  0.287  
23062400 23062612   0.084  0.120  
23070100 23070312   0.001  0.002  
23070800 23071012   0.046  0.067  
23071500 23071712   0.000  0.001  
23072200 23072412   0.007  0.010  
23072900 23073112   0.015  0.021  
23080500 23080712   0.005  0.006  
23081200 23081412   0.020  0.025  
23081900 23082112   0.004  0.005  
23082600 23082812   0.002  0.002  
23100700 23100912   0.000  0.000  
23101400 23101612   0.392  0.390  
23102100 23102312   0.000  0.000  
23102800 23103012   0.000  0.000  
