23061000 23061212   0.593  0.858  
23061700 23061912   0.160  0.225  
23062400 23062612   0.124  0.178  
23070100 23070312   0.001  0.002  
23070800 23071012   0.050  0.072  
23071500 23071712   0.001  0.001  
23072200 23072412   0.010  0.014  
23072900 23073112   0.011  0.016  
23080500 23080712   0.009  0.010  
23081200 23081412   0.018  0.022  
23081900 23082112   0.011  0.012  
23082600 23082812   0.002  0.002  
23100700 23100912   0.000  0.000  
23101400 23101612   0.387  0.385  
23102100 23102312   0.000  0.000  
23102800 23103012   0.000  0.000  
