23061000 23061212   0.190  0.273  
23061700 23061912   0.151  0.212  
23062400 23062612   0.195  0.283  
23070100 23070312   0.001  0.002  
23070800 23071012   0.060  0.086  
23071500 23071712   0.000  0.000  
23072200 23072412   0.010  0.015  
23072900 23073112   0.026  0.038  
23080500 23080712   0.018  0.019  
23081200 23081412   0.023  0.028  
23081900 23082112   0.015  0.016  
23082600 23082812   0.001  0.001  
23100700 23100912   0.000  0.000  
23101400 23101612   0.051  0.054  
23102100 23102312   0.000  0.000  
23102800 23103012   0.000  0.000  
