23061000 23061212   4.720  7.228  
23061700 23061912   16.995  17.082  
23062400 23062612   9.089  9.179  
23070100 23070312   7.685  7.820  
23070800 23071012   5.089  5.195  
23071500 23071712   3.996  3.629  
23072200 23072412   6.588  6.666  
23072900 23073112   12.796  12.898  
23080500 23080712   1.476  1.570  
23081200 23081412   1.236  3.336  
23081900 23082112   10.363  9.476  
23082600 23082812   1.734  1.677  
23100700 23100912   9.868  9.801  
23101400 23101612   2.850  2.947  
23102100 23102312   0.719  0.854  
23102800 23103012   11.021  10.944  
