23061000 23061212   1.095  1.277  
23061700 23061912   1.159  1.165  
23062400 23062612   0.125  0.130  
23070100 23070312   1.715  1.701  
23070800 23071012   0.662  0.663  
23071500 23071712   0.146  0.155  
23072200 23072412   0.847  0.850  
23072900 23073112   0.687  0.688  
23080500 23080712   0.856  0.849  
23081200 23081412   0.165  0.170  
23081900 23082112   6.107  6.313  
23082600 23082812   0.837  0.838  
23100700 23100912   2.280  2.283  
23101400 23101612   4.669  4.635  
23102100 23102312   0.922  0.917  
23102800 23103012   1.210  1.214  
