23061000 23061212   3.817  5.112  
23061700 23061912   0.447  0.476  
23062400 23062612   7.668  7.712  
23070100 23070312   9.728  9.841  
23070800 23071012   7.119  7.163  
23071500 23071712   5.511  5.268  
23072200 23072412   6.085  6.152  
23072900 23073112   11.936  11.989  
23080500 23080712   2.706  2.643  
23081200 23081412   3.629  1.873  
23081900 23082112   8.575  9.306  
23082600 23082812   7.504  7.520  
23100700 23100912   5.090  5.110  
23101400 23101612   5.185  5.091  
23102100 23102312   6.000  6.019  
23102800 23103012   4.636  4.648  
