23061000 23061212   6.699  8.375  
23061700 23061912   9.281  9.357  
23062400 23062612   17.086  17.173  
23070100 23070312   8.958  8.872  
23070800 23071012   9.169  9.251  
23071500 23071712   2.531  2.886  
23072200 23072412   12.835  12.893  
23072900 23073112   14.546  14.621  
23080500 23080712   1.261  1.376  
23081200 23081412   16.461  14.201  
23081900 23082112   5.697  4.718  
23082600 23082812   7.674  7.756  
23100700 23100912   5.561  5.620  
23101400 23101612   1.345  1.440  
23102100 23102312   9.467  9.579  
23102800 23103012   7.635  7.568  
