23061000 23061212   3.372  4.577  
23061700 23061912   5.456  5.339  
23062400 23062612   1.389  1.336  
23070100 23070312   1.195  1.275  
23070800 23071012   0.335  0.315  
23071500 23071712   1.785  1.557  
23072200 23072412   3.962  4.005  
23072900 23073112   2.049  2.115  
23080500 23080712   1.038  1.068  
23081200 23081412   0.453  1.280  
23081900 23082112   0.363  0.537  
23082600 23082812   5.990  5.998  
23100700 23100912   2.501  2.483  
23101400 23101612   4.333  4.302  
23102100 23102312   2.340  2.348  
23102800 23103012   0.763  0.734  
