23061000 23061212   0.251  0.362  
23061700 23061912   0.119  0.168  
23062400 23062612   0.273  0.395  
23070100 23070312   0.002  0.002  
23070800 23071012   0.094  0.136  
23071500 23071712   0.001  0.002  
23072200 23072412   0.005  0.008  
23072900 23073112   0.056  0.081  
23080500 23080712   0.036  0.039  
23081200 23081412   0.027  0.033  
23081900 23082112   0.011  0.012  
23082600 23082812   0.005  0.005  
23100700 23100912   0.000  0.000  
23101400 23101612   0.292  0.293  
23102100 23102312   0.000  0.000  
23102800 23103012   0.000  0.000  
