23061000 23061212   3.761  4.576  
23061700 23061912   13.295  13.310  
23062400 23062612   10.273  10.307  
23070100 23070312   7.451  7.382  
23070800 23071012   6.937  6.966  
23071500 23071712   3.101  3.291  
23072200 23072412   5.500  5.546  
23072900 23073112   11.721  11.752  
23080500 23080712   0.412  0.362  
23081200 23081412   2.396  1.493  
23081900 23082112   6.194  6.632  
23082600 23082812   4.281  4.291  
23100700 23100912   0.986  0.991  
23101400 23101612   4.601  4.531  
23102100 23102312   2.366  2.389  
23102800 23103012   1.788  1.771  
