23061000 23061212   3.423  4.638  
23061700 23061912   6.087  5.971  
23062400 23062612   1.211  1.159  
23070100 23070312   2.227  2.305  
23070800 23071012   0.357  0.318  
23071500 23071712   1.972  1.746  
23072200 23072412   4.245  4.290  
23072900 23073112   2.394  2.458  
23080500 23080712   0.477  0.508  
23081200 23081412   0.357  1.527  
23081900 23082112   0.429  0.617  
23082600 23082812   5.267  5.273  
23100700 23100912   2.974  2.955  
23101400 23101612   3.595  3.565  
23102100 23102312   2.339  2.347  
23102800 23103012   1.474  1.445  
