23061000 23061212   0.824  0.430  
23061700 23061912   6.755  6.773  
23062400 23062612   0.577  0.609  
23070100 23070312   5.591  5.537  
23070800 23071012   4.882  4.893  
23071500 23071712   1.690  1.834  
23072200 23072412   2.136  2.176  
23072900 23073112   3.778  3.804  
23080500 23080712   0.496  0.459  
23081200 23081412   2.561  1.253  
23081900 23082112   3.493  3.811  
23082600 23082812   1.746  1.753  
23100700 23100912   2.858  2.860  
23101400 23101612   1.499  1.473  
23102100 23102312   1.866  1.855  
23102800 23103012   0.328  0.334  
