23061000 23061212   3.372  6.201  
23061700 23061912   1.667  1.906  
23062400 23062612   6.771  6.925  
23070100 23070312   13.397  13.261  
23070800 23071012   11.861  11.994  
23071500 23071712   9.130  8.465  
23072200 23072412   6.559  6.708  
23072900 23073112   5.547  5.712  
23080500 23080712   10.881  10.970  
23081200 23081412   3.860  0.683  
23081900 23082112   11.346  11.884  
23082600 23082812   1.910  1.836  
23100700 23100912   9.612  9.524  
23101400 23101612   12.785  12.658  
23102100 23102312   3.399  3.317  
23102800 23103012   10.650  10.539  
