23061000 23061212   2.036  3.823  
23061700 23061912   16.305  16.410  
23062400 23062612   1.215  1.259  
23070100 23070312   5.542  5.582  
23070800 23071012   7.080  7.136  
23071500 23071712   4.847  5.080  
23072200 23072412   6.616  6.685  
23072900 23073112   13.692  13.753  
23080500 23080712   11.877  11.927  
23081200 23081412   3.286  5.458  
23081900 23082112   2.579  2.771  
23082600 23082812   4.106  4.080  
23100700 23100912   7.197  7.156  
23101400 23101612   3.465  3.386  
23102100 23102312   11.646  11.560  
23102800 23103012   12.614  12.525  
