23061000 23061212   0.093  0.121  
23061700 23061912   0.147  0.163  
23062400 23062612   0.378  0.548  
23070100 23070312   0.025  0.037  
23070800 23071012   0.155  0.225  
23071500 23071712   0.016  0.024  
23072200 23072412   0.126  0.183  
23072900 23073112   0.110  0.160  
23080500 23080712   0.400  0.438  
23081200 23081412   0.052  0.066  
23081900 23082112   0.001  0.001  
23082600 23082812   0.014  0.017  
23100700 23100912   0.116  0.116  
23101400 23101612   4.185  4.125  
23102100 23102312   0.008  0.008  
23102800 23103012   0.002  0.002  
