23061000 23061212   0.099  0.123  
23061700 23061912   0.093  0.126  
23062400 23062612   0.255  0.370  
23070100 23070312   0.024  0.035  
23070800 23071012   0.103  0.150  
23071500 23071712   0.008  0.012  
23072200 23072412   0.109  0.158  
23072900 23073112   0.071  0.103  
23080500 23080712   0.096  0.114  
23081200 23081412   0.034  0.043  
23081900 23082112   0.000  0.000  
23082600 23082812   0.015  0.015  
23100700 23100912   0.121  0.121  
23101400 23101612   1.208  1.167  
23102100 23102312   0.005  0.005  
23102800 23103012   0.005  0.005  
