23061000 23061212   0.289  0.398  
23061700 23061912   0.163  0.207  
23062400 23062612   0.320  0.461  
23070100 23070312   0.002  0.004  
23070800 23071012   0.090  0.130  
23071500 23071712   0.004  0.006  
23072200 23072412   0.015  0.022  
23072900 23073112   0.086  0.125  
23080500 23080712   0.054  0.060  
23081200 23081412   0.024  0.029  
23081900 23082112   0.005  0.006  
23082600 23082812   0.009  0.012  
23100700 23100912   0.000  0.000  
23101400 23101612   0.139  0.137  
23102100 23102312   0.000  0.000  
23102800 23103012   0.000  0.000  
