23061000 23061212   1.164  1.857  
23061700 23061912   4.509  4.546  
23062400 23062612   2.192  2.150  
23070100 23070312   4.108  4.161  
23070800 23071012   2.551  2.582  
23071500 23071712   1.206  1.080  
23072200 23072412   2.363  2.402  
23072900 23073112   1.815  1.845  
23080500 23080712   0.511  0.506  
23081200 23081412   1.632  0.474  
23081900 23082112   4.100  4.393  
23082600 23082812   2.611  2.622  
23100700 23100912   0.939  0.944  
23101400 23101612   2.075  2.046  
23102100 23102312   1.242  1.228  
23102800 23103012   0.665  0.657  
