23061000 23061212   8.158  10.993  
23061700 23061912   7.799  7.998  
23062400 23062612   1.296  1.421  
23070100 23070312   3.244  3.300  
23070800 23071012   2.544  2.616  
23071500 23071712   10.268  9.740  
23072200 23072412   4.276  4.378  
23072900 23073112   4.974  5.117  
23080500 23080712   4.188  4.270  
23081200 23081412   7.164  10.604  
23081900 23082112   6.779  7.255  
23082600 23082812   5.724  5.750  
23100700 23100912   1.939  1.911  
23101400 23101612   6.207  6.163  
23102100 23102312   2.512  2.534  
23102800 23103012   2.361  2.319  
