23061000 23061212   6.515  8.201  
23061700 23061912   7.756  7.805  
23062400 23062612   2.532  2.463  
23070100 23070312   2.679  2.711  
23070800 23071012   7.655  7.690  
23071500 23071712   3.312  3.535  
23072200 23072412   3.405  3.449  
23072900 23073112   8.374  8.430  
23080500 23080712   10.264  10.202  
23081200 23081412   3.785  5.393  
23081900 23082112   7.331  7.921  
23082600 23082812   4.040  4.061  
23100700 23100912   5.363  5.325  
23101400 23101612   13.009  12.917  
23102100 23102312   9.648  9.592  
23102800 23103012   2.258  2.297  
