23061000 23061212   0.044  0.064  
23061700 23061912   0.003  0.004  
23062400 23062612   0.012  0.017  
23070100 23070312   0.001  0.001  
23070800 23071012   0.014  0.016  
23071500 23071712   0.308  0.308  
23072200 23072412   0.076  0.102  
23072900 23073112   0.020  0.029  
23080500 23080712   0.002  0.003  
23081200 23081412   0.026  0.031  
23081900 23082112   0.000  0.000  
23082600 23082812   0.001  0.001  
23100700 23100912   1.258  1.258  
23101400 23101612   1.512  1.472  
23102100 23102312   0.000  0.000  
23102800 23103012   0.000  0.000  
