23061000 23061212   4.931  6.342  
23061700 23061912   5.330  5.447  
23062400 23062612   13.078  13.192  
23070100 23070312   10.859  10.752  
23070800 23071012   7.521  7.606  
23071500 23071712   2.270  2.474  
23072200 23072412   2.563  2.566  
23072900 23073112   5.266  5.343  
23080500 23080712   3.105  3.021  
23081200 23081412   19.280  16.961  
23081900 23082112   4.744  5.539  
23082600 23082812   3.023  3.106  
23100700 23100912   2.709  2.679  
23101400 23101612   4.295  4.391  
23102100 23102312   1.102  1.121  
23102800 23103012   8.458  8.388  
