23061000 23061212   0.994  0.771  
23061700 23061912   6.915  6.933  
23062400 23062612   0.616  0.645  
23070100 23070312   5.683  5.631  
23070800 23071012   4.963  4.974  
23071500 23071712   1.726  1.866  
23072200 23072412   2.169  2.209  
23072900 23073112   3.836  3.864  
23080500 23080712   0.630  0.607  
23081200 23081412   2.610  1.282  
23081900 23082112   3.532  3.857  
23082600 23082812   1.783  1.790  
23100700 23100912   2.901  2.903  
23101400 23101612   1.623  1.597  
23102100 23102312   1.874  1.863  
23102800 23103012   0.423  0.427  
