23061000 23061212   3.476  4.697  
23061700 23061912   6.142  6.020  
23062400 23062612   1.257  1.211  
23070100 23070312   2.404  2.478  
23070800 23071012   1.163  1.156  
23071500 23071712   2.158  1.963  
23072200 23072412   4.323  4.369  
23072900 23073112   2.444  2.507  
23080500 23080712   0.661  0.685  
23081200 23081412   0.913  1.685  
23081900 23082112   0.840  0.939  
23082600 23082812   5.389  5.398  
23100700 23100912   3.020  3.002  
23101400 23101612   3.705  3.674  
23102100 23102312   2.360  2.368  
23102800 23103012   1.691  1.668  
