23061000 23061212   0.193  0.228  
23061700 23061912   0.018  0.026  
23062400 23062612   0.018  0.026  
23070100 23070312   0.002  0.004  
23070800 23071012   0.012  0.018  
23071500 23071712   0.000  0.000  
23072200 23072412   0.028  0.032  
23072900 23073112   0.027  0.039  
23080500 23080712   0.010  0.012  
23081200 23081412   0.002  0.003  
23081900 23082112   0.000  0.000  
23082600 23082812   0.001  0.001  
23100700 23100912   0.000  0.000  
23101400 23101612   0.250  0.247  
23102100 23102312   0.000  0.000  
23102800 23103012   0.000  0.000  
