23061000 23061212   4.698  6.027  
23061700 23061912   6.840  6.880  
23062400 23062612   1.648  1.685  
23070100 23070312   5.324  5.375  
23070800 23071012   3.992  4.044  
23071500 23071712   1.014  0.986  
23072200 23072412   1.356  1.380  
23072900 23073112   4.347  4.314  
23080500 23080712   2.096  2.057  
23081200 23081412   4.250  3.309  
23081900 23082112   4.571  4.195  
23082600 23082812   3.510  3.533  
23100700 23100912   0.882  0.893  
23101400 23101612   1.074  1.055  
23102100 23102312   2.622  2.581  
23102800 23103012   2.039  2.020  
