23061000 23061212   3.463  6.276  
23061700 23061912   2.618  2.770  
23062400 23062612   6.779  6.933  
23070100 23070312   13.578  13.436  
23070800 23071012   12.044  12.183  
23071500 23071712   9.387  8.737  
23072200 23072412   6.652  6.799  
23072900 23073112   5.626  5.788  
23080500 23080712   11.067  11.163  
23081200 23081412   3.973  1.856  
23081900 23082112   11.580  12.133  
23082600 23082812   2.485  2.439  
23100700 23100912   9.757  9.664  
23101400 23101612   12.943  12.812  
23102100 23102312   3.539  3.466  
23102800 23103012   10.691  10.579  
