23061000 23061212   1.635  2.037  
23061700 23061912   1.760  1.808  
23062400 23062612   4.626  4.665  
23070100 23070312   4.304  4.388  
23070800 23071012   5.407  5.452  
23071500 23071712   1.321  1.340  
23072200 23072412   2.989  3.041  
23072900 23073112   1.225  1.240  
23080500 23080712   2.697  2.736  
23081200 23081412   4.798  3.419  
23081900 23082112   1.221  1.447  
23082600 23082812   2.138  2.162  
23100700 23100912   1.547  1.541  
23101400 23101612   1.239  1.246  
23102100 23102312   0.944  0.956  
23102800 23103012   0.864  0.869  
