23061000 23061212   0.603  0.872  
23061700 23061912   0.176  0.235  
23062400 23062612   0.152  0.197  
23070100 23070312   0.004  0.004  
23070800 23071012   0.051  0.074  
23071500 23071712   0.001  0.002  
23072200 23072412   0.010  0.015  
23072900 23073112   0.012  0.018  
23080500 23080712   0.011  0.012  
23081200 23081412   0.018  0.023  
23081900 23082112   0.012  0.013  
23082600 23082812   0.003  0.004  
23100700 23100912   0.000  0.000  
23101400 23101612   0.408  0.405  
23102100 23102312   0.008  0.008  
23102800 23103012   0.000  0.000  
