23061000 23061212   1.839  2.830  
23061700 23061912   7.058  7.110  
23062400 23062612   3.086  3.023  
23070100 23070312   0.747  0.759  
23070800 23071012   1.678  1.718  
23071500 23071712   2.530  2.764  
23072200 23072412   2.213  2.269  
23072900 23073112   3.732  3.791  
23080500 23080712   3.074  3.025  
23081200 23081412   4.470  2.643  
23081900 23082112   0.889  1.012  
23082600 23082812   7.082  7.099  
23100700 23100912   0.793  0.787  
23101400 23101612   2.331  2.301  
23102100 23102312   0.833  0.816  
23102800 23103012   0.473  0.457  
