23061000 23061212   5.603  7.699  
23061700 23061912   7.512  7.621  
23062400 23062612   13.050  13.149  
23070100 23070312   4.188  4.316  
23070800 23071012   5.937  6.034  
23071500 23071712   2.391  2.595  
23072200 23072412   9.572  9.698  
23072900 23073112   7.541  7.647  
23080500 23080712   2.344  2.408  
23081200 23081412   4.672  2.797  
23081900 23082112   12.086  12.618  
23082600 23082812   6.766  6.737  
23100700 23100912   3.215  3.206  
23101400 23101612   5.708  5.753  
23102100 23102312   3.701  3.668  
23102800 23103012   7.037  6.986  
