23061000 23061212   0.914  1.081  
23061700 23061912   0.977  0.981  
23062400 23062612   0.947  0.955  
23070100 23070312   2.138  2.124  
23070800 23071012   2.133  2.134  
23071500 23071712   1.385  1.351  
23072200 23072412   1.209  1.220  
23072900 23073112   1.850  1.851  
23080500 23080712   1.465  1.449  
23081200 23081412   0.757  0.546  
23081900 23082112   7.259  7.538  
23082600 23082812   1.964  1.966  
23100700 23100912   0.572  0.574  
23101400 23101612   1.810  1.830  
23102100 23102312   0.916  0.909  
23102800 23103012   0.630  0.627  
