23061000 23061212   15.472  20.496  
23061700 23061912   2.877  3.079  
23062400 23062612   11.144  11.402  
23070100 23070312   9.288  9.511  
23070800 23071012   6.247  6.478  
23071500 23071712   5.036  3.868  
23072200 23072412   5.030  4.720  
23072900 23073112   9.221  9.466  
23080500 23080712   12.421  12.203  
23081200 23081412   4.242  6.828  
23081900 23082112   17.916  18.987  
23082600 23082812   11.406  11.330  
23100700 23100912   11.442  11.382  
23101400 23101612   4.656  4.606  
23102100 23102312   13.768  13.792  
23102800 23103012   14.180  14.228  
