23061000 23061212   7.031  8.779  
23061700 23061912   8.366  8.211  
23062400 23062612   1.130  1.219  
23070100 23070312   2.049  2.123  
23070800 23071012   8.841  8.738  
23071500 23071712   2.111  1.827  
23072200 23072412   1.309  1.291  
23072900 23073112   4.726  4.642  
23080500 23080712   3.022  3.074  
23081200 23081412   4.185  2.324  
23081900 23082112   1.558  1.570  
23082600 23082812   6.479  6.489  
23100700 23100912   2.423  2.378  
23101400 23101612   9.524  9.450  
23102100 23102312   3.796  3.759  
23102800 23103012   2.916  2.969  
