23061000 23061212   0.320  0.325  
23061700 23061912   1.714  1.705  
23062400 23062612   0.009  0.013  
23070100 23070312   0.097  0.096  
23070800 23071012   0.014  0.020  
23071500 23071712   0.003  0.003  
23072200 23072412   0.030  0.032  
23072900 23073112   0.014  0.018  
23080500 23080712   0.007  0.008  
23081200 23081412   0.013  0.016  
23081900 23082112   0.000  0.000  
23082600 23082812   0.001  0.001  
23100700 23100912   0.009  0.009  
23101400 23101612   0.452  0.451  
23102100 23102312   0.000  0.000  
23102800 23103012   0.006  0.006  
