23061000 23061212   28.970  35.051  
23061700 23061912   14.998  15.356  
23062400 23062612   1.764  2.042  
23070100 23070312   12.825  13.117  
23070800 23071012   7.937  8.243  
23071500 23071712   13.746  12.311  
23072200 23072412   3.299  2.909  
23072900 23073112   12.955  13.286  
23080500 23080712   6.997  7.140  
23081200 23081412   6.136  14.618  
23081900 23082112   24.396  25.695  
23082600 23082812   12.250  12.195  
23100700 23100912   8.024  7.979  
23101400 23101612   5.254  5.328  
23102100 23102312   2.660  2.595  
23102800 23103012   3.481  3.557  
