23061000 23061212   0.333  0.474  
23061700 23061912   0.060  0.067  
23062400 23062612   0.041  0.044  
23070100 23070312   0.003  0.004  
23070800 23071012   0.017  0.019  
23071500 23071712   0.000  0.000  
23072200 23072412   0.010  0.010  
23072900 23073112   0.014  0.014  
23080500 23080712   0.002  0.002  
23081200 23081412   0.005  0.005  
23081900 23082112   0.000  0.000  
23082600 23082812   0.016  0.016  
23100700 23100912   0.005  0.005  
23101400 23101612   0.162  0.174  
23102100 23102312   0.001  0.001  
23102800 23103012   0.000  0.000  
