23061000 23061212   7.933  8.202  
23061700 23061912   8.612  8.528  
23062400 23062612   6.345  6.228  
23070100 23070312   7.770  8.100  
23070800 23071012   6.370  6.201  
23071500 23071712   5.018  4.905  
23072200 23072412   4.573  4.455  
23072900 23073112   5.839  5.820  
23080500 23080712   3.238  3.298  
23081200 23081412   11.666  10.325  
23081900 23082112   6.454  6.244  
23082600 23082812   5.811  5.882  
23100700 23100912   5.049  5.063  
23101400 23101612   4.899  4.839  
23102100 23102312   5.532  5.541  
23102800 23103012   4.204  4.253  
