23061000 23061212   2.537  4.286  
23061700 23061912   0.919  0.953  
23062400 23062612   3.304  3.365  
23070100 23070312   7.319  7.213  
23070800 23071012   5.160  5.222  
23071500 23071712   1.473  1.524  
23072200 23072412   2.240  2.316  
23072900 23073112   3.363  3.419  
23080500 23080712   1.004  1.029  
23081200 23081412   3.344  1.580  
23081900 23082112   2.669  3.033  
23082600 23082812   2.447  2.482  
23100700 23100912   0.808  0.804  
23101400 23101612   4.994  4.962  
23102100 23102312   0.619  0.622  
23102800 23103012   1.124  1.131  
