23061000 23061212   3.422  4.634  
23061700 23061912   5.508  5.387  
23062400 23062612   1.426  1.378  
23070100 23070312   1.629  1.694  
23070800 23071012   1.144  1.137  
23071500 23071712   1.971  1.779  
23072200 23072412   4.042  4.087  
23072900 23073112   2.091  2.155  
23080500 23080712   1.101  1.130  
23081200 23081412   0.929  1.467  
23081900 23082112   0.802  0.885  
23082600 23082812   6.145  6.154  
23100700 23100912   2.554  2.536  
23101400 23101612   4.430  4.399  
23102100 23102312   2.360  2.369  
23102800 23103012   1.229  1.214  
