23061000 23061212   1.123  1.302  
23061700 23061912   1.288  1.292  
23062400 23062612   0.154  0.158  
23070100 23070312   1.888  1.886  
23070800 23071012   0.773  0.774  
23071500 23071712   0.414  0.414  
23072200 23072412   0.954  0.955  
23072900 23073112   0.787  0.787  
23080500 23080712   0.919  0.917  
23081200 23081412   0.361  0.422  
23081900 23082112   6.258  6.472  
23082600 23082812   0.870  0.870  
23100700 23100912   2.314  2.317  
23101400 23101612   4.734  4.699  
23102100 23102312   0.933  0.928  
23102800 23103012   1.218  1.222  
