23061000 23061212   3.000  3.376  
23061700 23061912   4.970  4.981  
23062400 23062612   3.361  3.371  
23070100 23070312   2.045  2.095  
23070800 23071012   1.767  1.766  
23071500 23071712   0.815  0.803  
23072200 23072412   2.997  3.009  
23072900 23073112   6.705  6.712  
23080500 23080712   3.257  3.221  
23081200 23081412   2.974  2.512  
23081900 23082112   5.078  5.560  
23082600 23082812   4.712  4.720  
23100700 23100912   0.868  0.866  
23101400 23101612   3.502  3.474  
23102100 23102312   1.024  1.002  
23102800 23103012   0.299  0.303  
