23061000 23061212   5.803  7.401  
23061700 23061912   3.870  3.756  
23062400 23062612   18.836  18.932  
23070100 23070312   2.512  2.706  
23070800 23071012   15.310  15.400  
23071500 23071712   9.820  9.351  
23072200 23072412   10.650  10.525  
23072900 23073112   9.405  9.506  
23080500 23080712   7.112  7.219  
23081200 23081412   7.140  4.544  
23081900 23082112   10.219  11.138  
23082600 23082812   5.755  5.695  
23100700 23100912   14.028  14.083  
23101400 23101612   12.433  12.564  
23102100 23102312   3.940  3.844  
23102800 23103012   5.537  5.475  
