23061000 23061212   0.195  0.267  
23061700 23061912   0.078  0.079  
23062400 23062612   0.012  0.017  
23070100 23070312   0.001  0.002  
23070800 23071012   0.002  0.002  
23071500 23071712   0.001  0.001  
23072200 23072412   0.022  0.022  
23072900 23073112   0.002  0.003  
23080500 23080712   0.003  0.003  
23081200 23081412   0.001  0.002  
23081900 23082112   0.000  0.001  
23082600 23082812   0.006  0.006  
23100700 23100912   0.000  0.000  
23101400 23101612   1.170  1.153  
23102100 23102312   0.000  0.001  
23102800 23103012   0.000  0.000  
