23061000 23061212   0.253  0.339  
23061700 23061912   0.071  0.071  
23062400 23062612   0.075  0.108  
23070100 23070312   0.001  0.002  
23070800 23071012   0.017  0.025  
23071500 23071712   0.000  0.000  
23072200 23072412   0.004  0.005  
23072900 23073112   0.024  0.034  
23080500 23080712   0.010  0.011  
23081200 23081412   0.002  0.002  
23081900 23082112   0.000  0.000  
23082600 23082812   0.002  0.003  
23100700 23100912   0.000  0.000  
23101400 23101612   0.271  0.269  
23102100 23102312   0.003  0.003  
23102800 23103012   0.000  0.000  
