23061000 23061212   -0.190  0.000  -0.211  0.000  
23061700 23061912   -0.268  0.000  -0.275  0.000  
23062400 23062612   0.023  0.003  0.022  0.004  
23070100 23070312   -0.018  0.549  -0.044  0.140  
23070800 23071012   0.069  0.021  0.070  0.020  
23071500 23071712   0.054  0.073  0.054  0.073  
23072200 23072412   -0.115  0.000  -0.116  0.000  
23072900 23073112   -0.097  0.001  -0.106  0.000  
23080500 23080712   0.231  0.000  0.232  0.000  
23081200 23081412   -0.048  0.110  -0.033  0.274  
23081900 23082112   0.159  0.000  0.159  0.000  
23082600 23082812   0.369  0.000  0.362  0.000  
23100700 23100912   0.380  0.000  0.379  0.000  
23101400 23101612   0.090  0.003  0.102  0.001  
23102100 23102312   0.044  0.004  0.042  0.006  
23102800 23103012   0.195  0.000  0.195  0.000  
