23061000 23061212   0.211  0.000  0.204  0.000  
23061700 23061912   0.378  0.000  0.378  0.000  
23062400 23062612   -0.015  0.056  -0.016  0.036  
23070100 23070312   0.154  0.000  0.146  0.000  
23070800 23071012   0.266  0.000  0.230  0.000  
23071500 23071712   0.256  0.000  0.241  0.000  
23072200 23072412   0.236  0.000  0.236  0.000  
23072900 23073112   0.190  0.000  0.162  0.000  
23080500 23080712   0.288  0.000  0.288  0.000  
23081200 23081412   0.343  0.000  0.345  0.000  
23081900 23082112   0.347  0.000  0.348  0.000  
23082600 23082812   0.179  0.000  0.175  0.000  
23100700 23100912   -0.147  0.000  -0.135  0.000  
23101400 23101612   0.009  0.776  0.016  0.597  
23102100 23102312   -0.088  0.000  -0.088  0.000  
23102800 23103012   -0.220  0.000  -0.218  0.000  
