23061000 23061212   -0.071  0.019  -0.088  0.003  
23061700 23061912   0.148  0.000  0.133  0.000  
23062400 23062612   -0.023  0.003  -0.024  0.002  
23070100 23070312   -0.141  0.000  -0.129  0.000  
23070800 23071012   0.176  0.000  0.176  0.000  
23071500 23071712   0.326  0.000  0.321  0.000  
23072200 23072412   -0.025  0.398  -0.026  0.396  
23072900 23073112   0.224  0.000  0.223  0.000  
23080500 23080712   0.099  0.001  0.098  0.001  
23081200 23081412   0.204  0.000  0.206  0.000  
23081900 23082112   -0.137  0.000  -0.136  0.000  
23082600 23082812   -0.052  0.083  -0.061  0.041  
23100700 23100912   0.868  0.000  0.868  0.000  
23101400 23101612   -0.201  0.000  -0.212  0.000  
23102100 23102312   -0.006  0.699  -0.006  0.681  
23102800 23103012   -0.267  0.000  -0.261  0.000  
