23061000 23061212   0.048  0.113  0.048  0.113  
23061700 23061912   -0.049  0.105  -0.049  0.105  
23062400 23062612   nan  nan  nan  nan  
23070100 23070312   nan  nan  nan  nan  
23070800 23071012   nan  nan  nan  nan  
23071500 23071712   nan  nan  nan  nan  
23072200 23072412   -0.080  0.008  -0.080  0.008  
23072900 23073112   -0.057  0.059  -0.057  0.059  
23080500 23080712   -0.052  0.085  -0.052  0.085  
23081200 23081412   nan  nan  nan  nan  
23081900 23082112   nan  nan  nan  nan  
23082600 23082812   0.075  0.011  0.075  0.011  
23100700 23100912   -0.037  0.214  -0.038  0.211  
23101400 23101612   -0.175  0.000  -0.178  0.000  
23102100 23102312   nan  nan  nan  nan  
23102800 23103012   nan  nan  nan  nan  
