23061000 23061212   0.088  0.003  0.092  0.002  
23061700 23061912   -0.162  0.000  -0.162  0.000  
23062400 23062612   nan  nan  nan  nan  
23070100 23070312   nan  nan  nan  nan  
23070800 23071012   nan  nan  nan  nan  
23071500 23071712   nan  nan  nan  nan  
23072200 23072412   -0.071  0.018  -0.072  0.017  
23072900 23073112   nan  nan  nan  nan  
23080500 23080712   -0.126  0.000  -0.126  0.000  
23081200 23081412   nan  nan  nan  nan  
23081900 23082112   nan  nan  nan  nan  
23082600 23082812   -0.064  0.032  -0.064  0.032  
23100700 23100912   -0.039  0.198  -0.033  0.273  
23101400 23101612   0.203  0.000  0.202  0.000  
23102100 23102312   0.420  0.000  0.420  0.000  
23102800 23103012   -0.022  0.160  -0.022  0.160  
