23061000 23061212   -0.049  0.106  -0.053  0.079  
23061700 23061912   0.416  0.000  0.417  0.000  
23062400 23062612   0.025  0.001  0.022  0.006  
23070100 23070312   0.274  0.000  0.232  0.000  
23070800 23071012   0.106  0.000  0.145  0.000  
23071500 23071712   0.175  0.000  0.202  0.000  
23072200 23072412   0.257  0.000  0.263  0.000  
23072900 23073112   0.155  0.000  0.112  0.000  
23080500 23080712   0.037  0.223  0.070  0.020  
23081200 23081412   0.250  0.000  0.280  0.000  
23081900 23082112   0.168  0.000  0.170  0.000  
23082600 23082812   0.094  0.002  0.092  0.002  
23100700 23100912   -0.122  0.000  -0.099  0.001  
23101400 23101612   0.059  0.049  0.059  0.050  
23102100 23102312   -0.091  0.000  -0.091  0.000  
23102800 23103012   -0.259  0.000  -0.250  0.000  
