23061000 23061212   -0.114  0.000  -0.042  0.162  
23061700 23061912   0.042  0.159  0.032  0.289  
23062400 23062612   0.053  0.000  0.053  0.000  
23070100 23070312   0.085  0.005  0.048  0.112  
23070800 23071012   0.203  0.000  0.203  0.000  
23071500 23071712   0.310  0.000  0.304  0.000  
23072200 23072412   0.008  0.799  0.005  0.875  
23072900 23073112   0.247  0.000  0.241  0.000  
23080500 23080712   -0.198  0.000  -0.198  0.000  
23081200 23081412   0.048  0.109  0.041  0.177  
23081900 23082112   0.323  0.000  0.324  0.000  
23082600 23082812   -0.110  0.000  -0.117  0.000  
23100700 23100912   -0.036  0.228  -0.014  0.648  
23101400 23101612   0.243  0.000  0.243  0.000  
23102100 23102312   -0.084  0.000  -0.061  0.000  
23102800 23103012   0.232  0.000  0.222  0.000  
