23061000 23061212   -0.160  0.000  -0.159  0.000  
23061700 23061912   -0.318  0.000  -0.318  0.000  
23062400 23062612   -0.084  0.005  -0.084  0.005  
23070100 23070312   -0.028  0.360  -0.028  0.361  
23070800 23071012   nan  nan  nan  nan  
23071500 23071712   nan  nan  nan  nan  
23072200 23072412   nan  nan  nan  nan  
23072900 23073112   nan  nan  nan  nan  
23080500 23080712   nan  nan  nan  nan  
23081200 23081412   nan  nan  nan  nan  
23081900 23082112   nan  nan  nan  nan  
23082600 23082812   nan  nan  nan  nan  
23100700 23100912   nan  nan  nan  nan  
23101400 23101612   0.100  0.001  0.099  0.001  
23102100 23102312   0.226  0.000  0.226  0.000  
23102800 23103012   nan  nan  nan  nan  
