23061000 23061212   0.056  0.065  0.040  0.179  
23061700 23061912   0.213  0.000  0.213  0.000  
23062400 23062612   -0.016  0.041  -0.023  0.003  
23070100 23070312   -0.087  0.004  -0.093  0.002  
23070800 23071012   0.226  0.000  0.227  0.000  
23071500 23071712   0.214  0.000  0.216  0.000  
23072200 23072412   0.190  0.000  0.190  0.000  
23072900 23073112   0.340  0.000  0.335  0.000  
23080500 23080712   0.338  0.000  0.306  0.000  
23081200 23081412   -0.125  0.000  -0.121  0.000  
23081900 23082112   0.061  0.042  0.009  0.761  
23082600 23082812   0.352  0.000  0.352  0.000  
23100700 23100912   -0.008  0.783  -0.022  0.470  
23101400 23101612   0.032  0.294  0.037  0.225  
23102100 23102312   0.021  0.168  0.020  0.186  
23102800 23103012   0.231  0.000  0.220  0.000  
