23061000 23061212   0.151  0.000  0.151  0.000  
23061700 23061912   -0.043  0.154  -0.043  0.154  
23062400 23062612   -0.081  0.007  -0.081  0.007  
23070100 23070312   nan  nan  nan  nan  
23070800 23071012   -0.066  0.029  -0.066  0.028  
23071500 23071712   -0.055  0.070  -0.055  0.070  
23072200 23072412   -0.081  0.007  -0.081  0.007  
23072900 23073112   -0.081  0.007  -0.081  0.007  
23080500 23080712   0.418  0.000  0.418  0.000  
23081200 23081412   -0.068  0.023  -0.068  0.023  
23081900 23082112   nan  nan  nan  nan  
23082600 23082812   -0.112  0.000  -0.112  0.000  
23100700 23100912   -0.031  0.303  -0.031  0.299  
23101400 23101612   0.151  0.000  0.150  0.000  
23102100 23102312   0.141  0.000  0.141  0.000  
23102800 23103012   0.068  0.000  0.067  0.000  
