23061000 23061212   -0.057  0.782  -0.344  0.085  
23061700 23061912   -0.050  0.808  -0.096  0.640  
23062400 23062612   0.231  0.257  0.304  0.131  
23070100 23070312   0.122  0.528  0.001  0.996  
23070800 23071012   -0.359  0.072  -0.327  0.103  
23071500 23071712   0.003  0.988  0.018  0.916  
23072200 23072412   0.058  0.779  0.063  0.760  
23072900 23073112   0.135  0.510  0.125  0.542  
23080500 23080712   0.651  0.000  0.606  0.001  
23081200 23081412   0.036  0.863  0.002  0.992  
23081900 23082112   0.835  0.000  0.866  0.000  
23082600 23082812   0.468  0.005  0.468  0.005  
23100700 23100912   -0.002  0.992  -0.031  0.880  
23101400 23101612   0.567  0.003  0.572  0.002  
23102100 23102312   0.188  0.357  0.044  0.833  
23102800 23103012   0.088  0.599  0.082  0.624  
