23061000 23061212   -0.174  0.000  -0.141  0.000  
23061700 23061912   -0.129  0.000  -0.158  0.000  
23062400 23062612   0.033  0.000  0.032  0.000  
23070100 23070312   0.162  0.000  0.160  0.000  
23070800 23071012   -0.054  0.071  -0.034  0.258  
23071500 23071712   0.019  0.522  0.020  0.499  
23072200 23072412   0.004  0.905  0.004  0.894  
23072900 23073112   -0.115  0.000  -0.121  0.000  
23080500 23080712   0.294  0.000  0.326  0.000  
23081200 23081412   0.373  0.000  0.350  0.000  
23081900 23082112   -0.018  0.557  0.050  0.094  
23082600 23082812   0.179  0.000  0.196  0.000  
23100700 23100912   -0.371  0.000  -0.326  0.000  
23101400 23101612   -0.069  0.022  -0.069  0.022  
23102100 23102312   0.056  0.000  0.046  0.003  
23102800 23103012   0.156  0.000  0.161  0.000  
