23061000 23061212   -0.184  0.000  -0.174  0.000  
23061700 23061912   0.285  0.000  0.279  0.000  
23062400 23062612   -0.017  0.030  -0.015  0.049  
23070100 23070312   -0.021  0.487  -0.033  0.269  
23070800 23071012   0.235  0.000  0.259  0.000  
23071500 23071712   0.088  0.003  0.107  0.000  
23072200 23072412   0.201  0.000  0.202  0.000  
23072900 23073112   0.318  0.000  0.314  0.000  
23080500 23080712   0.298  0.000  0.297  0.000  
23081200 23081412   0.012  0.687  0.042  0.166  
23081900 23082112   0.049  0.103  0.045  0.134  
23082600 23082812   0.191  0.000  0.184  0.000  
23100700 23100912   -0.052  0.084  -0.029  0.334  
23101400 23101612   0.135  0.000  0.157  0.000  
23102100 23102312   0.012  0.447  0.025  0.112  
23102800 23103012   -0.044  0.005  -0.045  0.004  
