23061000 23061212   0.013  0.668  0.023  0.453  
23061700 23061912   0.047  0.115  0.041  0.174  
23062400 23062612   0.080  0.000  0.078  0.000  
23070100 23070312   0.061  0.043  -0.009  0.774  
23070800 23071012   0.305  0.000  0.295  0.000  
23071500 23071712   0.015  0.618  0.035  0.238  
23072200 23072412   0.229  0.000  0.229  0.000  
23072900 23073112   -0.096  0.001  -0.097  0.001  
23080500 23080712   0.251  0.000  0.228  0.000  
23081200 23081412   0.315  0.000  0.314  0.000  
23081900 23082112   0.395  0.000  0.395  0.000  
23082600 23082812   0.440  0.000  0.437  0.000  
23100700 23100912   -0.078  0.009  -0.081  0.007  
23101400 23101612   0.275  0.000  0.286  0.000  
23102100 23102312   0.190  0.000  0.196  0.000  
23102800 23103012   0.089  0.000  0.087  0.000  
