23061000 23061212   -0.065  0.030  -0.047  0.118  
23061700 23061912   -0.312  0.000  -0.312  0.000  
23062400 23062612   -0.072  0.016  -0.072  0.016  
23070100 23070312   nan  nan  nan  nan  
23070800 23071012   nan  nan  nan  nan  
23071500 23071712   nan  nan  nan  nan  
23072200 23072412   0.054  0.070  0.055  0.070  
23072900 23073112   nan  nan  nan  nan  
23080500 23080712   nan  nan  nan  nan  
23081200 23081412   -0.051  0.089  -0.051  0.088  
23081900 23082112   nan  nan  nan  nan  
23082600 23082812   nan  nan  nan  nan  
23100700 23100912   nan  nan  nan  nan  
23101400 23101612   0.320  0.000  0.321  0.000  
23102100 23102312   -0.007  0.669  -0.007  0.670  
23102800 23103012   -0.008  0.615  -0.008  0.615  
