23061000 23061212   -0.362  0.000  -0.343  0.000  
23061700 23061912   -0.015  0.626  -0.020  0.506  
23062400 23062612   0.009  0.250  0.010  0.203  
23070100 23070312   0.107  0.000  0.126  0.000  
23070800 23071012   0.002  0.949  0.002  0.951  
23071500 23071712   0.344  0.000  0.347  0.000  
23072200 23072412   -0.025  0.398  -0.026  0.397  
23072900 23073112   0.142  0.000  0.146  0.000  
23080500 23080712   -0.050  0.099  -0.048  0.109  
23081200 23081412   0.137  0.000  0.136  0.000  
23081900 23082112   -0.423  0.000  -0.423  0.000  
23082600 23082812   -0.026  0.384  -0.026  0.386  
23100700 23100912   -0.292  0.000  -0.292  0.000  
23101400 23101612   0.060  0.047  0.060  0.047  
23102100 23102312   -0.186  0.000  -0.182  0.000  
23102800 23103012   0.137  0.000  0.137  0.000  
