22100100 22100312   2.327  2.626  
22100800 22101012   2.834  3.058  
22101500 22101712   1.967  2.005  
22102200 22102412   0.396  0.335  
22102900 22103112   0.645  0.069  
22110500 22110712   3.991  4.250  
22111200 22111412   1.035  0.469  
22111900 22112112   0.497  0.996  
22112600 22112812   0.188  0.630  
22120300 22120512   0.163  1.061  
22121000 22121212   2.713  2.846  
22121700 22121912   2.562  0.918  
22122400 22122612   5.476  6.652  
22123100 23010212   1.541  0.865  
23010700 23010912   0.745  0.415  
23011400 23011612   0.199  0.518  
23012100 23012312   1.680  0.608  
23012800 23013012   0.262  0.619  
23020400 23020612   0.767  1.131  
23021100 23021312   0.265  0.789  
23021800 23022012   0.232  1.167  
23022500 23022712   0.800  2.970  
23030400 23030612   2.433  3.210  
23031100 23031312   0.761  1.562  
23031800 23032012   3.061  3.870  
23032500 23032712   1.227  1.653  
23040100 23040312   2.217  2.115  
23040800 23041012   0.368  0.670  
23041500 23041712   1.881  1.237  
23042200 23042412   1.000  1.919  
23042900 23050112   2.352  2.540  
23050600 23050812   1.173  0.570  
23051300 23051512   3.958  3.588  
23052000 23052212   1.626  1.373  
23052700 23052912   0.278  0.826  
23060300 23060512   0.568  0.146  
23061000 23061212   1.013  1.235  
23061700 23061912   1.781  2.462  
23062400 23062612   6.012  7.050  
23070100 23070312   0.842  0.232  
23070800 23071012   0.370  1.163  
23071500 23071712   4.868  5.694  
23072200 23072412   0.548  0.588  
23072900 23073112   0.861  1.352  
23080500 23080712   4.925  6.298  
23081200 23081412   2.680  3.151  
23081900 23082112   0.478  0.569  
23082600 23082812   2.497  3.096  
23090200 23090412   3.728  4.042  
23090900 23091112   0.521  0.396  
23091600 23091812   3.549  3.958  
23092300 23092512   2.094  2.592  
23093000 23100212   0.575  0.348  
23100700 23100912   4.100  3.947  
23101400 23101612   3.431  3.091  
23102100 23102312   0.208  0.071  
23102800 23103012   0.464  2.091  
23110400 23110612   2.011  2.596  
23111100 23111312   0.775  1.438  
