22100100 22100312   2.409  2.682  
22100800 22101012   2.943  3.159  
22101500 22101712   2.510  2.594  
22102200 22102412   0.576  0.468  
22102900 22103112   0.675  0.268  
22110500 22110712   4.114  4.343  
22111200 22111412   1.151  0.624  
22111900 22112112   0.735  1.010  
22112600 22112812   0.342  0.668  
22120300 22120512   0.373  1.080  
22121000 22121212   2.772  2.879  
22121700 22121912   2.728  1.200  
22122400 22122612   5.565  6.758  
22123100 23010212   1.623  1.009  
23010700 23010912   0.788  0.433  
23011400 23011612   0.297  0.536  
23012100 23012312   1.725  0.681  
23012800 23013012   0.376  0.636  
23020400 23020612   0.773  1.132  
23021100 23021312   0.289  0.793  
23021800 23022012   0.272  1.172  
23022500 23022712   0.862  3.000  
23030400 23030612   2.460  3.230  
23031100 23031312   0.784  1.588  
23031800 23032012   3.083  3.905  
23032500 23032712   1.243  1.676  
23040100 23040312   2.259  2.153  
23040800 23041012   0.481  0.757  
23041500 23041712   1.883  1.238  
23042200 23042412   1.036  1.939  
23042900 23050112   2.399  2.580  
23050600 23050812   1.207  0.661  
23051300 23051512   4.418  4.331  
23052000 23052212   1.783  1.644  
23052700 23052912   0.783  1.067  
23060300 23060512   0.581  0.189  
23061000 23061212   1.061  1.264  
23061700 23061912   1.814  2.514  
23062400 23062612   6.128  7.170  
23070100 23070312   0.935  0.596  
23070800 23071012   0.626  1.265  
23071500 23071712   4.949  5.808  
23072200 23072412   0.717  0.782  
23072900 23073112   0.884  1.373  
23080500 23080712   5.007  6.402  
23081200 23081412   2.726  3.213  
23081900 23082112   0.719  0.829  
23082600 23082812   2.604  3.207  
23090200 23090412   3.760  4.072  
23090900 23091112   0.684  0.555  
23091600 23091812   3.602  4.019  
23092300 23092512   2.166  2.610  
23093000 23100212   0.883  0.637  
23100700 23100912   4.120  3.972  
23101400 23101612   3.515  3.159  
23102100 23102312   0.306  0.260  
23102800 23103012   0.625  2.103  
23110400 23110612   2.047  2.631  
23111100 23111312   0.874  1.469  
