22100100 22100312   0.824  1.867  
22100800 22101012   1.961  1.570  
22101500 22101712   4.599  3.999  
22102200 22102412   8.477  9.167  
22102900 22103112   10.354  10.247  
22110500 22110712   14.275  19.380  
22111200 22111412   1.689  4.649  
22111900 22112112   1.607  2.641  
22112600 22112812   3.426  6.431  
22120300 22120512   3.497  10.117  
22121000 22121212   25.073  18.829  
22121700 22121912   2.975  3.060  
22122400 22122612   21.850  18.218  
22123100 23010212   6.013  8.563  
23010700 23010912   17.770  21.096  
23011400 23011612   16.934  14.774  
23012100 23012312   15.279  13.842  
23012800 23013012   17.312  16.284  
23020400 23020612   1.726  8.215  
23021100 23021312   11.140  12.250  
23021800 23022012   2.264  3.184  
23022500 23022712   6.669  5.309  
23030400 23030612   2.862  2.523  
23031100 23031312   1.789  2.556  
23031800 23032012   5.189  7.141  
23032500 23032712   5.104  3.026  
23040100 23040312   18.585  13.849  
23040800 23041012   11.610  10.225  
23041500 23041712   1.797  1.293  
23042200 23042412   7.682  7.772  
23042900 23050112   16.279  13.671  
23050600 23050812   9.699  10.399  
23051300 23051512   7.338  7.293  
23052000 23052212   4.017  3.729  
23052700 23052912   6.213  4.692  
23060300 23060512   1.751  1.444  
23061000 23061212   14.037  15.960  
23061700 23061912   6.970  5.949  
23062400 23062612   3.580  3.559  
23070100 23070312   6.623  7.276  
23070800 23071012   3.260  3.524  
23071500 23071712   15.030  16.288  
23072200 23072412   5.063  5.195  
23072900 23073112   5.043  4.753  
23080500 23080712   5.597  6.796  
23081200 23081412   4.983  5.547  
23081900 23082112   7.696  7.145  
23082600 23082812   4.375  2.883  
23090200 23090412   2.221  2.314  
23090900 23091112   3.551  0.870  
23091600 23091812   6.301  9.983  
23092300 23092512   4.164  2.105  
23093000 23100212   3.442  3.169  
23100700 23100912   2.809  3.674  
23101400 23101612   2.624  6.665  
23102100 23102312   2.409  1.771  
23102800 23103012   2.137  5.864  
23110400 23110612   18.755  17.591  
23111100 23111312   24.771  20.724  
