22100100 22100312   0.393  0.000  0.438  0.000  
22100800 22101012   0.249  0.000  0.130  0.000  
22101500 22101712   0.395  0.000  0.560  0.000  
22102200 22102412   0.194  0.000  0.219  0.000  
22102900 22103112   -0.045  0.136  -0.062  0.040  
22110500 22110712   0.339  0.000  0.298  0.000  
22111200 22111412   -0.022  0.000  -0.719  0.000  
22111900 22112112   0.315  0.000  0.318  0.000  
22112600 22112812   0.264  0.000  0.210  0.000  
22120300 22120512   0.262  0.000  0.245  0.000  
22121000 22121212   -0.089  0.003  -0.052  0.087  
22121700 22121912   0.261  0.000  0.236  0.000  
22122400 22122612   0.246  0.000  0.279  0.000  
22123100 23010212   -0.066  0.029  -0.185  0.000  
23010700 23010912   0.094  0.000  0.029  0.058  
23011400 23011612   0.437  0.000  0.403  0.001  
23012100 23012312   -0.105  0.000  -0.089  0.003  
23012800 23013012   0.075  0.014  0.169  0.000  
23020400 23020612   0.164  0.000  0.197  0.000  
23021100 23021312   0.070  0.015  -0.443  0.000  
23021800 23022012   0.125  0.000  0.130  0.000  
23022500 23022712   0.025  0.103  -0.066  0.000  
23030400 23030612   -0.057  0.056  -0.059  0.049  
23031100 23031312   0.225  0.000  0.173  0.000  
23031800 23032012   0.275  0.000  0.396  0.000  
23032500 23032712   0.343  0.000  0.159  0.000  
23040100 23040312   0.167  0.000  0.173  0.000  
23040800 23041012   -0.052  0.081  -0.105  0.000  
23041500 23041712   0.170  0.000  0.160  0.000  
23042200 23042412   0.513  0.000  0.498  0.000  
23042900 23050112   -0.624  0.000  -0.623  0.000  
23050600 23050812   0.242  0.000  0.228  0.000  
23051300 23051512   0.417  0.000  0.150  0.004  
23052000 23052212   -0.693  0.000  -0.674  0.000  
23052700 23052912   0.024  0.423  -0.035  0.240  
23060300 23060512   0.300  0.000  0.252  0.000  
23061000 23061212   -0.247  0.000  -0.211  0.000  
23061700 23061912   -0.132  0.000  -0.275  0.000  
23062400 23062612   -0.005  0.520  0.022  0.004  
23070100 23070312   0.001  0.968  -0.044  0.140  
23070800 23071012   0.080  0.008  0.070  0.020  
23071500 23071712   0.093  0.002  0.054  0.073  
23072200 23072412   -0.272  0.000  -0.116  0.000  
23072900 23073112   -0.131  0.000  -0.106  0.000  
23080500 23080712   0.198  0.000  0.232  0.000  
23081200 23081412   -0.026  0.380  -0.033  0.274  
23081900 23082112   0.159  0.000  0.159  0.000  
23082600 23082812   0.363  0.000  0.362  0.000  
23090200 23090412   0.240  0.000  0.263  0.000  
23090900 23091112   0.062  0.000  0.131  0.000  
23091600 23091812   -0.134  0.000  -0.200  0.000  
23092300 23092512   0.126  0.000  0.196  0.000  
23093000 23100212   0.063  0.035  0.054  0.071  
23100700 23100912   -0.172  0.000  0.379  0.000  
23101400 23101612   0.091  0.002  0.102  0.001  
