22100100 22100312   1.050  0.412  
22100800 22101012   0.512  1.592  
22101500 22101712   1.583  1.591  
22102200 22102412   1.181  1.203  
22102900 22103112   1.502  1.320  
22110500 22110712   1.225  2.103  
22111200 22111412   0.482  0.698  
22111900 22112112   0.262  0.099  
22112600 22112812   1.358  1.061  
22120300 22120512   1.524  1.531  
22121000 22121212   3.732  3.022  
22121700 22121912   0.239  0.459  
22122400 22122612   4.255  4.046  
22123100 23010212   1.815  1.693  
23010700 23010912   1.008  0.976  
23011400 23011612   3.234  1.256  
23012100 23012312   1.513  2.737  
23012800 23013012   0.812  0.258  
23020400 23020612   2.264  1.258  
23021100 23021312   0.398  0.825  
23021800 23022012   1.509  1.020  
23022500 23022712   0.228  0.244  
23030400 23030612   0.933  0.946  
23031100 23031312   1.091  1.105  
23031800 23032012   2.309  1.951  
23032500 23032712   0.789  0.797  
23040100 23040312   0.293  0.842  
23040800 23041012   2.383  2.706  
23041500 23041712   1.263  1.996  
23042200 23042412   1.578  1.438  
23042900 23050112   2.698  2.751  
23050600 23050812   1.060  1.078  
23051300 23051512   3.824  3.151  
23052000 23052212   1.744  2.493  
23052700 23052912   2.023  2.744  
23060300 23060512   2.132  2.172  
23061000 23061212   0.430  2.665  
23061700 23061912   0.442  0.488  
23062400 23062612   1.350  1.275  
23070100 23070312   0.517  0.562  
23070800 23071012   1.594  1.510  
23071500 23071712   3.840  3.060  
23072200 23072412   0.178  0.083  
23072900 23073112   0.731  0.634  
23080500 23080712   1.664  1.566  
23081200 23081412   6.132  1.645  
23081900 23082112   3.114  3.776  
23082600 23082812   1.289  1.337  
23100700 23100912   4.921  4.977  
23101400 23101612   0.157  0.110  
23102100 23102312   2.379  2.339  
23102800 23103012   1.047  1.067  
23110400 23110612   2.232  2.263  
23111100 23111312   0.642  0.271  
