22100100 22100312   1.906  2.029  
22100800 22101012   5.420  5.387  
22101500 22101712   8.393  8.340  
22102200 22102412   7.382  7.348  
22102900 22103112   9.218  9.183  
22110500 22110712   16.355  17.314  
22111200 22111412   6.448  7.726  
22111900 22112112   5.303  5.780  
22112600 22112812   6.496  6.410  
22120300 22120512   5.494  5.522  
22121000 22121212   19.579  24.435  
22121700 22121912   4.906  4.909  
22122400 22122612   14.587  14.542  
22123100 23010212   17.748  17.666  
23010700 23010912   19.771  19.655  
23011400 23011612   8.296  8.277  
23012100 23012312   6.659  7.659  
23012800 23013012   6.292  6.652  
23020400 23020612   19.729  21.125  
23021100 23021312   12.542  12.481  
23021800 23022012   3.548  4.058  
23022500 23022712   4.170  3.643  
23030400 23030612   12.776  12.724  
23031100 23031312   6.843  6.846  
23031800 23032012   7.548  7.515  
23032500 23032712   14.064  13.983  
23040100 23040312   19.585  20.395  
23040800 23041012   8.612  8.572  
23041500 23041712   8.105  8.444  
23042200 23042412   6.987  6.957  
23042900 23050112   4.686  4.706  
23050600 23050812   7.062  7.041  
23051300 23051512   4.408  4.230  
23052000 23052212   10.218  10.181  
23052700 23052912   15.058  14.977  
23060300 23060512   6.232  6.197  
23061000 23061212   11.658  11.603  
23061700 23061912   4.401  4.375  
23062400 23062612   5.081  5.041  
23070100 23070312   6.885  6.874  
23070800 23071012   6.985  6.937  
23071500 23071712   4.997  4.972  
23072200 23072412   4.053  4.024  
23072900 23073112   2.609  2.620  
23080500 23080712   8.358  8.303  
23081200 23081412   2.877  3.701  
23081900 23082112   12.921  12.816  
23082600 23082812   1.930  1.924  
23100700 23100912   7.748  7.712  
23101400 23101612   13.270  13.196  
23102100 23102312   12.282  12.205  
23102800 23103012   8.274  8.225  
23110400 23110612   11.779  11.755  
23111100 23111312   27.702  27.613  
23111800 23112012   6.155  6.141  
23112500 23112712   7.435  7.559  
23120200 23120412   11.405  11.981  
23120900 23121112   5.877  6.447  
23121600 23121812   8.786  8.769  
23122300 23122512   17.596  17.522  
23123000 24010112   15.523  16.126  
24010600 24010812   26.108  27.050  
