22100100 22100312   0.001  0.001  
22100800 22101012   0.000  0.000  
22101500 22101712   0.000  0.000  
22102200 22102412   0.256  0.256  
22102900 22103112   0.429  0.429  
22110500 22110712   0.401  0.407  
22111200 22111412   0.000  0.000  
22111900 22112112   0.018  0.018  
22112600 22112812   0.038  0.038  
22120300 22120512   0.126  0.126  
22121000 22121212   0.366  0.461  
22121700 22121912   0.056  0.056  
22122400 22122612   0.442  0.436  
22123100 23010212   0.294  0.294  
23010700 23010912   1.002  1.003  
23011400 23011612   0.580  0.579  
23012100 23012312   1.535  1.533  
23012800 23013012   0.004  0.004  
23020400 23020612   0.420  0.445  
23021100 23021312   0.090  0.090  
23021800 23022012   0.012  0.012  
23022500 23022712   0.184  0.184  
23030400 23030612   0.315  0.315  
23031100 23031312   0.156  0.155  
23031800 23032012   0.002  0.002  
23032500 23032712   0.874  0.874  
23040100 23040312   0.688  0.715  
23040800 23041012   0.273  0.273  
23041500 23041712   1.590  1.589  
23042200 23042412   0.428  0.428  
23042900 23050112   0.001  0.001  
23050600 23050812   0.453  0.453  
23051300 23051512   0.000  0.000  
23052000 23052212   0.030  0.030  
23052700 23052912   0.006  0.006  
23060300 23060512   0.000  0.000  
23061000 23061212   0.491  0.490  
23061700 23061912   0.064  0.064  
23062400 23062612   0.021  0.021  
23070100 23070312   0.002  0.002  
23070800 23071012   0.012  0.012  
23071500 23071712   0.000  0.000  
23072200 23072412   0.003  0.003  
23072900 23073112   0.004  0.004  
23080500 23080712   0.002  0.002  
23081200 23081412   0.001  0.001  
23081900 23082112   0.000  0.000  
23082600 23082812   0.002  0.003  
23100700 23100912   0.000  0.000  
23101400 23101612   0.182  0.181  
23102100 23102312   0.003  0.003  
23102800 23103012   0.000  0.000  
23110400 23110612   0.381  0.387  
23111100 23111312   0.467  0.468  
