22100100 22100312   0.144  0.000  0.061  0.044  
22100800 22101012   0.334  0.000  0.339  0.000  
22101500 22101712   0.770  0.000  0.775  0.000  
22102200 22102412   0.375  0.000  0.375  0.000  
22102900 22103112   0.424  0.000  0.380  0.000  
22110500 22110712   0.300  0.000  0.330  0.000  
22111200 22111412   0.797  0.000  0.789  0.000  
22111900 22112112   0.159  0.000  0.159  0.000  
22112600 22112812   0.070  0.000  0.065  0.000  
22120300 22120512   -0.094  0.002  -0.102  0.001  
22121000 22121212   0.113  0.000  0.066  0.029  
22121700 22121912   0.346  0.000  0.345  0.000  
22122400 22122612   -0.092  0.003  -0.106  0.000  
22123100 23010212   0.419  0.000  0.431  0.000  
23010700 23010912   0.084  0.000  0.085  0.000  
23011400 23011612   0.258  0.000  0.277  0.000  
23012100 23012312   -0.278  0.000  -0.352  0.000  
23012800 23013012   0.075  0.000  0.079  0.000  
23020400 23020612   0.097  0.000  0.094  0.000  
23021100 23021312   0.172  0.000  0.173  0.000  
23021800 23022012   0.036  0.000  0.059  0.000  
23022500 23022712   0.034  0.254  0.052  0.085  
23030400 23030612   -0.036  0.235  -0.052  0.085  
23031100 23031312   0.371  0.000  0.368  0.000  
23031800 23032012   0.174  0.000  0.169  0.000  
23032500 23032712   0.334  0.000  0.361  0.000  
23040100 23040312   0.194  0.000  0.225  0.000  
23040800 23041012   -0.400  0.000  -0.399  0.000  
23041500 23041712   0.000  0.970  -0.010  0.219  
23042200 23042412   0.376  0.000  0.355  0.000  
23042900 23050112   0.563  0.000  0.563  0.000  
23050600 23050812   0.317  0.000  0.309  0.000  
23051300 23051512   -0.327  0.000  -0.411  0.000  
23052000 23052212   0.354  0.000  0.290  0.000  
23052700 23052912   0.339  0.000  0.365  0.000  
23060300 23060512   0.296  0.000  0.293  0.000  
23061000 23061212   0.199  0.000  0.200  0.000  
23061700 23061912   0.368  0.000  0.391  0.000  
23062400 23062612   0.300  0.000  0.322  0.000  
23070100 23070312   0.261  0.000  0.297  0.000  
23070800 23071012   0.377  0.000  0.379  0.000  
23071500 23071712   0.351  0.000  0.342  0.000  
23072200 23072412   0.373  0.000  0.375  0.000  
23072900 23073112   0.365  0.000  0.389  0.000  
23080500 23080712   0.287  0.000  0.313  0.000  
23081200 23081412   0.214  0.000  0.376  0.000  
23081900 23082112   0.016  0.599  -0.028  0.354  
23082600 23082812   0.427  0.000  0.417  0.000  
23100700 23100912   0.277  0.000  0.272  0.000  
23101400 23101612   0.328  0.000  0.331  0.000  
23102100 23102312   0.046  0.003  0.102  0.000  
23102800 23103012   0.182  0.000  0.182  0.000  
23110400 23110612   -0.054  0.074  -0.119  0.000  
23111100 23111312   -0.117  0.000  -0.172  0.000  
