22100100 22100312   4.255  5.169  
22100800 22101012   7.280  3.302  
22101500 22101712   2.224  6.392  
22102200 22102412   2.630  6.555  
22102900 22103112   5.477  11.481  
22110500 22110712   11.556  4.312  
22111200 22111412   1.412  6.536  
22111900 22112112   4.091  8.453  
22112600 22112812   1.012  6.743  
22120300 22120512   4.286  1.656  
22121000 22121212   7.435  3.690  
22121700 22121912   7.835  1.276  
22122400 22122612   5.639  1.144  
22123100 23010212   2.581  3.030  
23010700 23010912   1.419  9.886  
23011400 23011612   5.795  2.201  
23012100 23012312   8.484  22.555  
23012800 23013012   1.196  5.449  
23020400 23020612   6.702  3.769  
23021100 23021312   6.584  11.344  
23021800 23022012   1.394  10.011  
23022500 23022712   5.084  1.165  
23030400 23030612   13.993  10.569  
23031100 23031312   7.322  3.658  
23031800 23032012   0.643  4.327  
23032500 23032712   2.122  3.908  
23040100 23040312   2.770  3.160  
23040800 23041012   5.171  4.297  
23041500 23041712   7.581  1.155  
23042200 23042412   2.672  1.789  
23042900 23050112   8.475  4.163  
23050600 23050812   3.324  2.067  
23051300 23051512   3.210  9.418  
23052000 23052212   2.465  4.639  
23052700 23052912   1.517  10.403  
23060300 23060512   4.479  0.890  
23061000 23061212   9.620  1.605  
23061700 23061912   1.665  12.232  
23062400 23062612   8.669  1.888  
23070100 23070312   1.346  11.410  
23070800 23071012   10.787  7.631  
23071500 23071712   1.136  4.890  
23072200 23072412   3.069  9.717  
23072900 23073112   10.513  6.572  
23080500 23080712   10.471  4.786  
23081200 23081412   7.992  1.760  
23081900 23082112   9.878  3.554  
23082600 23082812   1.751  5.319  
23090200 23090412   3.225  9.370  
23090900 23091112   5.600  3.339  
23091600 23091812   1.180  7.321  
23092300 23092512   4.762  8.861  
23093000 23100212   0.933  2.220  
23100700 23100912   3.475  3.052  
23101400 23101612   6.182  2.934  
23102100 23102312   1.700  7.404  
23102800 23103012   4.602  7.413  
