22100100 22100312   2.015  5.106  
22100800 22101012   2.079  2.577  
22101500 22101712   4.827  4.226  
22102200 22102412   1.246  1.131  
22102900 22103112   2.148  0.542  
22110500 22110712   15.749  4.311  
22111200 22111412   12.663  3.670  
22111900 22112112   14.746  2.977  
22112600 22112812   11.749  2.417  
22120300 22120512   34.457  5.983  
22121000 22121212   25.277  4.123  
22121700 22121912   36.024  3.888  
22122400 22122612   41.551  2.931  
22123100 23010212   26.845  2.037  
23010700 23010912   14.150  2.600  
23011400 23011612   21.556  1.901  
23012100 23012312   5.529  1.102  
23012800 23013012   26.408  2.584  
23020400 23020612   20.367  1.687  
23021100 23021312   15.282  8.660  
23021800 23022012   6.693  1.392  
23022500 23022712   17.541  0.929  
23030400 23030612   18.466  1.457  
23031100 23031312   24.650  2.019  
23031800 23032012   4.680  4.165  
23032500 23032712   3.144  1.422  
23040100 23040312   2.511  1.778  
23040800 23041012   2.469  2.145  
23041500 23041712   0.509  0.419  
23042200 23042412   1.992  2.129  
23042900 23050112   5.838  5.489  
23050600 23050812   11.080  10.331  
23051300 23051512   0.945  1.709  
23052000 23052212   1.136  1.107  
23052700 23052912   2.726  3.520  
23060300 23060512   2.310  2.801  
23061000 23061212   4.301  1.689  
23061700 23061912   1.710  1.317  
23062400 23062612   2.036  2.354  
23070100 23070312   1.027  0.847  
23070800 23071012   1.562  1.449  
23071500 23071712   3.677  4.219  
23072200 23072412   1.923  1.686  
23072900 23073112   1.243  1.397  
23080500 23080712   1.810  1.943  
23081200 23081412   4.785  1.077  
23081900 23082112   3.594  2.763  
23082600 23082812   2.758  2.853  
23090200 23090412   0.958  0.983  
23090900 23091112   7.231  4.958  
23091600 23091812   1.815  1.642  
23092300 23092512   0.765  1.109  
23093000 23100212   0.525  0.322  
23100700 23100912   6.143  5.847  
23101400 23101612   1.396  0.964  
23102100 23102312   6.682  6.061  
23102800 23103012   5.866  3.281  
