22100100 22100312   1.899  2.029  
22100800 22101012   5.382  5.387  
22101500 22101712   8.343  8.340  
22102200 22102412   7.347  7.348  
22102900 22103112   9.152  9.183  
22110500 22110712   16.251  17.314  
22111200 22111412   6.417  7.726  
22111900 22112112   5.263  5.780  
22112600 22112812   6.418  6.410  
22120300 22120512   5.425  5.522  
22121000 22121212   19.482  24.435  
22121700 22121912   4.881  4.909  
22122400 22122612   14.520  14.542  
22123100 23010212   17.645  17.666  
23010700 23010912   19.638  19.655  
23011400 23011612   8.226  8.277  
23012100 23012312   6.618  7.659  
23012800 23013012   6.260  6.652  
23020400 23020612   19.589  21.125  
23021100 23021312   12.472  12.481  
23021800 23022012   3.531  4.058  
23022500 23022712   4.194  3.643  
23030400 23030612   12.690  12.724  
23031100 23031312   6.800  6.846  
23031800 23032012   7.510  7.515  
23032500 23032712   13.978  13.983  
23040100 23040312   19.469  20.395  
23040800 23041012   8.543  8.572  
23041500 23041712   8.056  8.444  
23042200 23042412   6.952  6.957  
23042900 23050112   4.703  4.706  
23050600 23050812   7.011  7.041  
23051300 23051512   4.424  4.230  
23052000 23052212   10.165  10.181  
23052700 23052912   14.972  14.977  
23060300 23060512   6.196  6.197  
23061000 23061212   11.600  11.603  
23061700 23061912   4.363  4.375  
23062400 23062612   5.035  5.041  
23070100 23070312   6.831  6.874  
23070800 23071012   6.935  6.937  
23071500 23071712   4.965  4.972  
23072200 23072412   4.013  4.024  
23072900 23073112   2.607  2.620  
23080500 23080712   8.300  8.303  
23081200 23081412   2.846  3.701  
23081900 23082112   12.809  12.816  
23082600 23082812   1.901  1.924  
23090200 23090412   13.758  14.452  
23090900 23091112   2.716  2.721  
23091600 23091812   6.923  6.929  
23092300 23092512   6.508  6.504  
23093000 23100212   13.652  13.654  
23100700 23100912   7.712  7.712  
23101400 23101612   13.192  13.196  
23102100 23102312   12.209  12.205  
23102800 23103012   8.220  8.225  
23110400 23110612   11.699  11.755  
23111100 23111312   27.555  27.613  
23111800 23112012   6.127  6.141  
23112500 23112712   7.397  7.559  
23120200 23120412   11.347  11.981  
23120900 23121112   5.832  6.447  
23121600 23121812   8.749  8.769  
23122300 23122512   17.503  17.522  
23123000 24010112   15.433  16.126  
24010600 24010812   25.967  27.050  
