22101600 22101812   1.759  2.525  
22111600 22111812   0.557  0.554  
22121600 22121812   0.315  0.407  
23011600 23011812   3.624  3.609  
23021600 23021812   7.591  7.493  
23031600 23031812   4.775  4.951  
23041600 23041812   3.301  4.674  
23051600 23051812   0.884  0.883  
23061600 23061812   2.216  2.028  
23071600 23071812   0.492  0.360  
23081600 23081812   10.151  9.016  
23091600 23091812   4.428  4.489  
23101600 23101812   5.172  5.802  
22101600 22101812   1.759  2.525  
22111600 22111812   0.557  0.554  
22121600 22121812   0.315  0.407  
23011600 23011812   3.624  3.609  
23021600 23021812   7.590  7.493  
23031600 23031812   4.775  4.951  
23041600 23041812   3.301  4.674  
23051600 23051812   0.884  0.883  
23061600 23061812   2.216  2.028  
23071600 23071812   0.492  0.360  
23081600 23081812   10.151  9.016  
23091600 23091812   4.428  4.489  
23101600 23101812   5.172  5.802  
