22101600 22101812   7.354  2.936  
22111600 22111812   4.390  4.295  
22121600 22121812   1.592  1.785  
23011600 23011812   1.112  1.074  
23021600 23021812   1.217  1.185  
23031600 23031812   1.179  1.290  
23041600 23041812   1.453  1.641  
23051600 23051812   2.705  2.856  
23061600 23061812   2.785  2.701  
23071600 23071812   1.019  0.774  
23081600 23081812   1.197  1.493  
23091600 23091812   1.409  1.058  
23101600 23101812   1.345  1.330  
22101600 22101812   7.354  2.936  
22111600 22111812   4.390  4.295  
22121600 22121812   1.592  1.785  
23011600 23011812   1.112  1.074  
23021600 23021812   1.217  1.185  
23031600 23031812   1.180  1.290  
23041600 23041812   1.453  1.641  
23051600 23051812   2.706  2.856  
23061600 23061812   2.785  2.701  
23071600 23071812   1.019  0.774  
23081600 23081812   1.197  1.493  
23091600 23091812   1.409  1.058  
23101600 23101812   1.345  1.330  
