22101600 22101812   0.000  0.002  
22111600 22111812   0.081  0.081  
22121600 22121812   0.034  0.034  
23011600 23011812   0.559  0.539  
23021600 23021812   0.588  0.586  
23031600 23031812   0.001  0.001  
23041600 23041812   0.771  0.828  
23051600 23051812   0.007  0.008  
23061600 23061812   0.078  0.086  
23071600 23071812   0.001  0.001  
23081600 23081812   0.003  0.004  
23091600 23091812   0.013  0.013  
23101600 23101812   1.076  1.100  
22101600 22101812   0.000  0.002  
22111600 22111812   0.081  0.081  
22121600 22121812   0.034  0.034  
23011600 23011812   0.559  0.539  
23021600 23021812   0.588  0.586  
23031600 23031812   0.001  0.001  
23041600 23041812   0.771  0.828  
23051600 23051812   0.007  0.008  
23061600 23061812   0.078  0.086  
23071600 23071812   0.001  0.001  
23081600 23081812   0.003  0.004  
23091600 23091812   0.013  0.013  
23101600 23101812   1.076  1.100  
