22101600 22101812   nan  nan  nan  nan  
22111600 22111812   0.528  0.000  0.527  0.000  
22121600 22121812   0.114  0.000  0.106  0.000  
23011600 23011812   -0.021  0.493  -0.019  0.525  
23021600 23021812   -0.043  0.000  -0.043  0.000  
23031600 23031812   nan  nan  nan  nan  
23041600 23041812   0.044  0.752  -0.062  0.654  
23051600 23051812   nan  nan  nan  nan  
23061600 23061812   0.074  0.015  0.074  0.014  
23071600 23071812   nan  nan  nan  nan  
23081600 23081812   nan  nan  nan  nan  
23091600 23091812   0.178  0.000  0.178  0.000  
23101600 23101812   0.101  0.001  0.113  0.000  
22101600 22101812   nan  nan  nan  nan  
22111600 22111812   0.528  0.000  0.527  0.000  
22121600 22121812   0.114  0.000  0.106  0.000  
23011600 23011812   -0.021  0.493  -0.019  0.525  
23021600 23021812   -0.043  0.000  -0.043  0.000  
23031600 23031812   nan  nan  nan  nan  
23041600 23041812   0.044  0.752  -0.062  0.654  
23051600 23051812   nan  nan  nan  nan  
23061600 23061812   0.074  0.015  0.074  0.014  
23071600 23071812   nan  nan  nan  nan  
23081600 23081812   nan  nan  nan  nan  
23091600 23091812   0.179  0.000  0.178  0.000  
23101600 23101812   0.101  0.001  0.113  0.000  
