22101600 22101812   0.260  0.031  0.253  0.036  
22111600 22111812   -0.380  0.000  -0.412  0.000  
22121600 22121812   0.053  0.083  0.053  0.082  
23011600 23011812   -0.273  0.000  -0.273  0.000  
23021600 23021812   -0.369  0.000  -0.375  0.000  
23031600 23031812   0.239  0.000  0.237  0.000  
23041600 23041812   0.454  0.000  0.465  0.000  
23051600 23051812   -0.305  0.000  -0.294  0.000  
23061600 23061812   -0.132  0.000  -0.131  0.000  
23071600 23071812   0.008  0.031  0.029  0.000  
23081600 23081812   0.502  0.000  0.494  0.000  
23091600 23091812   0.021  0.456  -0.019  0.501  
23101600 23101812   0.245  0.000  0.236  0.000  
22101600 22101812   0.260  0.031  0.253  0.036  
22111600 22111812   -0.380  0.000  -0.412  0.000  
22121600 22121812   0.053  0.083  0.053  0.082  
23011600 23011812   -0.273  0.000  -0.273  0.000  
23021600 23021812   -0.369  0.000  -0.375  0.000  
23031600 23031812   0.239  0.000  0.237  0.000  
23041600 23041812   0.454  0.000  0.465  0.000  
23051600 23051812   -0.305  0.000  -0.294  0.000  
23061600 23061812   -0.132  0.000  -0.131  0.000  
23071600 23071812   0.008  0.031  0.029  0.000  
23081600 23081812   0.502  0.000  0.494  0.000  
23091600 23091812   0.021  0.456  -0.019  0.501  
23101600 23101812   0.245  0.000  0.236  0.000  
