22101600 22101812   0.817  0.000  0.744  0.000  
22111600 22111812   -0.137  0.000  -0.154  0.000  
22121600 22121812   0.084  0.005  0.086  0.005  
23011600 23011812   0.100  0.000  0.100  0.000  
23021600 23021812   -0.008  0.787  0.014  0.646  
23031600 23031812   0.297  0.000  0.296  0.000  
23041600 23041812   0.192  0.000  0.165  0.000  
23051600 23051812   0.502  0.000  0.532  0.000  
23061600 23061812   0.449  0.000  0.418  0.000  
23071600 23071812   0.167  0.000  0.168  0.000  
23081600 23081812   0.533  0.000  0.533  0.000  
23091600 23091812   0.624  0.000  0.626  0.000  
23101600 23101812   -0.280  0.000  -0.270  0.000  
22101600 22101812   0.817  0.000  0.744  0.000  
22111600 22111812   -0.137  0.000  -0.154  0.000  
22121600 22121812   0.084  0.005  0.086  0.005  
23011600 23011812   0.100  0.000  0.100  0.000  
23021600 23021812   -0.008  0.786  0.014  0.646  
23031600 23031812   0.297  0.000  0.296  0.000  
23041600 23041812   0.193  0.000  0.165  0.000  
23051600 23051812   0.502  0.000  0.532  0.000  
23061600 23061812   0.449  0.000  0.418  0.000  
23071600 23071812   0.167  0.000  0.168  0.000  
23081600 23081812   0.533  0.000  0.533  0.000  
23091600 23091812   0.624  0.000  0.626  0.000  
23101600 23101812   -0.280  0.000  -0.270  0.000  
