22100100 22100312   7.027  6.356  
22100800 22101012   1.801  1.060  
22101500 22101712   1.755  1.545  
22102200 22102412   0.891  1.517  
22102900 22103112   2.163  1.252  
22110500 22110712   5.932  8.692  
22111200 22111412   1.237  1.401  
22111900 22112112   0.632  0.640  
22112600 22112812   3.159  2.937  
22120300 22120512   10.779  7.621  
22121000 22121212   15.755  17.468  
22121700 22121912   0.569  0.736  
22122400 22122612   7.289  6.827  
22123100 23010212   6.556  9.347  
23010700 23010912   7.365  9.893  
23011400 23011612   3.652  3.508  
23012100 23012312   1.610  1.655  
23012800 23013012   0.939  1.457  
23020400 23020612   7.796  13.808  
23021100 23021312   0.875  2.015  
23021800 23022012   0.704  0.983  
23022500 23022712   7.674  8.552  
23030400 23030612   3.942  2.766  
23031100 23031312   1.115  1.171  
23031800 23032012   0.634  0.624  
23032500 23032712   3.115  5.832  
23040100 23040312   8.746  13.585  
23040800 23041012   2.635  2.733  
23041500 23041712   1.073  0.694  
23042200 23042412   0.649  0.757  
23042900 23050112   9.674  10.026  
23050600 23050812   1.167  1.085  
23051300 23051512   5.663  6.338  
23052000 23052212   4.492  5.288  
23052700 23052912   5.698  8.119  
23060300 23060512   3.519  3.496  
23061000 23061212   3.610  3.364  
23061700 23061912   3.736  4.894  
23062400 23062612   3.501  3.290  
23070100 23070312   1.961  2.042  
23070800 23071012   1.058  1.678  
23071500 23071712   0.853  0.784  
23072200 23072412   3.605  3.162  
23072900 23073112   6.209  6.670  
23080500 23080712   3.416  2.751  
23081200 23081412   2.152  2.509  
23081900 23082112   6.435  4.833  
23082600 23082812   4.129  4.910  
23090200 23090412   8.613  8.391  
23090900 23091112   4.077  3.798  
23091600 23091812   2.164  2.033  
23092300 23092512   2.458  1.533  
23093000 23100212   2.687  3.085  
23100700 23100912   1.052  0.897  
23101400 23101612   2.637  3.725  
23102100 23102312   2.849  1.334  
23102800 23103012   0.464  0.272  
23110400 23110612   8.367  9.603  
23111100 23111312   12.541  16.369  
23111800 23112012   2.124  2.073  
23112500 23112712   1.156  1.348  
23120200 23120412   4.661  5.101  
23120900 23121112   4.845  5.261  
23121600 23121812   1.855  1.651  
23122300 23122512   9.815  9.232  
23123000 24010112   2.793  4.899  
24010600 24010812   9.366  15.533  
