22100100 22100312   0.393  0.000  0.435  0.000  
22100800 22101012   0.232  0.000  0.175  0.000  
22101500 22101712   0.400  0.000  0.561  0.000  
22102200 22102412   0.193  0.000  0.219  0.000  
22102900 22103112   -0.050  0.099  -0.037  0.215  
22110500 22110712   0.336  0.000  0.298  0.000  
22111200 22111412   0.000  0.981  -0.719  0.000  
22111900 22112112   0.315  0.000  0.318  0.000  
22112600 22112812   0.264  0.000  0.206  0.000  
22120300 22120512   0.256  0.000  0.205  0.000  
22121000 22121212   -0.086  0.004  -0.052  0.087  
22121700 22121912   0.260  0.000  0.236  0.000  
22122400 22122612   0.245  0.000  0.279  0.000  
22123100 23010212   -0.069  0.022  -0.193  0.000  
23010700 23010912   0.094  0.000  0.030  0.053  
23011400 23011612   0.426  0.000  0.372  0.002  
23012100 23012312   -0.103  0.001  -0.091  0.003  
23012800 23013012   0.072  0.018  0.169  0.000  
23020400 23020612   0.157  0.000  0.193  0.000  
23021100 23021312   0.070  0.014  -0.443  0.000  
23021800 23022012   0.139  0.000  0.130  0.000  
23022500 23022712   0.038  0.015  -0.066  0.000  
23030400 23030612   -0.057  0.056  -0.058  0.054  
23031100 23031312   0.223  0.000  0.166  0.000  
23031800 23032012   0.301  0.000  0.397  0.000  
23032500 23032712   0.343  0.000  0.154  0.000  
23040100 23040312   0.165  0.000  0.174  0.000  
23040800 23041012   -0.039  0.196  -0.103  0.001  
23041500 23041712   0.169  0.000  0.161  0.000  
23042200 23042412   0.505  0.000  0.497  0.000  
23042900 23050112   -0.624  0.000  -0.623  0.000  
23050600 23050812   0.234  0.000  0.240  0.000  
23051300 23051512   0.411  0.000  0.159  0.002  
23052000 23052212   -0.692  0.000  -0.681  0.000  
23052700 23052912   0.027  0.367  -0.023  0.448  
23060300 23060512   0.300  0.000  0.242  0.000  
23061000 23061212   -0.245  0.000  -0.211  0.000  
23061700 23061912   -0.130  0.000  -0.276  0.000  
23062400 23062612   -0.004  0.619  0.025  0.002  
23070100 23070312   0.001  0.970  -0.034  0.258  
23070800 23071012   0.080  0.008  0.075  0.012  
23071500 23071712   0.092  0.002  0.049  0.100  
23072200 23072412   -0.275  0.000  -0.167  0.000  
23072900 23073112   -0.130  0.000  -0.089  0.003  
23080500 23080712   0.197  0.000  0.232  0.000  
23081200 23081412   -0.026  0.392  -0.033  0.277  
23081900 23082112   0.159  0.000  0.160  0.000  
23082600 23082812   0.368  0.000  0.342  0.000  
23090200 23090412   0.242  0.000  0.267  0.000  
23090900 23091112   0.124  0.000  0.217  0.000  
23091600 23091812   -0.126  0.000  -0.015  0.609  
23092300 23092512   0.133  0.000  0.196  0.000  
23093000 23100212   0.067  0.027  0.043  0.151  
23100700 23100912   -0.214  0.000  0.379  0.000  
23101400 23101612   0.093  0.002  0.078  0.009  
23102100 23102312   0.090  0.003  0.088  0.003  
23102800 23103012   0.186  0.000  0.195  0.000  
23110400 23110612   -0.368  0.000  -0.298  0.000  
23111100 23111312   0.073  0.015  0.023  0.454  
23111800 23112012   0.771  0.000  0.773  0.000  
23112500 23112712   0.312  0.000  0.316  0.000  
23120200 23120412   0.335  0.000  0.337  0.000  
23120900 23121112   -0.367  0.000  -0.364  0.000  
23121600 23121812   -0.150  0.000  0.332  0.000  
23122300 23122512   -0.109  0.000  -0.091  0.002  
23123000 24010112   -0.045  0.133  -0.010  0.750  
24010600 24010812   0.114  0.000  -0.153  0.000  
