22100100 22100312   0.976  0.976  
22100800 22101012   2.210  2.210  
22101500 22101712   1.702  1.703  
22102200 22102412   1.008  1.009  
22102900 22103112   1.045  1.042  
22110500 22110712   2.379  2.380  
22111200 22111412   0.746  0.745  
22111900 22112112   0.585  0.579  
22112600 22112812   1.126  1.125  
22120300 22120512   1.394  1.395  
22121000 22121212   1.945  1.938  
22121700 22121912   2.121  2.114  
22122400 22122612   3.064  3.046  
22123100 23010212   1.073  1.072  
23010700 23010912   1.030  1.033  
23011400 23011612   1.287  1.285  
23012100 23012312   1.646  1.636  
23012800 23013012   1.467  1.464  
23020400 23020612   0.907  0.899  
23021100 23021312   0.857  0.862  
23021800 23022012   1.161  1.160  
23022500 23022712   0.943  0.942  
23030400 23030612   1.273  1.270  
23031100 23031312   0.844  0.841  
23031800 23032012   1.167  1.169  
23032500 23032712   0.414  0.415  
23040100 23040312   0.929  0.930  
23040800 23041012   1.607  1.612  
23041500 23041712   1.734  1.736  
23042200 23042412   0.989  0.984  
23042900 23050112   2.679  2.673  
23050600 23050812   1.146  1.154  
23051300 23051512   2.956  2.953  
23052000 23052212   3.162  3.160  
23052700 23052912   1.864  1.861  
23060300 23060512   1.149  1.148  
23061000 23061212   1.593  1.593  
23061700 23061912   0.983  0.983  
23062400 23062612   1.484  1.483  
23070100 23070312   0.711  0.709  
23070800 23071012   1.409  1.411  
23071500 23071712   2.602  2.597  
23072200 23072412   0.560  0.563  
23072900 23073112   0.824  0.824  
23080500 23080712   1.491  1.489  
23081200 23081412   1.411  1.413  
23081900 23082112   2.726  2.721  
23082600 23082812   1.765  1.759  
23090200 23090412   1.949  1.951  
23090900 23091112   3.456  3.459  
23091600 23091812   1.483  1.480  
23092300 23092512   3.247  3.248  
23093000 23100212   0.737  0.738  
23100700 23100912   2.250  2.248  
23101400 23101612   0.789  0.792  
23102100 23102312   2.312  2.308  
23102800 23103012   0.397  0.401  
