22100100 22100312   5.535  4.654  
22100800 22101012   8.309  7.453  
22101500 22101712   8.557  8.328  
22102200 22102412   8.938  8.065  
22102900 22103112   11.944  11.638  
22110500 22110712   16.380  15.783  
22111200 22111412   6.690  7.369  
22111900 22112112   6.404  5.181  
22112600 22112812   8.946  8.160  
22120300 22120512   12.784  11.886  
22121000 22121212   25.940  22.919  
22121700 22121912   6.082  5.886  
22122400 22122612   13.761  12.777  
22123100 23010212   13.770  14.103  
23010700 23010912   18.331  17.969  
23011400 23011612   11.226  10.613  
23012100 23012312   10.457  10.194  
23012800 23013012   7.828  7.721  
23020400 23020612   20.097  18.903  
23021100 23021312   9.552  10.454  
23021800 23022012   6.416  5.349  
23022500 23022712   5.845  5.640  
23030400 23030612   17.475  15.190  
23031100 23031312   9.828  9.027  
23031800 23032012   8.201  7.849  
23032500 23032712   10.546  10.724  
23040100 23040312   15.328  14.698  
23040800 23041012   13.679  12.625  
23041500 23041712   11.011  9.271  
23042200 23042412   8.866  8.736  
23042900 23050112   5.683  6.182  
23050600 23050812   7.934  7.756  
23051300 23051512   4.263  4.500  
23052000 23052212   8.898  8.174  
23052700 23052912   14.038  13.683  
23060300 23060512   7.036  6.871  
23061000 23061212   9.556  9.061  
23061700 23061912   10.312  8.645  
23062400 23062612   7.856  7.326  
23070100 23070312   11.785  10.459  
23070800 23071012   9.792  7.909  
23071500 23071712   4.434  4.364  
23072200 23072412   7.317  6.630  
23072900 23073112   6.005  5.631  
23080500 23080712   9.003  8.243  
23081200 23081412   6.055  4.996  
23081900 23082112   9.520  8.506  
23082600 23082812   3.876  3.488  
23090200 23090412   13.978  12.757  
23090900 23091112   4.065  3.480  
23091600 23091812   7.279  6.429  
23092300 23092512   9.136  8.073  
23093000 23100212   12.729  11.416  
23100700 23100912   6.527  6.444  
23101400 23101612   14.366  13.770  
23102100 23102312   14.089  12.203  
23102800 23103012   7.576  6.456  
