22100100 22100312   6.655  4.654  
22100800 22101012   9.086  7.453  
22101500 22101712   10.173  8.328  
22102200 22102412   7.469  8.065  
22102900 22103112   8.928  11.638  
22110500 22110712   15.403  15.783  
22111200 22111412   7.596  7.369  
22111900 22112112   5.792  5.181  
22112600 22112812   8.032  8.160  
22120300 22120512   8.269  11.886  
22121000 22121212   23.523  22.919  
22121700 22121912   4.976  5.886  
22122400 22122612   13.165  12.777  
22123100 23010212   11.968  14.103  
23010700 23010912   16.318  17.969  
23011400 23011612   11.188  10.613  
23012100 23012312   7.424  10.194  
23012800 23013012   6.663  7.721  
23020400 23020612   15.685  18.903  
23021100 23021312   8.094  10.454  
23021800 23022012   5.137  5.349  
23022500 23022712   5.247  5.640  
23030400 23030612   14.147  15.190  
23031100 23031312   9.097  9.027  
23031800 23032012   6.158  7.849  
23032500 23032712   11.504  10.724  
23040100 23040312   12.610  14.698  
23040800 23041012   12.895  12.625  
23041500 23041712   8.451  9.271  
23042200 23042412   7.592  8.736  
23042900 23050112   5.499  6.182  
23050600 23050812   6.289  7.756  
23051300 23051512   4.436  4.500  
23052000 23052212   7.216  8.174  
23052700 23052912   11.079  13.683  
23060300 23060512   6.450  6.871  
23061000 23061212   10.304  9.061  
23061700 23061912   9.483  8.645  
23062400 23062612   6.592  7.326  
23070100 23070312   8.994  10.459  
23070800 23071012   10.505  7.909  
23071500 23071712   3.602  4.364  
23072200 23072412   6.618  6.630  
23072900 23073112   6.238  5.631  
23080500 23080712   7.975  8.243  
23081200 23081412   5.514  4.996  
23081900 23082112   8.217  8.506  
23082600 23082812   3.968  3.488  
23090200 23090412   14.326  12.757  
23090900 23091112   3.513  3.480  
23091600 23091812   7.630  6.429  
23092300 23092512   8.372  8.073  
23093000 23100212   13.303  11.416  
23100700 23100912   6.606  6.444  
23101400 23101612   12.753  13.770  
23102100 23102312   14.843  12.203  
23102800 23103012   6.949  6.456  
