22100100 22100312   4.938  4.654  
22100800 22101012   7.626  7.453  
22101500 22101712   8.198  8.328  
22102200 22102412   8.469  8.065  
22102900 22103112   11.824  11.638  
22110500 22110712   15.782  15.783  
22111200 22111412   6.791  7.369  
22111900 22112112   5.759  5.181  
22112600 22112812   7.931  8.160  
22120300 22120512   12.730  11.886  
22121000 22121212   24.644  22.919  
22121700 22121912   5.672  5.886  
22122400 22122612   12.832  12.777  
22123100 23010212   13.615  14.103  
23010700 23010912   18.199  17.969  
23011400 23011612   10.823  10.613  
23012100 23012312   10.100  10.194  
23012800 23013012   7.822  7.721  
23020400 23020612   19.582  18.903  
23021100 23021312   9.901  10.454  
23021800 23022012   5.812  5.349  
23022500 23022712   5.679  5.640  
23030400 23030612   16.142  15.190  
23031100 23031312   9.208  9.027  
23031800 23032012   8.167  7.849  
23032500 23032712   10.358  10.724  
23040100 23040312   14.913  14.698  
23040800 23041012   13.056  12.625  
23041500 23041712   10.648  9.271  
23042200 23042412   8.545  8.736  
23042900 23050112   5.923  6.182  
23050600 23050812   7.139  7.756  
23051300 23051512   4.401  4.500  
23052000 23052212   8.527  8.174  
23052700 23052912   13.652  13.683  
23060300 23060512   7.094  6.871  
23061000 23061212   8.870  9.061  
23061700 23061912   9.321  8.645  
23062400 23062612   7.235  7.326  
23070100 23070312   10.951  10.459  
23070800 23071012   8.576  7.909  
23071500 23071712   4.413  4.364  
23072200 23072412   6.629  6.630  
23072900 23073112   5.453  5.631  
23080500 23080712   8.715  8.243  
23081200 23081412   5.563  4.996  
23081900 23082112   8.617  8.506  
23082600 23082812   3.386  3.488  
23090200 23090412   13.171  12.757  
23090900 23091112   3.795  3.480  
23091600 23091812   6.830  6.429  
23092300 23092512   8.372  8.073  
23093000 23100212   11.927  11.416  
23100700 23100912   6.243  6.444  
23101400 23101612   13.907  13.770  
23102100 23102312   12.757  12.203  
23102800 23103012   6.943  6.456  
