22100100 22100312   0.761  0.000  0.851  0.000  
22100800 22101012   0.622  0.000  0.535  0.000  
22101500 22101712   0.680  0.000  0.689  0.000  
22102200 22102412   0.458  0.000  0.608  0.000  
22102900 22103112   -0.129  0.205  0.003  0.978  
22110500 22110712   0.576  0.000  0.537  0.000  
22111200 22111412   -0.366  0.000  -0.625  0.000  
22111900 22112112   0.711  0.000  0.723  0.000  
22112600 22112812   0.322  0.001  0.296  0.003  
22120300 22120512   0.317  0.001  0.316  0.002  
22121000 22121212   -0.102  0.318  -0.067  0.515  
22121700 22121912   0.356  0.001  0.348  0.001  
22122400 22122612   0.479  0.000  0.484  0.000  
22123100 23010212   -0.091  0.373  -0.150  0.140  
23010700 23010912   0.306  0.000  0.168  0.043  
23011400 23011612   0.471  0.000  0.375  0.003  
23012100 23012312   -0.220  0.029  -0.054  0.600  
23012800 23013012   0.115  0.301  0.326  0.003  
23020400 23020612   0.282  0.005  0.340  0.001  
23021100 23021312   -0.159  0.081  -0.412  0.000  
23021800 23022012   0.377  0.000  0.244  0.000  
23022500 23022712   0.256  0.002  -0.127  0.128  
23030400 23030612   -0.052  0.610  -0.176  0.084  
23031100 23031312   0.211  0.037  0.048  0.641  
23031800 23032012   -0.010  0.917  0.298  0.001  
23032500 23032712   0.384  0.000  0.389  0.000  
23040100 23040312   0.407  0.000  0.338  0.002  
23040800 23041012   0.086  0.400  0.071  0.489  
23041500 23041712   0.364  0.000  0.553  0.000  
23042200 23042412   0.315  0.000  0.302  0.000  
23042900 23050112   -0.350  0.000  -0.408  0.000  
23050600 23050812   0.149  0.142  0.104  0.310  
23051300 23051512   0.498  0.000  0.277  0.008  
23052000 23052212   -0.357  0.000  -0.267  0.001  
23052700 23052912   -0.447  0.000  -0.260  0.010  
23060300 23060512   0.229  0.023  0.190  0.061  
23061000 23061212   -0.359  0.000  -0.371  0.000  
23061700 23061912   -0.353  0.000  -0.474  0.000  
23062400 23062612   0.277  0.000  0.190  0.008  
23070100 23070312   0.092  0.370  0.030  0.767  
23070800 23071012   0.200  0.049  0.123  0.226  
23071500 23071712   0.174  0.077  -0.023  0.813  
23072200 23072412   -0.061  0.552  0.025  0.810  
23072900 23073112   0.161  0.114  0.037  0.717  
23080500 23080712   0.405  0.000  0.485  0.000  
23081200 23081412   0.143  0.161  -0.013  0.898  
23081900 23082112   0.495  0.000  0.446  0.000  
23082600 23082812   0.307  0.001  0.778  0.000  
23090200 23090412   0.364  0.000  0.370  0.000  
23090900 23091112   0.053  0.560  0.653  0.000  
23091600 23091812   -0.340  0.000  -0.294  0.001  
23092300 23092512   0.255  0.002  0.427  0.000  
23093000 23100212   0.387  0.000  0.338  0.001  
23100700 23100912   -0.313  0.002  0.265  0.008  
23101400 23101612   0.301  0.003  0.262  0.009  
23102100 23102312   0.312  0.000  0.135  0.125  
23102800 23103012   0.481  0.000  0.579  0.000  
