22100100 22100312   0.380  0.000  0.438  0.000  
22100800 22101012   0.267  0.000  0.130  0.000  
22101500 22101712   0.399  0.000  0.560  0.000  
22102200 22102412   0.216  0.000  0.219  0.000  
22102900 22103112   -0.182  0.000  -0.062  0.040  
22110500 22110712   0.336  0.000  0.298  0.000  
22111200 22111412   0.231  0.000  -0.719  0.000  
22111900 22112112   0.318  0.000  0.318  0.000  
22112600 22112812   0.269  0.000  0.210  0.000  
22120300 22120512   0.312  0.000  0.245  0.000  
22121000 22121212   -0.073  0.015  -0.052  0.087  
22121700 22121912   0.259  0.000  0.236  0.000  
22122400 22122612   0.111  0.000  0.279  0.000  
22123100 23010212   -0.130  0.000  -0.185  0.000  
23010700 23010912   0.082  0.000  0.029  0.058  
23011400 23011612   0.523  0.000  0.403  0.001  
23012100 23012312   -0.062  0.038  -0.089  0.003  
23012800 23013012   0.181  0.000  0.169  0.000  
23020400 23020612   0.170  0.000  0.197  0.000  
23021100 23021312   0.188  0.000  -0.443  0.000  
23021800 23022012   -0.024  0.002  0.130  0.000  
23022500 23022712   0.063  0.000  -0.066  0.000  
23030400 23030612   -0.085  0.005  -0.059  0.049  
23031100 23031312   0.227  0.000  0.173  0.000  
23031800 23032012   0.098  0.001  0.396  0.000  
23032500 23032712   0.335  0.000  0.159  0.000  
23040100 23040312   0.174  0.000  0.173  0.000  
23040800 23041012   0.005  0.868  -0.105  0.000  
23041500 23041712   0.156  0.000  0.160  0.000  
23042200 23042412   0.450  0.000  0.498  0.000  
23042900 23050112   -0.587  0.000  -0.623  0.000  
23050600 23050812   0.274  0.000  0.228  0.000  
23051300 23051512   0.363  0.000  0.150  0.004  
23052000 23052212   -0.705  0.000  -0.674  0.000  
23052700 23052912   -0.115  0.000  -0.035  0.240  
23060300 23060512   0.302  0.000  0.252  0.000  
23061000 23061212   -0.309  0.000  -0.211  0.000  
23061700 23061912   -0.149  0.000  -0.275  0.000  
23062400 23062612   0.016  0.045  0.022  0.004  
23070100 23070312   -0.009  0.764  -0.044  0.140  
23070800 23071012   0.077  0.010  0.070  0.020  
23071500 23071712   0.112  0.000  0.054  0.073  
23072200 23072412   -0.227  0.000  -0.116  0.000  
23072900 23073112   -0.112  0.000  -0.106  0.000  
23080500 23080712   0.168  0.000  0.232  0.000  
23081200 23081412   -0.003  0.915  -0.033  0.274  
23081900 23082112   0.144  0.000  0.159  0.000  
23082600 23082812   0.310  0.000  0.362  0.000  
23090200 23090412   0.246  0.000  0.263  0.000  
23090900 23091112   -0.026  0.097  0.131  0.000  
23091600 23091812   -0.164  0.000  -0.200  0.000  
23092300 23092512   0.088  0.000  0.196  0.000  
23093000 23100212   0.023  0.445  0.054  0.071  
23100700 23100912   -0.253  0.000  0.379  0.000  
23101400 23101612   0.084  0.005  0.102  0.001  
23102100 23102312   0.001  0.973  0.042  0.006  
23102800 23103012   0.192  0.000  0.195  0.000  
23110400 23110612   -0.260  0.000  -0.299  0.000  
23111100 23111312   0.046  0.131  0.022  0.462  
23111800 23112012   0.715  0.000  0.747  0.000  
23112500 23112712   0.684  0.000  0.720  0.000  
23120200 23120412   0.307  0.000  0.337  0.000  
23120900 23121112   -0.566  0.000  -0.563  0.000  
23121600 23121812   -0.154  0.000  0.332  0.000  
23122300 23122512   -0.015  0.609  -0.091  0.002  
23123000 24010112   -0.070  0.019  -0.050  0.099  
24010600 24010812   0.043  0.005  -0.146  0.000  
