22100100 22100312   7.465  4.654  
22100800 22101012   9.483  7.453  
22101500 22101712   11.456  8.328  
22102200 22102412   7.073  8.065  
22102900 22103112   9.358  11.638  
22110500 22110712   16.060  15.783  
22111200 22111412   7.819  7.369  
22111900 22112112   5.363  5.181  
22112600 22112812   8.488  8.160  
22120300 22120512   8.673  11.886  
22121000 22121212   24.184  22.919  
22121700 22121912   5.044  5.886  
22122400 22122612   13.498  12.777  
22123100 23010212   12.470  14.103  
23010700 23010912   16.813  17.969  
23011400 23011612   11.395  10.613  
23012100 23012312   7.786  10.194  
23012800 23013012   7.158  7.721  
23020400 23020612   15.052  18.903  
23021100 23021312   8.770  10.454  
23021800 23022012   5.427  5.349  
23022500 23022712   5.476  5.640  
23030400 23030612   13.897  15.190  
23031100 23031312   9.113  9.027  
23031800 23032012   6.424  7.849  
23032500 23032712   11.548  10.724  
23040100 23040312   12.649  14.698  
23040800 23041012   13.558  12.625  
23041500 23041712   8.590  9.271  
23042200 23042412   7.588  8.736  
23042900 23050112   5.517  6.182  
23050600 23050812   6.487  7.756  
23051300 23051512   4.240  4.500  
23052000 23052212   7.563  8.174  
23052700 23052912   12.188  13.683  
23060300 23060512   6.673  6.871  
23061000 23061212   10.540  9.061  
23061700 23061912   9.524  8.645  
23062400 23062612   6.989  7.326  
23070100 23070312   9.404  10.459  
23070800 23071012   10.542  7.909  
23071500 23071712   3.614  4.364  
23072200 23072412   6.791  6.630  
23072900 23073112   6.546  5.631  
23080500 23080712   8.303  8.243  
23081200 23081412   5.467  4.996  
23081900 23082112   8.427  8.506  
23082600 23082812   4.020  3.488  
23090200 23090412   14.651  12.757  
23090900 23091112   3.962  3.480  
23091600 23091812   7.832  6.429  
23092300 23092512   8.224  8.073  
23093000 23100212   14.615  11.416  
23100700 23100912   6.441  6.444  
23101400 23101612   13.073  13.770  
23102100 23102312   15.284  12.203  
23102800 23103012   6.845  6.456  
