22100100 22100312   3.206  3.173  
22100800 22101012   1.967  2.058  
22101500 22101712   1.379  1.370  
22102200 22102412   2.242  2.001  
22102900 22103112   2.808  2.637  
22110500 22110712   7.795  7.668  
22111200 22111412   1.241  1.201  
22111900 22112112   0.798  0.841  
22112600 22112812   6.215  5.155  
22120300 22120512   8.438  8.112  
22121000 22121212   15.090  14.712  
22121700 22121912   1.283  1.557  
22122400 22122612   4.720  4.797  
22123100 23010212   5.041  5.147  
23010700 23010912   8.013  7.835  
23011400 23011612   2.696  2.673  
23012100 23012312   2.431  2.438  
23012800 23013012   3.076  2.754  
23020400 23020612   8.733  8.196  
23021100 23021312   1.754  1.646  
23021800 23022012   1.017  1.111  
23022500 23022712   7.041  6.878  
23030400 23030612   4.801  5.068  
23031100 23031312   2.030  2.091  
23031800 23032012   0.978  0.961  
23032500 23032712   3.925  4.352  
23040100 23040312   7.659  7.852  
23040800 23041012   5.679  5.442  
23041500 23041712   1.662  1.563  
23042200 23042412   1.129  1.097  
23042900 23050112   4.620  4.590  
23050600 23050812   1.847  1.874  
23051300 23051512   4.013  3.992  
23052000 23052212   2.843  2.984  
23052700 23052912   5.613  6.347  
23060300 23060512   6.022  6.012  
23061000 23061212   3.865  4.008  
23061700 23061912   5.190  5.439  
23062400 23062612   2.706  2.910  
23070100 23070312   4.332  4.460  
23070800 23071012   2.326  2.343  
23071500 23071712   1.150  1.160  
23072200 23072412   2.382  2.505  
23072900 23073112   4.064  4.208  
23080500 23080712   2.776  3.023  
23081200 23081412   3.961  3.977  
23081900 23082112   3.774  4.188  
23082600 23082812   2.971  3.002  
23090200 23090412   5.758  5.782  
23090900 23091112   2.644  2.590  
23091600 23091812   2.323  2.372  
23092300 23092512   3.356  3.255  
23093000 23100212   2.973  3.251  
23100700 23100912   1.209  1.212  
23101400 23101612   4.071  4.186  
23102100 23102312   1.757  1.994  
23102800 23103012   0.504  0.531  
