22100100 22100312   1.315  1.319  
22100800 22101012   2.393  2.331  
22101500 22101712   2.029  1.997  
22102200 22102412   0.555  0.491  
22102900 22103112   0.765  0.746  
22110500 22110712   2.329  2.324  
22111200 22111412   0.884  0.914  
22111900 22112112   1.323  1.279  
22112600 22112812   0.767  0.712  
22120300 22120512   1.355  1.409  
22121000 22121212   1.795  1.732  
22121700 22121912   1.803  1.805  
22122400 22122612   3.395  3.502  
22123100 23010212   1.261  1.233  
23010700 23010912   0.661  0.689  
23011400 23011612   0.798  0.791  
23012100 23012312   0.986  0.961  
23012800 23013012   0.683  0.668  
23020400 23020612   1.822  1.842  
23021100 23021312   0.521  0.463  
23021800 23022012   2.053  2.042  
23022500 23022712   1.737  1.702  
23030400 23030612   1.876  1.854  
23031100 23031312   1.716  1.667  
23031800 23032012   1.841  1.858  
23032500 23032712   1.069  1.054  
23040100 23040312   1.190  1.154  
23040800 23041012   1.506  1.508  
23041500 23041712   1.358  1.292  
23042200 23042412   1.330  1.351  
23042900 23050112   2.339  2.412  
23050600 23050812   1.580  1.550  
23051300 23051512   3.754  3.905  
23052000 23052212   2.391  2.419  
23052700 23052912   1.347  1.266  
23060300 23060512   2.003  2.131  
23061000 23061212   1.386  1.365  
23061700 23061912   1.169  1.213  
23062400 23062612   1.523  1.470  
23070100 23070312   0.699  0.723  
23070800 23071012   1.444  1.315  
23071500 23071712   2.740  2.901  
23072200 23072412   1.100  1.148  
23072900 23073112   1.089  1.155  
23080500 23080712   0.909  0.917  
23081200 23081412   2.031  2.080  
23081900 23082112   2.632  2.613  
23082600 23082812   1.258  1.371  
23090200 23090412   2.132  2.114  
23090900 23091112   3.274  3.383  
23091600 23091812   1.519  1.536  
23092300 23092512   3.166  3.147  
23093000 23100212   0.885  0.852  
23100700 23100912   2.106  2.198  
23101400 23101612   0.751  0.710  
23102100 23102312   1.927  1.993  
23102800 23103012   0.469  0.476  
