22100100 22100312   5.105  4.654  
22100800 22101012   7.838  7.453  
22101500 22101712   8.207  8.328  
22102200 22102412   8.562  8.065  
22102900 22103112   11.789  11.638  
22110500 22110712   15.660  15.783  
22111200 22111412   6.652  7.369  
22111900 22112112   5.882  5.181  
22112600 22112812   8.392  8.160  
22120300 22120512   12.501  11.886  
22121000 22121212   24.722  22.919  
22121700 22121912   5.825  5.886  
22122400 22122612   13.113  12.777  
22123100 23010212   13.444  14.103  
23010700 23010912   18.009  17.969  
23011400 23011612   10.912  10.613  
23012100 23012312   10.105  10.194  
23012800 23013012   7.677  7.721  
23020400 23020612   19.615  18.903  
23021100 23021312   9.602  10.454  
23021800 23022012   5.885  5.349  
23022500 23022712   5.690  5.640  
23030400 23030612   16.509  15.190  
23031100 23031312   9.314  9.027  
23031800 23032012   7.955  7.849  
23032500 23032712   10.275  10.724  
23040100 23040312   14.927  14.698  
23040800 23041012   13.124  12.625  
23041500 23041712   10.624  9.271  
23042200 23042412   8.612  8.736  
23042900 23050112   5.708  6.182  
23050600 23050812   7.323  7.756  
23051300 23051512   4.284  4.500  
23052000 23052212   8.592  8.174  
23052700 23052912   13.761  13.683  
23060300 23060512   7.040  6.871  
23061000 23061212   8.968  9.061  
23061700 23061912   9.555  8.645  
23062400 23062612   7.332  7.326  
23070100 23070312   11.173  10.459  
23070800 23071012   8.887  7.909  
23071500 23071712   4.368  4.364  
23072200 23072412   6.740  6.630  
23072900 23073112   5.582  5.631  
23080500 23080712   8.789  8.243  
23081200 23081412   5.695  4.996  
23081900 23082112   8.859  8.506  
23082600 23082812   3.548  3.488  
23090200 23090412   13.378  12.757  
23090900 23091112   3.867  3.480  
23091600 23091812   7.019  6.429  
23092300 23092512   8.550  8.073  
23093000 23100212   12.154  11.416  
23100700 23100912   6.192  6.444  
23101400 23101612   13.939  13.770  
23102100 23102312   13.169  12.203  
23102800 23103012   6.948  6.456  
