22100100 22100312   5.259  4.654  
22100800 22101012   8.347  7.453  
22101500 22101712   8.847  8.328  
22102200 22102412   8.220  8.065  
22102900 22103112   11.403  11.638  
22110500 22110712   15.714  15.783  
22111200 22111412   6.949  7.369  
22111900 22112112   6.371  5.181  
22112600 22112812   9.745  8.160  
22120300 22120512   11.305  11.886  
22121000 22121212   25.846  22.919  
22121700 22121912   5.885  5.886  
22122400 22122612   13.420  12.777  
22123100 23010212   13.176  14.103  
23010700 23010912   16.869  17.969  
23011400 23011612   10.806  10.613  
23012100 23012312   9.926  10.194  
23012800 23013012   8.046  7.721  
23020400 23020612   20.352  18.903  
23021100 23021312   8.022  10.454  
23021800 23022012   6.278  5.349  
23022500 23022712   5.633  5.640  
23030400 23030612   17.997  15.190  
23031100 23031312   9.583  9.027  
23031800 23032012   7.110  7.849  
23032500 23032712   9.316  10.724  
23040100 23040312   15.263  14.698  
23040800 23041012   13.686  12.625  
23041500 23041712   10.562  9.271  
23042200 23042412   8.547  8.736  
23042900 23050112   4.837  6.182  
23050600 23050812   7.892  7.756  
23051300 23051512   4.092  4.500  
23052000 23052212   7.967  8.174  
23052700 23052912   12.223  13.683  
23060300 23060512   6.677  6.871  
23061000 23061212   9.350  9.061  
23061700 23061912   10.782  8.645  
23062400 23062612   7.249  7.326  
23070100 23070312   10.950  10.459  
23070800 23071012   9.863  7.909  
23071500 23071712   4.123  4.364  
23072200 23072412   7.068  6.630  
23072900 23073112   5.759  5.631  
23080500 23080712   8.073  8.243  
23081200 23081412   6.161  4.996  
23081900 23082112   8.479  8.506  
23082600 23082812   4.050  3.488  
23090200 23090412   13.057  12.757  
23090900 23091112   3.511  3.480  
23091600 23091812   6.700  6.429  
23092300 23092512   9.285  8.073  
23093000 23100212   12.212  11.416  
23100700 23100912   6.398  6.444  
23101400 23101612   13.693  13.770  
23102100 23102312   13.769  12.203  
23102800 23103012   7.501  6.456  
