22100100 22100312   0.001  0.001  
22100800 22101012   0.001  0.000  
22101500 22101712   0.001  0.000  
22102200 22102412   0.742  0.761  
22102900 22103112   1.365  1.336  
22110500 22110712   0.913  0.909  
22111200 22111412   0.001  0.001  
22111900 22112112   0.069  0.069  
22112600 22112812   0.177  0.194  
22120300 22120512   0.408  0.348  
22121000 22121212   0.881  0.830  
22121700 22121912   0.143  0.142  
22122400 22122612   1.635  1.664  
22123100 23010212   0.439  0.437  
23010700 23010912   0.752  0.756  
23011400 23011612   0.883  0.918  
23012100 23012312   0.423  0.436  
23012800 23013012   0.007  0.004  
23020400 23020612   0.548  0.554  
23021100 23021312   0.201  0.206  
23021800 23022012   0.103  0.105  
23022500 23022712   0.640  0.637  
23030400 23030612   0.372  0.363  
23031100 23031312   0.515  0.521  
23031800 23032012   0.013  0.011  
23032500 23032712   0.416  0.410  
23040100 23040312   0.555  0.516  
23040800 23041012   0.893  0.890  
23041500 23041712   0.756  0.760  
23042200 23042412   1.138  1.142  
23042900 23050112   0.011  0.011  
23050600 23050812   0.370  0.395  
23051300 23051512   0.001  0.001  
23052000 23052212   0.101  0.101  
23052700 23052912   0.013  0.010  
23060300 23060512   0.001  0.001  
23061000 23061212   0.695  0.681  
23061700 23061912   0.143  0.143  
23062400 23062612   0.046  0.046  
23070100 23070312   0.003  0.004  
23070800 23071012   0.044  0.031  
23071500 23071712   0.001  0.001  
23072200 23072412   0.007  0.008  
23072900 23073112   0.004  0.004  
23080500 23080712   0.002  0.003  
23081200 23081412   0.003  0.002  
23081900 23082112   0.001  0.001  
23082600 23082812   0.010  0.009  
23090200 23090412   0.028  0.029  
23090900 23091112   0.001  0.001  
23091600 23091812   0.045  0.045  
23092300 23092512   0.380  0.376  
23093000 23100212   0.002  0.003  
23100700 23100912   0.001  0.000  
23101400 23101612   0.594  0.584  
23102100 23102312   0.018  0.018  
23102800 23103012   0.000  0.000  
