22100100 22100312   7.917  5.867  
22100800 22101012   9.487  7.918  
22101500 22101712   10.349  8.460  
22102200 22102412   8.162  8.355  
22102900 22103112   9.784  12.150  
22110500 22110712   17.519  17.388  
22111200 22111412   7.752  7.487  
22111900 22112112   6.058  5.346  
22112600 22112812   9.132  9.409  
22120300 22120512   10.742  14.421  
22121000 22121212   24.335  23.523  
22121700 22121912   5.508  6.410  
22122400 22122612   13.568  13.108  
22123100 23010212   12.821  14.617  
23010700 23010912   16.845  18.404  
23011400 23011612   11.755  11.135  
23012100 23012312   8.808  11.022  
23012800 23013012   6.879  8.408  
23020400 23020612   16.082  19.348  
23021100 23021312   8.669  10.977  
23021800 23022012   5.877  6.099  
23022500 23022712   6.660  7.083  
23030400 23030612   14.902  15.915  
23031100 23031312   9.993  9.945  
23031800 23032012   6.567  8.099  
23032500 23032712   12.828  11.691  
23040100 23040312   13.360  15.975  
23040800 23041012   13.972  14.298  
23041500 23041712   8.751  9.565  
23042200 23042412   8.100  9.259  
23042900 23050112   6.316  6.722  
23050600 23050812   6.703  8.201  
23051300 23051512   5.413  5.041  
23052000 23052212   7.836  8.503  
23052700 23052912   12.096  14.363  
23060300 23060512   7.269  7.543  
23061000 23061212   11.203  9.702  
23061700 23061912   11.983  11.049  
23062400 23062612   8.288  8.162  
23070100 23070312   10.918  11.909  
23070800 23071012   11.091  8.630  
23071500 23071712   3.871  4.682  
23072200 23072412   7.657  7.314  
23072900 23073112   7.693  7.285  
23080500 23080712   8.664  8.585  
23081200 23081412   6.799  5.775  
23081900 23082112   9.129  9.618  
23082600 23082812   4.913  4.155  
23090200 23090412   14.770  13.181  
23090900 23091112   4.554  3.866  
23091600 23091812   8.389  7.129  
23092300 23092512   9.523  9.105  
23093000 23100212   13.688  11.983  
23100700 23100912   7.274  6.732  
23101400 23101612   13.079  14.075  
23102100 23102312   15.117  12.502  
23102800 23103012   7.388  6.799  
