22100100 22100312   6.009  5.867  
22100800 22101012   8.051  7.918  
22101500 22101712   8.325  8.460  
22102200 22102412   8.919  8.355  
22102900 22103112   12.256  12.150  
22110500 22110712   17.090  17.388  
22111200 22111412   6.985  7.487  
22111900 22112112   5.868  5.346  
22112600 22112812   9.056  9.409  
22120300 22120512   15.336  14.421  
22121000 22121212   24.667  23.523  
22121700 22121912   5.937  6.410  
22122400 22122612   12.970  13.108  
22123100 23010212   14.128  14.617  
23010700 23010912   18.500  18.404  
23011400 23011612   11.328  11.135  
23012100 23012312   10.996  11.022  
23012800 23013012   8.530  8.408  
23020400 23020612   20.224  19.348  
23021100 23021312   10.454  10.977  
23021800 23022012   6.265  6.099  
23022500 23022712   7.174  7.083  
23030400 23030612   16.560  15.915  
23031100 23031312   9.884  9.945  
23031800 23032012   8.365  8.099  
23032500 23032712   11.176  11.691  
23040100 23040312   15.997  15.975  
23040800 23041012   14.676  14.298  
23041500 23041712   10.511  9.565  
23042200 23042412   9.144  9.259  
23042900 23050112   6.448  6.722  
23050600 23050812   7.457  8.201  
23051300 23051512   4.997  5.041  
23052000 23052212   8.742  8.503  
23052700 23052912   14.202  14.363  
23060300 23060512   7.755  7.543  
23061000 23061212   9.426  9.702  
23061700 23061912   11.474  11.049  
23062400 23062612   8.138  8.162  
23070100 23070312   12.192  11.909  
23070800 23071012   9.087  8.630  
23071500 23071712   4.702  4.682  
23072200 23072412   7.100  7.314  
23072900 23073112   7.052  7.285  
23080500 23080712   8.919  8.585  
23081200 23081412   6.206  5.775  
23081900 23082112   9.247  9.618  
23082600 23082812   4.167  4.155  
23090200 23090412   13.478  13.181  
23090900 23091112   4.157  3.866  
23091600 23091812   7.453  7.129  
23092300 23092512   9.257  9.105  
23093000 23100212   12.212  11.983  
23100700 23100912   6.513  6.732  
23101400 23101612   14.069  14.075  
23102100 23102312   12.874  12.502  
23102800 23103012   7.287  6.799  
