22100100 22100312   9.494  5.867  
22100800 22101012   10.652  7.918  
22101500 22101712   12.909  8.460  
22102200 22102412   8.448  8.355  
22102900 22103112   10.821  12.150  
22110500 22110712   18.821  17.388  
22111200 22111412   8.145  7.487  
22111900 22112112   5.145  5.346  
22112600 22112812   9.758  9.409  
22120300 22120512   11.032  14.421  
22121000 22121212   25.770  23.523  
22121700 22121912   5.643  6.410  
22122400 22122612   14.102  13.108  
22123100 23010212   14.366  14.617  
23010700 23010912   18.018  18.404  
23011400 23011612   12.328  11.135  
23012100 23012312   9.213  11.022  
23012800 23013012   7.770  8.408  
23020400 23020612   15.571  19.348  
23021100 23021312   9.800  10.977  
23021800 23022012   6.710  6.099  
23022500 23022712   7.004  7.083  
23030400 23030612   15.065  15.915  
23031100 23031312   10.154  9.945  
23031800 23032012   7.214  8.099  
23032500 23032712   14.066  11.691  
23040100 23040312   13.324  15.975  
23040800 23041012   15.678  14.298  
23041500 23041712   9.096  9.565  
23042200 23042412   8.223  9.259  
23042900 23050112   6.531  6.722  
23050600 23050812   7.603  8.201  
23051300 23051512   5.284  5.041  
23052000 23052212   9.211  8.503  
23052700 23052912   15.431  14.363  
23060300 23060512   7.693  7.543  
23061000 23061212   11.821  9.702  
23061700 23061912   13.552  11.049  
23062400 23062612   9.061  8.162  
23070100 23070312   12.250  11.909  
23070800 23071012   11.259  8.630  
23071500 23071712   4.104  4.682  
23072200 23072412   8.113  7.314  
23072900 23073112   8.303  7.285  
23080500 23080712   9.860  8.585  
23081200 23081412   7.259  5.775  
23081900 23082112   10.405  9.618  
23082600 23082812   5.112  4.155  
23090200 23090412   15.879  13.181  
23090900 23091112   5.456  3.866  
23091600 23091812   9.406  7.129  
23092300 23092512   9.235  9.105  
23093000 23100212   15.695  11.983  
23100700 23100912   7.074  6.732  
23101400 23101612   13.862  14.075  
23102100 23102312   16.466  12.502  
23102800 23103012   6.491  6.799  
