22100100 22100312   7.059  5.867  
22100800 22101012   9.140  7.918  
22101500 22101712   9.894  8.460  
22102200 22102412   8.664  8.355  
22102900 22103112   10.896  12.150  
22110500 22110712   17.218  17.388  
22111200 22111412   7.225  7.487  
22111900 22112112   6.322  5.346  
22112600 22112812   10.307  9.409  
22120300 22120512   12.593  14.421  
22121000 22121212   24.860  23.523  
22121700 22121912   6.186  6.410  
22122400 22122612   13.194  13.108  
22123100 23010212   12.583  14.617  
23010700 23010912   16.470  18.404  
23011400 23011612   11.022  11.135  
23012100 23012312   10.041  11.022  
23012800 23013012   7.511  8.408  
23020400 23020612   17.354  19.348  
23021100 23021312   8.786  10.977  
23021800 23022012   6.612  6.099  
23022500 23022712   7.083  7.083  
23030400 23030612   16.832  15.915  
23031100 23031312   10.146  9.945  
23031800 23032012   6.998  8.099  
23032500 23032712   11.604  11.691  
23040100 23040312   13.714  15.975  
23040800 23041012   14.237  14.298  
23041500 23041712   9.726  9.565  
23042200 23042412   8.631  9.259  
23042900 23050112   6.045  6.722  
23050600 23050812   7.428  8.201  
23051300 23051512   5.152  5.041  
23052000 23052212   8.213  8.503  
23052700 23052912   12.399  14.363  
23060300 23060512   7.230  7.543  
23061000 23061212   10.532  9.702  
23061700 23061912   12.579  11.049  
23062400 23062612   8.630  8.162  
23070100 23070312   12.501  11.909  
23070800 23071012   10.809  8.630  
23071500 23071712   4.256  4.682  
23072200 23072412   7.742  7.314  
23072900 23073112   7.715  7.285  
23080500 23080712   8.718  8.585  
23081200 23081412   7.454  5.775  
23081900 23082112   9.591  9.618  
23082600 23082812   4.695  4.155  
23090200 23090412   13.815  13.181  
23090900 23091112   4.338  3.866  
23091600 23091812   7.850  7.129  
23092300 23092512   10.052  9.105  
23093000 23100212   12.292  11.983  
23100700 23100912   6.805  6.732  
23101400 23101612   13.120  14.075  
23102100 23102312   14.459  12.502  
23102800 23103012   7.519  6.799  
