22100100 22100312   6.624  5.867  
22100800 22101012   8.856  7.918  
22101500 22101712   8.796  8.460  
22102200 22102412   9.374  8.355  
22102900 22103112   12.300  12.150  
22110500 22110712   17.564  17.388  
22111200 22111412   6.875  7.487  
22111900 22112112   6.650  5.346  
22112600 22112812   10.358  9.409  
22120300 22120512   14.716  14.421  
22121000 22121212   26.503  23.523  
22121700 22121912   6.397  6.410  
22122400 22122612   13.803  13.108  
22123100 23010212   13.592  14.617  
23010700 23010912   17.787  18.404  
23011400 23011612   11.622  11.135  
23012100 23012312   11.220  11.022  
23012800 23013012   8.254  8.408  
23020400 23020612   19.933  19.348  
23021100 23021312   8.866  10.977  
23021800 23022012   6.976  6.099  
23022500 23022712   7.654  7.083  
23030400 23030612   18.518  15.915  
23031100 23031312   10.468  9.945  
23031800 23032012   7.851  8.099  
23032500 23032712   10.890  11.691  
23040100 23040312   16.301  15.975  
23040800 23041012   15.127  14.298  
23041500 23041712   10.868  9.565  
23042200 23042412   9.395  9.259  
23042900 23050112   5.881  6.722  
23050600 23050812   8.249  8.201  
23051300 23051512   5.004  5.041  
23052000 23052212   8.508  8.503  
23052700 23052912   13.748  14.363  
23060300 23060512   7.510  7.543  
23061000 23061212   10.186  9.702  
23061700 23061912   12.753  11.049  
23062400 23062612   8.898  8.162  
23070100 23070312   13.224  11.909  
23070800 23071012   10.530  8.630  
23071500 23071712   4.518  4.682  
23072200 23072412   8.028  7.314  
23072900 23073112   7.860  7.285  
23080500 23080712   8.967  8.585  
23081200 23081412   7.198  5.775  
23081900 23082112   10.267  9.618  
23082600 23082812   4.679  4.155  
23090200 23090412   13.882  13.181  
23090900 23091112   4.373  3.866  
23091600 23091812   7.778  7.129  
23092300 23092512   10.225  9.105  
23093000 23100212   13.041  11.983  
23100700 23100912   6.974  6.732  
23101400 23101612   14.506  14.075  
23102100 23102312   14.291  12.502  
23102800 23103012   7.845  6.799  
