22100100 22100312   9.258  5.867  
22100800 22101012   10.844  7.918  
22101500 22101712   12.632  8.460  
22102200 22102412   7.201  8.355  
22102900 22103112   10.857  12.150  
22110500 22110712   17.442  17.388  
22111200 22111412   5.864  7.487  
22111900 22112112   4.225  5.346  
22112600 22112812   12.413  9.409  
22120300 22120512   9.484  14.421  
22121000 22121212   23.601  23.523  
22121700 22121912   6.025  6.410  
22122400 22122612   14.342  13.108  
22123100 23010212   14.833  14.617  
23010700 23010912   15.216  18.404  
23011400 23011612   12.198  11.135  
23012100 23012312   9.045  11.022  
23012800 23013012   6.683  8.408  
23020400 23020612   17.270  19.348  
23021100 23021312   8.655  10.977  
23021800 23022012   6.151  6.099  
23022500 23022712   6.709  7.083  
23030400 23030612   14.162  15.915  
23031100 23031312   11.784  9.945  
23031800 23032012   6.601  8.099  
23032500 23032712   12.451  11.691  
23040100 23040312   11.015  15.975  
23040800 23041012   15.519  14.298  
23041500 23041712   6.575  9.565  
23042200 23042412   8.426  9.259  
23042900 23050112   6.836  6.722  
23050600 23050812   8.817  8.201  
23051300 23051512   5.504  5.041  
23052000 23052212   7.815  8.503  
23052700 23052912   14.194  14.363  
23060300 23060512   7.956  7.543  
23061000 23061212   12.725  9.702  
23061700 23061912   12.438  11.049  
23062400 23062612   10.344  8.162  
23070100 23070312   9.662  11.909  
23070800 23071012   11.794  8.630  
23071500 23071712   4.246  4.682  
23072200 23072412   8.743  7.314  
23072900 23073112   8.528  7.285  
23080500 23080712   9.206  8.585  
23081200 23081412   6.509  5.775  
23081900 23082112   9.853  9.618  
23082600 23082812   5.242  4.155  
23090200 23090412   15.328  13.181  
23090900 23091112   5.707  3.866  
23091600 23091812   8.632  7.129  
23092300 23092512   9.545  9.105  
23093000 23100212   16.568  11.983  
23100700 23100912   7.516  6.732  
23101400 23101612   12.931  14.075  
23102100 23102312   16.143  12.502  
23102800 23103012   5.896  6.799  
