22100100 22100312   1.236  1.219  
22100800 22101012   2.581  2.534  
22101500 22101712   1.971  1.968  
22102200 22102412   1.266  1.177  
22102900 22103112   1.184  1.115  
22110500 22110712   2.657  2.683  
22111200 22111412   0.933  0.943  
22111900 22112112   0.702  0.695  
22112600 22112812   1.256  1.233  
22120300 22120512   1.491  1.500  
22121000 22121212   2.282  2.251  
22121700 22121912   3.987  3.993  
22122400 22122612   3.591  3.638  
22123100 23010212   1.226  1.228  
23010700 23010912   1.161  1.157  
23011400 23011612   1.324  1.404  
23012100 23012312   1.906  1.879  
23012800 23013012   2.081  2.095  
23020400 23020612   0.993  0.991  
23021100 23021312   0.942  0.947  
23021800 23022012   1.152  1.187  
23022500 23022712   1.568  1.561  
23030400 23030612   1.412  1.432  
23031100 23031312   0.956  0.952  
23031800 23032012   1.381  1.388  
23032500 23032712   0.682  0.677  
23040100 23040312   1.329  1.330  
23040800 23041012   1.982  2.005  
23041500 23041712   1.991  1.968  
23042200 23042412   1.295  1.311  
23042900 23050112   3.264  3.253  
23050600 23050812   1.531  1.501  
23051300 23051512   3.652  3.697  
23052000 23052212   3.875  3.837  
23052700 23052912   2.099  2.063  
23060300 23060512   1.335  1.333  
23061000 23061212   1.740  1.764  
23061700 23061912   1.363  1.385  
23062400 23062612   1.629  1.562  
23070100 23070312   0.866  0.855  
23070800 23071012   1.675  1.644  
23071500 23071712   2.801  2.825  
23072200 23072412   0.838  0.845  
23072900 23073112   1.043  1.039  
23080500 23080712   1.862  1.807  
23081200 23081412   1.572  1.558  
23081900 23082112   2.981  3.004  
23082600 23082812   1.938  1.989  
23090200 23090412   2.432  2.422  
23090900 23091112   3.757  3.775  
23091600 23091812   1.909  1.876  
23092300 23092512   3.545  3.531  
23093000 23100212   0.976  0.966  
23100700 23100912   2.700  2.741  
23101400 23101612   1.131  1.123  
23102100 23102312   2.334  2.364  
23102800 23103012   0.593  0.595  
