22100100 22100312   1.565  1.541  
22100800 22101012   2.783  2.706  
22101500 22101712   2.248  2.216  
22102200 22102412   0.662  0.630  
22102900 22103112   0.813  0.879  
22110500 22110712   2.687  2.611  
22111200 22111412   1.084  0.951  
22111900 22112112   1.622  1.416  
22112600 22112812   1.001  1.010  
22120300 22120512   1.486  1.524  
22121000 22121212   2.039  2.091  
22121700 22121912   3.603  3.585  
22122400 22122612   4.051  4.191  
22123100 23010212   1.391  1.418  
23010700 23010912   0.908  0.922  
23011400 23011612   1.034  1.058  
23012100 23012312   1.289  1.173  
23012800 23013012   1.261  1.235  
23020400 23020612   1.853  1.950  
23021100 23021312   0.765  0.799  
23021800 23022012   2.083  2.138  
23022500 23022712   2.181  2.262  
23030400 23030612   2.023  2.065  
23031100 23031312   1.751  1.795  
23031800 23032012   1.962  2.119  
23032500 23032712   1.128  1.210  
23040100 23040312   1.404  1.398  
23040800 23041012   1.611  1.619  
23041500 23041712   1.469  1.342  
23042200 23042412   1.517  1.599  
23042900 23050112   2.686  2.796  
23050600 23050812   1.941  1.902  
23051300 23051512   4.449  4.698  
23052000 23052212   2.714  2.693  
23052700 23052912   1.475  1.422  
23060300 23060512   2.276  2.422  
23061000 23061212   1.570  1.523  
23061700 23061912   1.620  1.616  
23062400 23062612   1.711  1.643  
23070100 23070312   0.916  0.922  
23070800 23071012   1.624  1.496  
23071500 23071712   3.158  3.307  
23072200 23072412   1.302  1.358  
23072900 23073112   1.304  1.312  
23080500 23080712   1.231  1.162  
23081200 23081412   2.281  2.352  
23081900 23082112   3.014  2.978  
23082600 23082812   1.471  1.583  
23090200 23090412   2.845  2.713  
23090900 23091112   3.595  3.724  
23091600 23091812   1.917  1.814  
23092300 23092512   3.425  3.402  
23093000 23100212   1.090  1.029  
23100700 23100912   2.512  2.704  
23101400 23101612   1.103  1.063  
23102100 23102312   2.063  2.049  
23102800 23103012   0.789  0.699  
