22100100 22100312   6.506  5.867  
22100800 22101012   8.820  7.918  
22101500 22101712   9.272  8.460  
22102200 22102412   9.019  8.355  
22102900 22103112   11.979  12.150  
22110500 22110712   17.167  17.388  
22111200 22111412   6.935  7.487  
22111900 22112112   6.319  5.346  
22112600 22112812   11.029  9.409  
22120300 22120512   13.781  14.421  
22121000 22121212   25.814  23.523  
22121700 22121912   6.326  6.410  
22122400 22122612   13.377  13.108  
22123100 23010212   13.295  14.617  
23010700 23010912   16.820  18.404  
23011400 23011612   10.959  11.135  
23012100 23012312   11.041  11.022  
23012800 23013012   8.619  8.408  
23020400 23020612   19.445  19.348  
23021100 23021312   8.516  10.977  
23021800 23022012   7.081  6.099  
23022500 23022712   7.552  7.083  
23030400 23030612   18.423  15.915  
23031100 23031312   10.318  9.945  
23031800 23032012   7.361  8.099  
23032500 23032712   10.067  11.691  
23040100 23040312   15.252  15.975  
23040800 23041012   15.034  14.298  
23041500 23041712   10.789  9.565  
23042200 23042412   9.212  9.259  
23042900 23050112   5.645  6.722  
23050600 23050812   8.094  8.201  
23051300 23051512   5.017  5.041  
23052000 23052212   8.509  8.503  
23052700 23052912   12.650  14.363  
23060300 23060512   7.401  7.543  
23061000 23061212   9.744  9.702  
23061700 23061912   13.086  11.049  
23062400 23062612   8.644  8.162  
23070100 23070312   12.927  11.909  
23070800 23071012   10.399  8.630  
23071500 23071712   4.362  4.682  
23072200 23072412   7.709  7.314  
23072900 23073112   7.621  7.285  
23080500 23080712   8.819  8.585  
23081200 23081412   7.450  5.775  
23081900 23082112   9.688  9.618  
23082600 23082812   4.559  4.155  
23090200 23090412   13.308  13.181  
23090900 23091112   4.228  3.866  
23091600 23091812   7.362  7.129  
23092300 23092512   10.330  9.105  
23093000 23100212   12.200  11.983  
23100700 23100912   6.708  6.732  
23101400 23101612   13.807  14.075  
23102100 23102312   13.950  12.502  
23102800 23103012   7.666  6.799  
