22100100 22100312   6.936  5.867  
22100800 22101012   8.904  7.918  
22101500 22101712   9.395  8.460  
22102200 22102412   8.902  8.355  
22102900 22103112   11.670  12.150  
22110500 22110712   17.937  17.388  
22111200 22111412   7.208  7.487  
22111900 22112112   6.560  5.346  
22112600 22112812   10.564  9.409  
22120300 22120512   13.659  14.421  
22121000 22121212   26.064  23.523  
22121700 22121912   6.249  6.410  
22122400 22122612   13.886  13.108  
22123100 23010212   13.751  14.617  
23010700 23010912   17.249  18.404  
23011400 23011612   11.528  11.135  
23012100 23012312   10.590  11.022  
23012800 23013012   7.685  8.408  
23020400 23020612   19.829  19.348  
23021100 23021312   8.980  10.977  
23021800 23022012   6.441  6.099  
23022500 23022712   7.387  7.083  
23030400 23030612   17.586  15.915  
23031100 23031312   10.544  9.945  
23031800 23032012   7.724  8.099  
23032500 23032712   11.199  11.691  
23040100 23040312   15.381  15.975  
23040800 23041012   15.013  14.298  
23041500 23041712   10.334  9.565  
23042200 23042412   9.054  9.259  
23042900 23050112   6.033  6.722  
23050600 23050812   8.313  8.201  
23051300 23051512   5.068  5.041  
23052000 23052212   8.323  8.503  
23052700 23052912   13.118  14.363  
23060300 23060512   7.348  7.543  
23061000 23061212   10.276  9.702  
23061700 23061912   13.287  11.049  
23062400 23062612   8.997  8.162  
23070100 23070312   12.730  11.909  
23070800 23071012   11.264  8.630  
23071500 23071712   4.012  4.682  
23072200 23072412   8.137  7.314  
23072900 23073112   8.116  7.285  
23080500 23080712   8.652  8.585  
23081200 23081412   7.142  5.775  
23081900 23082112   9.795  9.618  
23082600 23082812   4.668  4.155  
23090200 23090412   14.094  13.181  
23090900 23091112   4.377  3.866  
23091600 23091812   7.738  7.129  
23092300 23092512   10.105  9.105  
23093000 23100212   12.843  11.983  
23100700 23100912   7.163  6.732  
23101400 23101612   13.629  14.075  
23102100 23102312   14.492  12.502  
23102800 23103012   8.026  6.799  
