22100100 22100312   4.152  4.143  
22100800 22101012   2.745  2.840  
22101500 22101712   1.585  1.568  
22102200 22102412   3.054  2.533  
22102900 22103112   4.254  4.034  
22110500 22110712   9.655  9.807  
22111200 22111412   1.694  1.666  
22111900 22112112   2.204  2.165  
22112600 22112812   8.589  8.381  
22120300 22120512   9.279  8.940  
22121000 22121212   16.008  15.713  
22121700 22121912   2.170  2.528  
22122400 22122612   5.434  5.512  
22123100 23010212   5.906  6.120  
23010700 23010912   8.697  8.446  
23011400 23011612   3.451  3.510  
23012100 23012312   3.885  3.847  
23012800 23013012   5.439  4.938  
23020400 23020612   10.276  9.706  
23021100 23021312   2.065  1.965  
23021800 23022012   1.952  1.996  
23022500 23022712   8.205  7.990  
23030400 23030612   6.473  6.591  
23031100 23031312   2.912  2.884  
23031800 23032012   1.548  1.541  
23032500 23032712   4.568  5.167  
23040100 23040312   9.245  9.632  
23040800 23041012   7.716  7.515  
23041500 23041712   2.741  2.636  
23042200 23042412   1.627  1.593  
23042900 23050112   6.172  6.135  
23050600 23050812   2.370  2.425  
23051300 23051512   5.359  5.294  
23052000 23052212   3.498  3.615  
23052700 23052912   6.320  7.156  
23060300 23060512   9.972  9.898  
23061000 23061212   5.828  5.827  
23061700 23061912   5.838  6.202  
23062400 23062612   3.078  3.258  
23070100 23070312   5.958  6.227  
23070800 23071012   3.106  3.067  
23071500 23071712   1.978  1.979  
23072200 23072412   2.699  2.832  
23072900 23073112   4.955  5.053  
23080500 23080712   3.509  3.668  
23081200 23081412   5.318  5.369  
23081900 23082112   4.612  5.007  
23082600 23082812   3.739  3.758  
23090200 23090412   6.201  6.483  
23090900 23091112   3.173  3.222  
23091600 23091812   4.353  4.411  
23092300 23092512   4.972  4.868  
23093000 23100212   3.509  3.813  
23100700 23100912   1.703  1.742  
23101400 23101612   4.613  4.662  
23102100 23102312   2.482  2.732  
23102800 23103012   1.129  1.152  
