22100100 22100312   0.391  0.000  0.322  0.001  
22100800 22101012   0.700  0.000  0.714  0.000  
22101500 22101712   0.858  0.000  0.857  0.000  
22102200 22102412   0.808  0.000  0.845  0.000  
22102900 22103112   0.772  0.000  0.729  0.000  
22110500 22110712   0.420  0.000  0.475  0.000  
22111200 22111412   0.274  0.000  0.758  0.000  
22111900 22112112   0.489  0.000  0.504  0.000  
22112600 22112812   0.441  0.000  0.416  0.000  
22120300 22120512   0.109  0.286  -0.118  0.247  
22121000 22121212   0.106  0.299  0.292  0.004  
22121700 22121912   0.455  0.000  0.506  0.000  
22122400 22122612   -0.282  0.007  -0.244  0.020  
22123100 23010212   0.836  0.000  0.798  0.000  
23010700 23010912   -0.125  0.133  -0.238  0.004  
23011400 23011612   0.325  0.001  0.256  0.011  
23012100 23012312   -0.011  0.916  -0.429  0.000  
23012800 23013012   0.286  0.000  0.390  0.000  
23020400 23020612   0.671  0.000  0.657  0.000  
23021100 23021312   0.726  0.000  0.729  0.000  
23021800 23022012   0.529  0.000  0.319  0.000  
23022500 23022712   0.156  0.124  -0.116  0.253  
23030400 23030612   0.078  0.446  0.090  0.378  
23031100 23031312   0.738  0.000  0.732  0.000  
23031800 23032012   0.703  0.000  0.658  0.000  
23032500 23032712   0.809  0.000  0.835  0.000  
23040100 23040312   0.731  0.000  0.751  0.000  
23040800 23041012   -0.392  0.000  -0.373  0.000  
23041500 23041712   -0.370  0.000  -0.384  0.000  
23042200 23042412   -0.017  0.869  0.111  0.275  
23042900 23050112   0.885  0.000  0.880  0.000  
23050600 23050812   0.768  0.000  0.757  0.000  
23051300 23051512   0.494  0.000  0.483  0.000  
23052000 23052212   0.855  0.000  0.801  0.000  
23052700 23052912   0.900  0.000  0.898  0.000  
23060300 23060512   0.881  0.000  0.887  0.000  
23061000 23061212   0.720  0.000  0.710  0.000  
23061700 23061912   0.854  0.000  0.863  0.000  
23062400 23062612   0.791  0.000  0.809  0.000  
23070100 23070312   0.818  0.000  0.828  0.000  
23070800 23071012   0.868  0.000  0.903  0.000  
23071500 23071712   0.879  0.000  0.876  0.000  
23072200 23072412   0.893  0.000  0.897  0.000  
23072900 23073112   0.928  0.000  0.921  0.000  
23080500 23080712   0.735  0.000  0.757  0.000  
23081200 23081412   0.805  0.000  0.751  0.000  
23081900 23082112   0.358  0.000  0.331  0.001  
23082600 23082812   0.876  0.000  0.865  0.000  
23090200 23090412   0.609  0.000  0.542  0.000  
23090900 23091112   0.608  0.000  0.605  0.000  
23091600 23091812   0.844  0.000  0.813  0.000  
23092300 23092512   0.074  0.375  0.105  0.211  
23093000 23100212   0.668  0.000  0.618  0.000  
23100700 23100912   0.710  0.000  0.631  0.000  
23101400 23101612   0.735  0.000  0.717  0.000  
23102100 23102312   0.395  0.000  0.403  0.000  
23102800 23103012   0.856  0.000  0.811  0.000  
