22100100 22100312   nan  nan  nan  nan  
22100800 22101012   nan  nan  nan  nan  
22101500 22101712   nan  nan  nan  nan  
22102200 22102412   0.027  0.795  0.328  0.001  
22102900 22103112   0.441  0.000  0.625  0.000  
22110500 22110712   0.186  0.070  -0.157  0.127  
22111200 22111412   nan  nan  nan  nan  
22111900 22112112   nan  nan  -0.096  0.410  
22112600 22112812   -0.035  0.676  -0.055  0.512  
22120300 22120512   -0.289  0.004  -0.219  0.031  
22121000 22121212   0.129  0.207  0.542  0.000  
22121700 22121912   0.218  0.031  0.372  0.000  
22122400 22122612   -0.046  0.664  -0.006  0.958  
22123100 23010212   0.310  0.002  0.389  0.000  
23010700 23010912   0.012  0.883  0.167  0.044  
23011400 23011612   0.170  0.094  0.389  0.000  
23012100 23012312   0.150  0.142  0.433  0.000  
23012800 23013012   nan  nan  nan  nan  
23020400 23020612   0.539  0.000  0.297  0.000  
23021100 23021312   -0.306  0.000  -0.274  0.000  
23021800 23022012   0.354  0.000  0.332  0.000  
23022500 23022712   0.268  0.008  0.365  0.000  
23030400 23030612   -0.165  0.104  0.008  0.938  
23031100 23031312   -0.044  0.669  0.167  0.099  
23031800 23032012   nan  nan  nan  nan  
23032500 23032712   -0.077  0.449  0.290  0.004  
23040100 23040312   0.058  0.616  0.069  0.546  
23040800 23041012   0.110  0.124  0.155  0.030  
23041500 23041712   -0.051  0.507  -0.062  0.419  
23042200 23042412   -0.489  0.000  -0.140  0.170  
23042900 23050112   nan  nan  -0.039  0.476  
23050600 23050812   -0.203  0.045  -0.193  0.057  
23051300 23051512   nan  nan  nan  nan  
23052000 23052212   0.327  0.001  0.023  0.825  
23052700 23052912   nan  nan  nan  nan  
23060300 23060512   nan  nan  nan  nan  
23061000 23061212   -0.112  0.272  0.147  0.149  
23061700 23061912   -0.037  0.720  0.061  0.554  
23062400 23062612   nan  nan  nan  nan  
23070100 23070312   nan  nan  nan  nan  
23070800 23071012   nan  nan  nan  nan  
23071500 23071712   nan  nan  nan  nan  
23072200 23072412   nan  nan  nan  nan  
23072900 23073112   nan  nan  nan  nan  
23080500 23080712   nan  nan  nan  nan  
23081200 23081412   nan  nan  nan  nan  
23081900 23082112   nan  nan  nan  nan  
23082600 23082812   nan  nan  nan  nan  
23090200 23090412   nan  nan  0.032  0.758  
23090900 23091112   nan  nan  nan  nan  
23091600 23091812   nan  nan  0.191  0.060  
23092300 23092512   -0.368  0.000  -0.369  0.000  
23093000 23100212   nan  nan  nan  nan  
23100700 23100912   nan  nan  nan  nan  
23101400 23101612   0.349  0.000  0.283  0.005  
23102100 23102312   -0.016  0.859  0.159  0.071  
23102800 23103012   nan  nan  nan  nan  
