22100100 22100312   0.831  0.000  0.831  0.000  
22100800 22101012   -0.140  0.170  -0.141  0.168  
22101500 22101712   0.719  0.000  0.750  0.000  
22102200 22102412   0.525  0.000  0.601  0.000  
22102900 22103112   -0.038  0.708  -0.014  0.888  
22110500 22110712   0.627  0.000  0.642  0.000  
22111200 22111412   0.053  0.045  0.039  0.138  
22111900 22112112   0.761  0.000  0.775  0.000  
22112600 22112812   0.137  0.105  0.131  0.121  
22120300 22120512   0.229  0.023  0.296  0.003  
22121000 22121212   0.041  0.692  0.013  0.895  
22121700 22121912   0.434  0.000  0.353  0.000  
22122400 22122612   0.742  0.000  0.658  0.000  
22123100 23010212   0.094  0.356  0.035  0.731  
23010700 23010912   0.166  0.046  0.166  0.046  
23011400 23011612   -0.147  0.148  -0.112  0.272  
23012100 23012312   -0.061  0.550  -0.049  0.631  
23012800 23013012   0.375  0.000  0.408  0.000  
23020400 23020612   0.322  0.000  0.315  0.000  
23021100 23021312   -0.422  0.000  -0.480  0.000  
23021800 23022012   -0.321  0.000  -0.314  0.000  
23022500 23022712   -0.336  0.001  -0.379  0.000  
23030400 23030612   -0.183  0.071  -0.172  0.090  
23031100 23031312   0.024  0.817  0.053  0.605  
23031800 23032012   0.228  0.006  0.222  0.007  
23032500 23032712   0.328  0.001  0.348  0.000  
23040100 23040312   0.387  0.000  0.351  0.002  
23040800 23041012   -0.100  0.160  -0.102  0.154  
23041500 23041712   0.530  0.000  0.535  0.000  
23042200 23042412   0.443  0.000  0.394  0.000  
23042900 23050112   -0.470  0.000  -0.459  0.000  
23050600 23050812   -0.524  0.000  -0.448  0.000  
23051300 23051512   -0.493  0.000  -0.372  0.000  
23052000 23052212   0.092  0.366  0.111  0.277  
23052700 23052912   -0.313  0.002  -0.345  0.001  
23060300 23060512   0.252  0.000  0.464  0.000  
23061000 23061212   -0.378  0.000  -0.387  0.000  
23061700 23061912   -0.346  0.000  -0.402  0.000  
23062400 23062612   0.271  0.007  0.234  0.021  
23070100 23070312   0.134  0.188  0.148  0.146  
23070800 23071012   0.057  0.577  0.018  0.857  
23071500 23071712   0.024  0.816  0.067  0.513  
23072200 23072412   0.146  0.150  0.066  0.516  
23072900 23073112   -0.042  0.683  -0.101  0.321  
23080500 23080712   0.440  0.000  0.481  0.000  
23081200 23081412   -0.091  0.360  -0.085  0.390  
23081900 23082112   0.309  0.002  0.298  0.003  
23082600 23082812   0.733  0.000  0.739  0.000  
23090200 23090412   0.200  0.048  0.214  0.035  
23090900 23091112   0.449  0.000  0.417  0.000  
23091600 23091812   -0.227  0.024  -0.226  0.025  
23092300 23092512   0.473  0.000  0.480  0.000  
23093000 23100212   0.307  0.002  0.296  0.003  
23100700 23100912   -0.098  0.337  -0.256  0.011  
23101400 23101612   0.236  0.019  0.196  0.053  
23102100 23102312   0.180  0.040  0.082  0.352  
23102800 23103012   0.545  0.000  0.527  0.000  
