22100100 22100312   0.001  0.001  
22100800 22101012   0.001  0.000  
22101500 22101712   0.000  0.000  
22102200 22102412   0.293  0.302  
22102900 22103112   0.618  0.594  
22110500 22110712   0.351  0.399  
22111200 22111412   0.000  0.000  
22111900 22112112   0.009  0.008  
22112600 22112812   0.047  0.069  
22120300 22120512   0.202  0.221  
22121000 22121212   0.928  0.690  
22121700 22121912   0.052  0.056  
22122400 22122612   1.373  1.309  
22123100 23010212   0.290  0.389  
23010700 23010912   0.496  0.497  
23011400 23011612   0.642  0.674  
23012100 23012312   0.243  0.271  
23012800 23013012   0.014  0.003  
23020400 23020612   0.411  0.496  
23021100 23021312   0.066  0.108  
23021800 23022012   0.032  0.038  
23022500 23022712   0.166  0.183  
23030400 23030612   0.295  0.315  
23031100 23031312   0.225  0.236  
23031800 23032012   0.001  0.004  
23032500 23032712   0.166  0.156  
23040100 23040312   0.322  0.420  
23040800 23041012   0.711  0.694  
23041500 23041712   0.693  0.699  
23042200 23042412   0.745  0.696  
23042900 23050112   0.001  0.001  
23050600 23050812   0.247  0.359  
23051300 23051512   0.001  0.000  
23052000 23052212   0.015  0.016  
23052700 23052912   0.003  0.007  
23060300 23060512   0.001  0.000  
23061000 23061212   0.491  0.493  
23061700 23061912   0.032  0.038  
23062400 23062612   0.027  0.030  
23070100 23070312   0.002  0.002  
23070800 23071012   0.005  0.015  
23071500 23071712   0.001  0.000  
23072200 23072412   0.002  0.004  
23072900 23073112   0.002  0.004  
23080500 23080712   0.002  0.002  
23081200 23081412   0.002  0.002  
23081900 23082112   0.000  0.001  
23082600 23082812   0.003  0.002  
23090200 23090412   0.005  0.004  
23090900 23091112   0.002  0.001  
23091600 23091812   0.006  0.006  
23092300 23092512   0.209  0.199  
23093000 23100212   0.002  0.002  
23100700 23100912   0.001  0.000  
23101400 23101612   0.256  0.289  
23102100 23102312   0.002  0.002  
23102800 23103012   0.000  0.000  
