22100100 22100312   5.668  5.867  
22100800 22101012   7.660  7.918  
22101500 22101712   8.082  8.460  
22102200 22102412   8.436  8.355  
22102900 22103112   11.821  12.150  
22110500 22110712   16.720  17.388  
22111200 22111412   6.906  7.487  
22111900 22112112   5.193  5.346  
22112600 22112812   8.825  9.409  
22120300 22120512   14.320  14.421  
22121000 22121212   22.891  23.523  
22121700 22121912   5.820  6.410  
22122400 22122612   12.521  13.108  
22123100 23010212   14.150  14.617  
23010700 23010912   18.107  18.404  
23011400 23011612   10.873  11.135  
23012100 23012312   10.664  11.022  
23012800 23013012   8.298  8.408  
23020400 23020612   19.611  19.348  
23021100 23021312   10.712  10.977  
23021800 23022012   5.853  6.099  
23022500 23022712   6.830  7.083  
23030400 23030612   15.666  15.915  
23031100 23031312   9.605  9.945  
23031800 23032012   8.127  8.099  
23032500 23032712   10.847  11.691  
23040100 23040312   15.500  15.975  
23040800 23041012   13.919  14.298  
23041500 23041712   9.751  9.565  
23042200 23042412   8.915  9.259  
23042900 23050112   6.670  6.722  
23050600 23050812   7.746  8.201  
23051300 23051512   5.139  5.041  
23052000 23052212   8.239  8.503  
23052700 23052912   13.798  14.363  
23060300 23060512   7.862  7.543  
23061000 23061212   9.536  9.702  
23061700 23061912   10.437  11.049  
23062400 23062612   7.952  8.162  
23070100 23070312   11.602  11.909  
23070800 23071012   8.321  8.630  
23071500 23071712   4.731  4.682  
23072200 23072412   7.043  7.314  
23072900 23073112   6.923  7.285  
23080500 23080712   8.635  8.585  
23081200 23081412   5.874  5.775  
23081900 23082112   9.242  9.618  
23082600 23082812   4.052  4.155  
23090200 23090412   12.778  13.181  
23090900 23091112   3.758  3.866  
23091600 23091812   6.942  7.129  
23092300 23092512   9.007  9.105  
23093000 23100212   11.436  11.983  
23100700 23100912   6.558  6.732  
23101400 23101612   13.760  14.075  
23102100 23102312   11.936  12.502  
23102800 23103012   7.001  6.799  
