22100100 22100312   7.417  5.867  
22100800 22101012   9.211  7.918  
22101500 22101712   9.847  8.460  
22102200 22102412   8.632  8.355  
22102900 22103112   10.716  12.150  
22110500 22110712   17.808  17.388  
22111200 22111412   7.354  7.487  
22111900 22112112   6.313  5.346  
22112600 22112812   9.910  9.409  
22120300 22120512   12.136  14.421  
22121000 22121212   24.471  23.523  
22121700 22121912   6.147  6.410  
22122400 22122612   13.504  13.108  
22123100 23010212   13.137  14.617  
23010700 23010912   16.435  18.404  
23011400 23011612   11.373  11.135  
23012100 23012312   9.467  11.022  
23012800 23013012   6.907  8.408  
23020400 23020612   17.125  19.348  
23021100 23021312   9.163  10.977  
23021800 23022012   6.254  6.099  
23022500 23022712   6.819  7.083  
23030400 23030612   15.630  15.915  
23031100 23031312   10.352  9.945  
23031800 23032012   7.082  8.099  
23032500 23032712   12.416  11.691  
23040100 23040312   13.742  15.975  
23040800 23041012   14.121  14.298  
23041500 23041712   9.057  9.565  
23042200 23042412   8.411  9.259  
23042900 23050112   6.329  6.722  
23050600 23050812   7.585  8.201  
23051300 23051512   5.227  5.041  
23052000 23052212   7.932  8.503  
23052700 23052912   12.488  14.363  
23060300 23060512   7.192  7.543  
23061000 23061212   10.975  9.702  
23061700 23061912   12.537  11.049  
23062400 23062612   8.607  8.162  
23070100 23070312   11.980  11.909  
23070800 23071012   11.281  8.630  
23071500 23071712   3.903  4.682  
23072200 23072412   8.011  7.314  
23072900 23073112   7.876  7.285  
23080500 23080712   8.525  8.585  
23081200 23081412   7.061  5.775  
23081900 23082112   9.401  9.618  
23082600 23082812   4.819  4.155  
23090200 23090412   14.364  13.181  
23090900 23091112   4.433  3.866  
23091600 23091812   8.218  7.129  
23092300 23092512   9.650  9.105  
23093000 23100212   12.725  11.983  
23100700 23100912   7.109  6.732  
23101400 23101612   12.692  14.075  
23102100 23102312   14.654  12.502  
23102800 23103012   7.653  6.799  
