22100100 22100312   6.569  5.867  
22100800 22101012   8.778  7.918  
22101500 22101712   8.759  8.460  
22102200 22102412   9.498  8.355  
22102900 22103112   12.504  12.150  
22110500 22110712   17.926  17.388  
22111200 22111412   6.954  7.487  
22111900 22112112   6.581  5.346  
22112600 22112812   10.120  9.409  
22120300 22120512   15.309  14.421  
22121000 22121212   26.649  23.523  
22121700 22121912   6.244  6.410  
22122400 22122612   13.876  13.108  
22123100 23010212   13.983  14.617  
23010700 23010912   18.359  18.404  
23011400 23011612   11.676  11.135  
23012100 23012312   11.404  11.022  
23012800 23013012   8.121  8.408  
23020400 23020612   19.781  19.348  
23021100 23021312   9.380  10.977  
23021800 23022012   6.972  6.099  
23022500 23022712   7.724  7.083  
23030400 23030612   18.297  15.915  
23031100 23031312   10.478  9.945  
23031800 23032012   8.234  8.099  
23032500 23032712   11.303  11.691  
23040100 23040312   16.573  15.975  
23040800 23041012   15.324  14.298  
23041500 23041712   11.088  9.565  
23042200 23042412   9.530  9.259  
23042900 23050112   6.113  6.722  
23050600 23050812   8.271  8.201  
23051300 23051512   5.002  5.041  
23052000 23052212   8.839  8.503  
23052700 23052912   14.355  14.363  
23060300 23060512   7.581  7.543  
23061000 23061212   10.076  9.702  
23061700 23061912   12.638  11.049  
23062400 23062612   8.939  8.162  
23070100 23070312   13.254  11.909  
23070800 23071012   10.525  8.630  
23071500 23071712   4.629  4.682  
23072200 23072412   8.044  7.314  
23072900 23073112   7.983  7.285  
23080500 23080712   9.163  8.585  
23081200 23081412   7.031  5.775  
23081900 23082112   10.477  9.618  
23082600 23082812   4.521  4.155  
23090200 23090412   14.105  13.181  
23090900 23091112   4.436  3.866  
23091600 23091812   7.767  7.129  
23092300 23092512   10.178  9.105  
23093000 23100212   13.192  11.983  
23100700 23100912   6.850  6.732  
23101400 23101612   14.701  14.075  
23102100 23102312   14.291  12.502  
23102800 23103012   7.811  6.799  
