22100100 22100312   9.761  5.867  
22100800 22101012   11.025  7.918  
22101500 22101712   13.133  8.460  
22102200 22102412   8.158  8.355  
22102900 22103112   10.774  12.150  
22110500 22110712   18.840  17.388  
22111200 22111412   7.185  7.487  
22111900 22112112   4.904  5.346  
22112600 22112812   11.105  9.409  
22120300 22120512   10.036  14.421  
22121000 22121212   24.917  23.523  
22121700 22121912   6.423  6.410  
22122400 22122612   14.513  13.108  
22123100 23010212   14.209  14.617  
23010700 23010912   16.589  18.404  
23011400 23011612   12.262  11.135  
23012100 23012312   9.366  11.022  
23012800 23013012   6.753  8.408  
23020400 23020612   15.910  19.348  
23021100 23021312   9.931  10.977  
23021800 23022012   6.767  6.099  
23022500 23022712   7.026  7.083  
23030400 23030612   14.510  15.915  
23031100 23031312   11.081  9.945  
23031800 23032012   6.690  8.099  
23032500 23032712   14.354  11.691  
23040100 23040312   12.329  15.975  
23040800 23041012   15.458  14.298  
23041500 23041712   8.152  9.565  
23042200 23042412   8.329  9.259  
23042900 23050112   6.732  6.722  
23050600 23050812   8.248  8.201  
23051300 23051512   5.555  5.041  
23052000 23052212   8.996  8.503  
23052700 23052912   15.540  14.363  
23060300 23060512   7.905  7.543  
23061000 23061212   12.324  9.702  
23061700 23061912   13.833  11.049  
23062400 23062612   9.733  8.162  
23070100 23070312   12.021  11.909  
23070800 23071012   11.623  8.630  
23071500 23071712   4.149  4.682  
23072200 23072412   8.568  7.314  
23072900 23073112   8.631  7.285  
23080500 23080712   9.715  8.585  
23081200 23081412   7.308  5.775  
23081900 23082112   10.961  9.618  
23082600 23082812   5.320  4.155  
23090200 23090412   16.109  13.181  
23090900 23091112   5.864  3.866  
23091600 23091812   9.389  7.129  
23092300 23092512   9.384  9.105  
23093000 23100212   16.588  11.983  
23100700 23100912   7.254  6.732  
23101400 23101612   13.670  14.075  
23102100 23102312   17.150  12.502  
23102800 23103012   6.906  6.799  
