22100100 22100312   8.549  5.867  
22100800 22101012   9.917  7.918  
22101500 22101712   11.652  8.460  
22102200 22102412   7.889  8.355  
22102900 22103112   10.191  12.150  
22110500 22110712   18.398  17.388  
22111200 22111412   8.008  7.487  
22111900 22112112   5.667  5.346  
22112600 22112812   9.523  9.409  
22120300 22120512   11.195  14.421  
22121000 22121212   25.101  23.523  
22121700 22121912   5.546  6.410  
22122400 22122612   13.877  13.108  
22123100 23010212   13.281  14.617  
23010700 23010912   17.370  18.404  
23011400 23011612   12.015  11.135  
23012100 23012312   9.143  11.022  
23012800 23013012   7.399  8.408  
23020400 23020612   15.479  19.348  
23021100 23021312   9.420  10.977  
23021800 23022012   6.256  6.099  
23022500 23022712   6.967  7.083  
23030400 23030612   14.693  15.915  
23031100 23031312   10.133  9.945  
23031800 23032012   6.861  8.099  
23032500 23032712   12.992  11.691  
23040100 23040312   13.479  15.975  
23040800 23041012   14.719  14.298  
23041500 23041712   8.958  9.565  
23042200 23042412   8.153  9.259  
23042900 23050112   6.459  6.722  
23050600 23050812   7.079  8.201  
23051300 23051512   5.342  5.041  
23052000 23052212   8.086  8.503  
23052700 23052912   13.343  14.363  
23060300 23060512   7.444  7.543  
23061000 23061212   11.525  9.702  
23061700 23061912   12.425  11.049  
23062400 23062612   8.703  8.162  
23070100 23070312   11.184  11.909  
23070800 23071012   11.137  8.630  
23071500 23071712   3.919  4.682  
23072200 23072412   7.874  7.314  
23072900 23073112   8.205  7.285  
23080500 23080712   9.027  8.585  
23081200 23081412   6.757  5.775  
23081900 23082112   9.421  9.618  
23082600 23082812   4.955  4.155  
23090200 23090412   15.109  13.181  
23090900 23091112   4.924  3.866  
23091600 23091812   8.623  7.129  
23092300 23092512   9.390  9.105  
23093000 23100212   15.028  11.983  
23100700 23100912   7.211  6.732  
23101400 23101612   13.443  14.075  
23102100 23102312   15.560  12.502  
23102800 23103012   7.266  6.799  
