22100100 22100312   4.927  0.936  
22100800 22101012   8.713  3.049  
22101500 22101712   6.758  6.848  
22102200 22102412   2.435  1.371  
22102900 22103112   16.802  2.852  
22110500 22110712   24.281  2.371  
22111200 22111412   1.551  3.486  
22111900 22112112   11.289  6.185  
22112600 22112812   15.808  1.188  
22120300 22120512   20.147  11.336  
22121000 22121212   41.406  7.205  
22121700 22121912   46.604  1.640  
22122400 22122612   54.765  4.244  
22123100 23010212   29.302  4.507  
23010700 23010912   25.354  2.191  
23011400 23011612   26.255  3.376  
23012100 23012312   14.836  3.528  
23012800 23013012   15.609  11.281  
23020400 23020612   22.462  1.782  
23021100 23021312   9.085  10.269  
23021800 23022012   10.012  3.042  
23022500 23022712   16.823  2.533  
23030400 23030612   27.740  2.739  
23031100 23031312   20.910  6.476  
23031800 23032012   2.312  3.975  
23032500 23032712   9.818  5.630  
23040100 23040312   7.826  3.937  
23040800 23041012   2.216  1.807  
23041500 23041712   3.744  3.212  
23042200 23042412   3.369  0.960  
23042900 23050112   4.032  2.274  
23050600 23050812   6.772  3.716  
23051300 23051512   6.694  3.007  
23052000 23052212   5.892  2.037  
23052700 23052912   6.545  1.854  
23060300 23060512   9.436  2.972  
23061000 23061212   3.691  5.381  
23061700 23061912   6.038  0.598  
23062400 23062612   9.616  0.271  
23070100 23070312   5.117  1.429  
23070800 23071012   11.219  1.683  
23071500 23071712   11.288  1.573  
23072200 23072412   8.840  1.801  
23072900 23073112   11.432  0.994  
23080500 23080712   10.835  0.642  
23081200 23081412   9.596  0.640  
23081900 23082112   8.374  0.894  
23082600 23082812   11.868  3.361  
23090200 23090412   3.638  10.097  
23090900 23091112   5.755  0.925  
23091600 23091812   3.892  2.165  
23092300 23092512   4.494  2.076  
23093000 23100212   2.237  1.156  
23100700 23100912   2.550  5.794  
23101400 23101612   5.603  2.753  
23102100 23102312   15.118  0.764  
23102800 23103012   5.446  5.334  
