22100100 22100312   9.674  10.084  
22100800 22101012   2.014  2.321  
22101500 22101712   3.293  3.296  
22102200 22102412   3.639  3.640  
22102900 22103112   7.183  7.338  
22110500 22110712   8.764  9.649  
22111200 22111412   2.026  1.897  
22111900 22112112   1.989  1.805  
22112600 22112812   14.314  13.616  
22120300 22120512   16.481  16.475  
22121000 22121212   3.063  2.043  
22121700 22121912   7.124  6.831  
22122400 22122612   2.213  1.765  
22123100 23010212   7.397  7.575  
23010700 23010912   19.026  19.029  
23011400 23011612   2.413  3.887  
23012100 23012312   0.490  0.627  
23012800 23013012   8.659  8.563  
23020400 23020612   2.561  1.345  
23021100 23021312   8.015  8.669  
23021800 23022012   2.361  2.619  
23022500 23022712   2.227  2.638  
23030400 23030612   6.447  6.437  
23031100 23031312   12.318  12.306  
23031800 23032012   4.894  4.807  
23032500 23032712   9.708  9.705  
23040100 23040312   8.237  9.421  
23040800 23041012   8.255  8.606  
23041500 23041712   16.220  16.091  
23042200 23042412   12.437  12.390  
23042900 23050112   9.951  9.952  
23050600 23050812   5.708  5.701  
23051300 23051512   10.899  10.770  
23052000 23052212   2.504  2.678  
23052700 23052912   6.940  7.515  
23060300 23060512   2.657  2.642  
23061000 23061212   3.961  5.528  
23061700 23061912   12.331  12.331  
23062400 23062612   9.125  9.126  
23070100 23070312   6.460  6.454  
23070800 23071012   6.713  6.705  
23071500 23071712   10.030  10.434  
23072200 23072412   1.519  1.513  
23072900 23073112   9.303  9.302  
23080500 23080712   10.771  10.773  
23081200 23081412   3.948  5.031  
23081900 23082112   1.242  0.856  
23082600 23082812   11.153  11.151  
23090200 23090412   14.790  15.397  
23090900 23091112   0.477  0.899  
23091600 23091812   5.774  5.760  
23092300 23092512   5.736  5.731  
23093000 23100212   7.721  7.746  
23100700 23100912   4.534  4.534  
23101400 23101612   14.710  14.707  
23102100 23102312   12.160  12.160  
23102800 23103012   2.336  2.329  
