22100100 22100312   1.120  1.954  
22100800 22101012   0.828  2.077  
22101500 22101712   4.280  4.637  
22102200 22102412   0.791  0.735  
22102900 22103112   3.475  3.340  
22110500 22110712   5.145  5.818  
22111200 22111412   1.189  1.266  
22111900 22112112   2.300  2.198  
22112600 22112812   5.539  5.557  
22120300 22120512   3.311  0.964  
22121000 22121212   1.007  0.163  
22121700 22121912   2.218  1.783  
22122400 22122612   2.038  1.924  
22123100 23010212   1.512  1.552  
23010700 23010912   0.758  0.749  
23011400 23011612   2.265  0.939  
23012100 23012312   0.438  0.500  
23012800 23013012   1.070  0.629  
23020400 23020612   0.960  0.470  
23021100 23021312   2.571  2.767  
23021800 23022012   1.148  0.818  
23022500 23022712   1.938  0.650  
23030400 23030612   1.543  1.512  
23031100 23031312   1.621  1.634  
23031800 23032012   3.664  3.380  
23032500 23032712   0.629  0.617  
23040100 23040312   0.311  0.403  
23040800 23041012   1.839  1.607  
23041500 23041712   1.463  2.022  
23042200 23042412   0.246  0.350  
23042900 23050112   1.339  1.343  
23050600 23050812   2.212  2.185  
23051300 23051512   3.512  2.806  
23052000 23052212   2.891  2.457  
23052700 23052912   0.125  0.877  
23060300 23060512   1.119  1.107  
23061000 23061212   2.341  5.137  
23061700 23061912   1.994  1.988  
23062400 23062612   2.963  2.959  
23070100 23070312   0.188  0.168  
23070800 23071012   3.144  3.128  
22112600 22112812   5.539  5.557  
22100100 22100312   1.120  1.954  
