22100100 22100312   0.001  0.001  
22100800 22101012   0.000  0.000  
22101500 22101712   0.000  0.000  
22102200 22102412   0.187  0.188  
22102900 22103112   0.104  0.103  
22110500 22110712   0.328  0.347  
22111200 22111412   0.000  0.000  
22111900 22112112   0.001  0.001  
22112600 22112812   0.016  0.015  
22120300 22120512   0.047  0.047  
22121000 22121212   0.281  0.349  
22121700 22121912   0.010  0.010  
22122400 22122612   1.105  1.110  
22123100 23010212   0.317  0.318  
23010700 23010912   0.458  0.457  
23011400 23011612   0.533  0.536  
23012100 23012312   0.191  0.191  
23012800 23013012   0.000  0.000  
23020400 23020612   0.484  0.510  
23021100 23021312   0.118  0.119  
23021800 23022012   0.003  0.003  
23022500 23022712   0.034  0.034  
23030400 23030612   0.510  0.510  
23031100 23031312   0.040  0.041  
23031800 23032012   0.000  0.000  
23032500 23032712   0.079  0.079  
23040100 23040312   0.880  0.915  
23040800 23041012   1.329  1.329  
23041500 23041712   0.591  0.591  
23042200 23042412   0.559  0.559  
23042900 23050112   0.000  0.000  
23050600 23050812   0.451  0.451  
23051300 23051512   0.000  0.000  
23052000 23052212   0.001  0.001  
23052700 23052912   0.005  0.005  
23060300 23060512   0.000  0.000  
23061000 23061212   0.680  0.680  
23061700 23061912   0.054  0.055  
23062400 23062612   0.018  0.019  
