22100100 22100312   0.292  0.213  
22100800 22101012   1.584  1.490  
22101500 22101712   1.255  1.254  
22102200 22102412   1.020  1.028  
22102900 22103112   0.548  0.550  
22110500 22110712   11.456  12.909  
22111200 22111412   1.560  1.508  
22111900 22112112   0.567  0.430  
22112600 22112812   3.884  3.637  
22120300 22120512   11.045  11.062  
22121000 22121212   11.521  14.975  
22121700 22121912   1.867  1.865  
22122400 22122612   3.237  3.607  
22123100 23010212   3.950  4.049  
23010700 23010912   10.280  10.286  
23011400 23011612   2.825  2.397  
23012100 23012312   2.216  2.210  
23012800 23013012   8.059  7.930  
23020400 23020612   13.477  16.044  
23021100 23021312   2.250  2.508  
23021800 23022012   4.213  4.191  
23022500 23022712   1.641  1.637  
23030400 23030612   3.206  3.219  
23031100 23031312   3.159  3.159  
23031800 23032012   0.654  0.643  
23032500 23032712   4.769  4.776  
23040100 23040312   8.143  9.184  
23040800 23041012   3.258  3.107  
23041500 23041712   3.479  3.426  
23042200 23042412   1.924  1.897  
23042900 23050112   4.054  4.054  
23050600 23050812   0.432  0.442  
23051300 23051512   1.309  1.243  
23052000 23052212   3.378  3.345  
23052700 23052912   0.448  0.316  
23060300 23060512   2.445  2.450  
23061000 23061212   4.687  5.886  
23061700 23061912   5.581  5.585  
23062400 23062612   3.897  3.896  
23070100 23070312   2.053  2.059  
23070800 23071012   0.396  0.396  
23071500 23071712   1.514  1.440  
23072200 23072412   2.393  2.391  
23072900 23073112   2.658  2.662  
23080500 23080712   2.363  2.363  
23081200 23081412   0.867  0.250  
23081900 23082112   2.029  1.923  
23082600 23082812   1.038  1.037  
23090200 23090412   9.507  9.927  
23090900 23091112   0.072  0.074  
23091600 23091812   1.745  1.744  
23092300 23092512   2.919  2.917  
23093000 23100212   2.917  2.957  
23100700 23100912   0.226  0.229  
23101400 23101612   6.441  6.444  
23102100 23102312   3.294  3.299  
23102800 23103012   1.880  1.868  
