22100100 22100312   5.820  10.581  
22100800 22101012   15.486  6.401  
22101500 22101712   11.985  6.855  
22102200 22102412   7.879  4.341  
22102900 22103112   17.895  15.899  
22110500 22110712   8.758  3.512  
22111200 22111412   11.436  7.286  
22111900 22112112   6.141  3.803  
22112600 22112812   3.256  4.779  
22120300 22120512   6.610  13.344  
22121000 22121212   2.879  7.615  
22121700 22121912   5.458  3.430  
22122400 22122612   2.235  2.298  
22123100 23010212   9.779  9.550  
23010700 23010912   7.039  6.193  
23011400 23011612   0.414  0.983  
23012100 23012312   10.612  3.039  
23012800 23013012   1.931  1.733  
23020400 23020612   2.938  2.539  
23021100 23021312   25.759  21.320  
23021800 23022012   0.719  5.070  
23022500 23022712   9.757  6.192  
23030400 23030612   7.118  3.524  
23031100 23031312   6.510  13.887  
23031800 23032012   15.311  7.254  
23032500 23032712   16.246  13.448  
23040100 23040312   11.671  6.137  
23040800 23041012   14.398  9.437  
23041500 23041712   9.123  1.942  
23042200 23042412   9.175  8.004  
23042900 23050112   3.111  7.204  
23050600 23050812   8.845  4.181  
23051300 23051512   7.703  10.382  
23052000 23052212   5.537  7.884  
23052700 23052912   12.141  6.540  
23060300 23060512   7.533  2.339  
23061000 23061212   11.598  6.258  
23061700 23061912   4.539  15.893  
23062400 23062612   27.999  23.276  
23070100 23070312   3.175  10.909  
23070800 23071012   8.460  2.392  
23071500 23071712   11.445  5.327  
23072200 23072412   7.682  3.709  
23072900 23073112   3.465  3.151  
23080500 23080712   14.907  10.297  
23081200 23081412   22.004  13.287  
23081900 23082112   6.915  2.824  
23082600 23082812   7.585  2.676  
23090200 23090412   7.179  18.424  
23090900 23091112   25.455  10.555  
23091600 23091812   23.625  14.990  
23092300 23092512   2.752  7.713  
23093000 23100212   21.140  16.723  
23100700 23100912   9.689  3.317  
23101400 23101612   21.807  9.197  
23102100 23102312   8.373  3.495  
23102800 23103012   3.962  8.250  
