22100100 22100312   4.305  2.250  
22100800 22101012   2.745  0.843  
22101500 22101712   4.897  5.638  
22102200 22102412   1.669  2.210  
22102900 22103112   4.487  4.210  
22110500 22110712   4.927  5.009  
22111200 22111412   17.496  5.580  
22111900 22112112   21.488  6.014  
22112600 22112812   3.026  1.236  
22120300 22120512   21.557  2.305  
22121000 22121212   9.547  3.309  
22121700 22121912   20.602  6.798  
22122400 22122612   19.535  5.540  
22123100 23010212   2.646  5.556  
23010700 23010912   4.011  0.271  
23011400 23011612   1.679  2.054  
23012100 23012312   5.879  1.818  
23012800 23013012   20.539  9.744  
23020400 23020612   1.469  1.311  
23021100 23021312   2.107  1.355  
23021800 23022012   0.723  1.397  
23022500 23022712   12.955  10.271  
23030400 23030612   6.463  2.302  
23031100 23031312   9.290  2.239  
23031800 23032012   3.431  4.052  
23032500 23032712   1.153  1.072  
23040100 23040312   3.685  4.315  
23040800 23041012   0.810  1.758  
23041500 23041712   5.205  4.234  
23042200 23042412   4.172  3.594  
23042900 23050112   4.548  2.950  
23050600 23050812   8.929  10.786  
23051300 23051512   3.386  1.283  
23052000 23052212   1.779  4.713  
23052700 23052912   1.230  3.618  
23060300 23060512   4.994  3.037  
23061000 23061212   7.215  2.007  
23061700 23061912   1.308  1.266  
23062400 23062612   2.775  0.794  
23070100 23070312   4.008  1.652  
23070800 23071012   6.703  4.659  
23071500 23071712   5.892  3.163  
23072200 23072412   5.087  2.489  
23072900 23073112   8.326  6.420  
23080500 23080712   1.345  3.526  
23081200 23081412   9.090  2.221  
23081900 23082112   2.389  4.428  
23082600 23082812   6.015  3.977  
23090200 23090412   4.662  1.644  
23090900 23091112   4.128  1.772  
23091600 23091812   3.709  2.141  
23092300 23092512   0.596  0.983  
23093000 23100212   1.633  2.338  
23100700 23100912   3.143  2.135  
23101400 23101612   2.677  1.875  
23102100 23102312   2.013  0.951  
23102800 23103012   11.753  3.521  
