22100100 22100312   3.201  3.549  
22100800 22101012   1.742  1.512  
22101500 22101712   1.220  1.280  
22102200 22102412   3.717  3.577  
22102900 22103112   9.625  10.846  
22110500 22110712   5.106  6.359  
22111200 22111412   1.031  1.008  
22111900 22112112   4.177  4.118  
22112600 22112812   2.179  2.060  
22120300 22120512   0.919  0.889  
22121000 22121212   1.908  1.803  
22121700 22121912   5.673  4.220  
22122400 22122612   7.519  7.362  
22123100 23010212   2.309  2.454  
23010700 23010912   6.662  7.018  
23011400 23011612   1.977  1.880  
23012100 23012312   1.452  1.689  
23012800 23013012   9.198  8.749  
23020400 23020612   9.323  8.727  
23021100 23021312   5.045  6.067  
23021800 23022012   6.432  5.837  
23022500 23022712   8.231  7.705  
23030400 23030612   7.416  7.145  
23031100 23031312   13.361  13.155  
23031800 23032012   5.227  4.846  
23032500 23032712   1.805  1.504  
23040100 23040312   6.553  7.966  
23040800 23041012   8.481  7.306  
23041500 23041712   8.796  7.249  
23042200 23042412   3.265  3.748  
23042900 23050112   5.579  5.177  
23050600 23050812   10.845  11.578  
23051300 23051512   4.650  5.611  
23052000 23052212   5.679  5.028  
23052700 23052912   1.856  1.154  
23060300 23060512   6.896  6.269  
23061000 23061212   3.548  5.718  
23061700 23061912   5.076  6.036  
23062400 23062612   1.577  1.979  
23070100 23070312   11.580  11.013  
23070800 23071012   4.569  4.370  
23071500 23071712   7.437  6.555  
23072200 23072412   6.862  6.443  
23072900 23073112   1.296  1.260  
23080500 23080712   3.821  3.677  
23081200 23081412   1.834  2.400  
23081900 23082112   8.536  9.593  
23082600 23082812   1.701  1.921  
23090200 23090412   13.565  13.163  
23090900 23091112   5.209  4.733  
23091600 23091812   2.749  2.366  
23092300 23092512   1.215  1.537  
23093000 23100212   0.726  0.843  
23100700 23100912   2.366  2.261  
23101400 23101612   6.482  6.830  
23102100 23102312   2.493  2.663  
23102800 23103012   0.364  0.465  
