23032500 23032712   4.262  3.068  
23040100 23040312   8.208  4.637  
23040800 23041012   16.686  10.837  
23041500 23041712   10.412  20.456  
23042200 23042412   4.485  7.900  
23042900 23050112   30.327  27.594  
23050600 23050812   18.544  20.611  
23051300 23051512   12.782  14.783  
23052000 23052212   8.445  6.007  
23052700 23052912   3.401  5.247  
23060300 23060512   4.179  6.393  
23061000 23061212   14.256  8.388  
23061700 23061912   2.193  2.311  
23062400 23062612   7.727  9.246  
23070100 23070312   9.686  8.307  
23070800 23071012   6.544  5.852  
23071500 23071712   23.313  22.497  
23072200 23072412   15.954  15.199  
23072900 23073112   4.975  3.477  
23080500 23080712   13.337  12.499  
23081200 23081412   5.415  11.818  
23081900 23082112   4.118  2.721  
23082600 23082812   2.681  3.403  
23090200 23090412   9.437  14.671  
23090900 23091112   11.181  9.127  
23091600 23091812   41.366  39.490  
23092300 23092512   17.934  15.586  
23093000 23100212   19.603  23.051  
23100700 23100912   56.264  54.975  
23101400 23101612   9.432  13.729  
23102100 23102312   3.536  6.724  
23102800 23103012   12.329  14.255  
