22100100 22100312   0.001  0.001  
22100800 22101012   0.010  0.010  
22101500 22101712   0.001  0.001  
22102200 22102412   0.241  0.241  
22102900 22103112   1.075  1.078  
22110500 22110712   0.452  0.458  
22111200 22111412   0.001  0.002  
22111900 22112112   0.032  0.032  
22112600 22112812   0.565  0.565  
22120300 22120512   0.910  0.914  
22121000 22121212   0.786  1.100  
22121700 22121912   0.014  0.013  
22122400 22122612   0.736  0.730  
22123100 23010212   0.761  0.755  
23010700 23010912   2.410  2.414  
23011400 23011612   0.946  0.944  
23012100 23012312   0.186  0.206  
23012800 23013012   0.002  0.002  
23020400 23020612   2.687  2.643  
23021100 23021312   0.025  0.025  
23021800 23022012   0.031  0.034  
23022500 23022712   1.451  1.450  
23030400 23030612   0.893  0.894  
23031100 23031312   1.418  1.418  
23031800 23032012   0.005  0.005  
23032500 23032712   0.148  0.152  
23040100 23040312   0.159  0.163  
23040800 23041012   0.640  0.640  
23041500 23041712   1.998  1.995  
23042200 23042412   0.122  0.122  
23042900 23050112   0.001  0.001  
23050600 23050812   0.507  0.507  
23051300 23051512   0.017  0.017  
23052000 23052212   0.429  0.429  
23052700 23052912   0.202  0.203  
23060300 23060512   0.002  0.002  
23061000 23061212   0.123  0.123  
23061700 23061912   0.126  0.126  
23062400 23062612   0.368  0.370  
23070100 23070312   0.035  0.035  
23070800 23071012   0.149  0.150  
22112600 22112812   0.565  0.565  
22100100 22100312   0.001  0.001  
