22100100 22100312   5.022  1.450  
22100800 22101012   8.956  3.222  
22101500 22101712   7.052  8.193  
22102200 22102412   3.099  1.523  
22102900 22103112   16.826  2.964  
22110500 22110712   24.416  2.699  
22111200 22111412   1.810  3.623  
22111900 22112112   11.763  6.436  
22112600 22112812   15.950  2.495  
22120300 22120512   20.234  11.472  
22121000 22121212   41.660  7.431  
22121700 22121912   46.792  3.818  
22122400 22122612   54.884  4.493  
22123100 23010212   29.875  6.246  
23010700 23010912   25.430  2.385  
23011400 23011612   26.325  4.278  
23012100 23012312   15.086  3.911  
23012800 23013012   15.830  11.706  
23020400 23020612   22.507  2.131  
23021100 23021312   10.705  10.662  
23021800 23022012   10.613  3.080  
23022500 23022712   17.503  3.149  
23030400 23030612   28.215  3.630  
23031100 23031312   21.938  6.652  
23031800 23032012   3.495  4.835  
23032500 23032712   11.156  5.899  
23040100 23040312   9.100  4.117  
23040800 23041012   4.806  2.896  
23041500 23041712   4.120  3.292  
23042200 23042412   4.449  2.122  
23042900 23050112   4.221  2.400  
23050600 23050812   6.932  3.807  
23051300 23051512   7.050  3.241  
23052000 23052212   7.094  3.331  
23052700 23052912   6.646  1.999  
23060300 23060512   9.623  3.055  
23061000 23061212   3.793  5.633  
23061700 23061912   6.117  1.158  
23062400 23062612   9.629  0.423  
23070100 23070312   5.316  1.849  
23070800 23071012   11.412  1.944  
23071500 23071712   11.410  1.617  
23072200 23072412   8.901  1.851  
23072900 23073112   11.637  1.319  
23080500 23080712   10.924  1.380  
23081200 23081412   9.649  1.380  
23081900 23082112   8.622  1.324  
23082600 23082812   12.136  3.497  
23090200 23090412   3.774  10.685  
23090900 23091112   5.816  1.675  
23091600 23091812   4.004  2.354  
23092300 23092512   4.683  2.158  
23093000 23100212   2.360  1.327  
23100700 23100912   2.669  5.946  
23101400 23101612   5.664  3.047  
23102100 23102312   15.333  0.947  
23102800 23103012   6.102  5.536  
