22100100 22100312   17.930  15.296  
22100800 22101012   7.077  4.840  
22101500 22101712   5.476  5.979  
22102200 22102412   5.736  7.160  
22102900 22103112   16.907  19.195  
22110500 22110712   10.752  16.569  
22111200 22111412   2.417  2.987  
22111900 22112112   6.448  5.249  
22112600 22112812   7.127  6.701  
22120300 22120512   9.217  10.424  
22121000 22121212   3.475  6.607  
22121700 22121912   19.589  15.918  
22122400 22122612   2.813  4.813  
22123100 23010212   2.702  3.044  
23010700 23010912   19.663  22.160  
23011400 23011612   8.575  5.984  
23012100 23012312   6.550  2.673  
23012800 23013012   16.088  19.905  
23020400 23020612   14.446  11.142  
23021100 23021312   6.886  8.760  
23021800 23022012   13.902  11.839  
23022500 23022712   4.480  3.074  
23030400 23030612   14.077  15.523  
23031100 23031312   17.699  16.995  
23031800 23032012   7.873  9.175  
23032500 23032712   14.722  16.441  
23040100 23040312   17.994  15.932  
23040800 23041012   15.500  18.194  
23041500 23041712   8.292  11.368  
23042200 23042412   5.530  5.380  
23042900 23050112   24.721  23.840  
23050600 23050812   3.006  3.269  
23051300 23051512   17.767  16.176  
23052000 23052212   18.083  15.519  
23052700 23052912   5.607  2.625  
23060300 23060512   21.097  20.025  
23061000 23061212   21.338  12.901  
23061700 23061912   6.122  4.822  
23062400 23062612   13.469  12.046  
23070100 23070312   12.223  10.506  
23070800 23071012   20.392  19.132  
23071500 23071712   4.013  2.683  
23072200 23072412   3.550  4.409  
23072900 23073112   6.713  5.620  
23080500 23080712   6.593  5.258  
23081200 23081412   37.209  30.815  
23081900 23082112   6.913  10.337  
23082600 23082812   9.579  8.870  
23090200 23090412   8.019  5.374  
23090900 23091112   13.882  15.987  
23091600 23091812   6.411  5.661  
23092300 23092512   20.385  19.586  
23093000 23100212   19.661  20.656  
23100700 23100912   5.998  5.438  
23101400 23101612   16.389  17.429  
23102100 23102312   21.535  20.899  
23102800 23103012   9.789  10.414  
