22100100 22100312   0.315  0.000  0.341  0.000  
22100800 22101012   0.194  0.000  0.193  0.000  
22101500 22101712   0.007  0.001  0.004  0.057  
22102200 22102412   -0.102  0.001  -0.103  0.001  
22102900 22103112   0.213  0.000  0.203  0.000  
22110500 22110712   0.110  0.000  0.091  0.003  
22111200 22111412   -0.109  0.000  -0.107  0.000  
22111900 22112112   0.242  0.000  0.267  0.000  
22112600 22112812   -0.004  0.887  0.002  0.946  
22120300 22120512   -0.003  0.908  0.039  0.201  
22121000 22121212   -0.189  0.000  -0.192  0.000  
22121700 22121912   0.004  0.902  0.023  0.445  
22122400 22122612   -0.067  0.024  -0.020  0.498  
22123100 23010212   -0.030  0.330  -0.061  0.043  
23010700 23010912   -0.034  0.030  -0.051  0.001  
23011400 23011612   -0.165  0.211  -0.149  0.261  
23012100 23012312   -0.049  0.107  0.025  0.411  
23012800 23013012   -0.100  0.001  -0.089  0.003  
23020400 23020612   0.021  0.480  -0.008  0.788  
23021100 23021312   -0.287  0.000  -0.282  0.000  
23021800 23022012   0.155  0.000  0.153  0.000  
23022500 23022712   0.046  0.003  0.044  0.005  
23030400 23030612   0.222  0.000  0.212  0.000  
23031100 23031312   0.147  0.000  0.149  0.000  
23031800 23032012   0.164  0.000  0.157  0.000  
23032500 23032712   -0.279  0.000  -0.239  0.000  
23040100 23040312   0.142  0.000  0.124  0.000  
23040800 23041012   0.131  0.000  0.125  0.000  
23041500 23041712   0.104  0.000  0.104  0.000  
23042200 23042412   0.148  0.000  0.148  0.000  
23042900 23050112   0.004  0.900  -0.005  0.877  
23050600 23050812   0.247  0.000  0.251  0.000  
23051300 23051512   0.149  0.008  0.188  0.001  
23052000 23052212   -0.090  0.002  -0.085  0.003  
23052700 23052912   0.013  0.673  0.013  0.674  
23060300 23060512   0.175  0.000  0.149  0.000  
23061000 23061212   0.199  0.000  0.153  0.000  
23061700 23061912   0.230  0.000  0.237  0.000  
23062400 23062612   0.061  0.000  0.058  0.000  
23070100 23070312   0.299  0.000  0.288  0.000  
23070800 23071012   0.050  0.098  0.079  0.010  
23071500 23071712   0.278  0.000  0.254  0.000  
23072200 23072412   0.258  0.000  0.258  0.000  
23072900 23073112   -0.132  0.340  -0.156  0.260  
23080500 23080712   0.217  0.000  0.218  0.000  
23081200 23081412   1.000  nan  1.000  nan  
23081900 23082112   0.313  0.000  0.327  0.000  
23082600 23082812   0.019  0.529  0.019  0.531  
23090200 23090412   -0.027  0.366  -0.028  0.364  
23090900 23091112   0.038  0.013  0.040  0.010  
23091600 23091812   0.333  0.000  0.353  0.000  
23092300 23092512   -0.044  0.005  -0.043  0.005  
23093000 23100212   0.229  0.000  0.240  0.000  
23100700 23100912   0.161  0.000  0.155  0.000  
23101400 23101612   0.109  0.000  0.109  0.000  
23102100 23102312   0.093  0.000  0.095  0.000  
23102800 23103012   0.085  0.000  0.094  0.000  
