22100100 22100312   2.829  7.415  
22100800 22101012   19.195  7.787  
22101500 22101712   13.837  5.288  
22102200 22102412   8.995  3.192  
22102900 22103112   17.848  15.195  
22110500 22110712   12.907  2.402  
22111200 22111412   17.326  5.888  
22111900 22112112   4.686  1.594  
22112600 22112812   2.296  7.704  
22120300 22120512   3.994  16.528  
22121000 22121212   2.764  11.870  
22121700 22121912   4.745  3.176  
22122400 22122612   1.337  5.888  
22123100 23010212   5.864  8.450  
23010700 23010912   5.835  3.022  
23011400 23011612   2.262  5.482  
23012100 23012312   12.332  4.761  
23012800 23013012   0.493  6.124  
23020400 23020612   0.805  4.223  
23021100 23021312   27.074  18.825  
23021800 23022012   1.547  6.014  
23022500 23022712   9.792  4.095  
23030400 23030612   9.333  2.676  
23031100 23031312   4.486  14.603  
23031800 23032012   20.137  3.703  
23032500 23032712   17.132  13.594  
23040100 23040312   13.867  7.989  
23040800 23041012   16.530  11.923  
23041500 23041712   13.687  2.993  
23042200 23042412   4.919  1.915  
23042900 23050112   1.034  4.520  
23050600 23050812   9.932  7.799  
23051300 23051512   10.104  6.500  
23052000 23052212   10.628  2.551  
23052700 23052912   20.250  2.172  
23060300 23060512   11.747  5.309  
23061000 23061212   13.124  3.715  
23061700 23061912   2.802  11.382  
23062400 23062612   25.938  22.975  
23070100 23070312   3.867  5.323  
23070800 23071012   12.352  4.200  
23071500 23071712   15.420  10.934  
23072200 23072412   10.233  7.060  
23072900 23073112   6.095  3.070  
23080500 23080712   15.385  12.368  
23081200 23081412   23.639  16.317  
23081900 23082112   10.087  6.035  
23082600 23082812   10.439  5.518  
23090200 23090412   1.755  12.789  
23090900 23091112   31.623  13.489  
23091600 23091812   31.808  19.447  
23092300 23092512   1.165  3.502  
23093000 23100212   23.015  19.548  
23100700 23100912   13.215  5.471  
23101400 23101612   28.939  12.366  
23102100 23102312   10.370  6.323  
23102800 23103012   2.173  6.013  
