22100100 22100312   4.757  1.450  
22100800 22101012   5.267  3.222  
22101500 22101712   6.759  8.193  
22102200 22102412   3.605  1.523  
22102900 22103112   22.422  2.964  
22110500 22110712   26.095  2.699  
22111200 22111412   2.348  3.623  
22111900 22112112   14.420  6.436  
22112600 22112812   18.964  2.495  
22120300 22120512   21.453  11.472  
22121000 22121212   50.587  7.431  
22121700 22121912   59.170  3.818  
22122400 22122612   67.470  4.493  
22123100 23010212   35.296  6.246  
23010700 23010912   31.088  2.385  
23011400 23011612   30.711  4.278  
23012100 23012312   14.528  3.911  
23012800 23013012   24.791  11.706  
23020400 23020612   30.278  2.131  
23021100 23021312   14.433  10.662  
23021800 23022012   11.111  3.080  
23022500 23022712   20.385  3.149  
23030400 23030612   34.897  3.630  
23031100 23031312   26.686  6.652  
23031800 23032012   4.648  4.835  
23032500 23032712   12.126  5.899  
23040100 23040312   10.545  4.117  
23040800 23041012   6.250  2.896  
23041500 23041712   4.472  3.292  
23042200 23042412   5.085  2.122  
23042900 23050112   2.859  2.400  
23050600 23050812   5.019  3.807  
23051300 23051512   4.025  3.241  
23052000 23052212   3.027  3.331  
23052700 23052912   3.736  1.999  
23060300 23060512   5.769  3.055  
23061000 23061212   2.205  5.633  
23061700 23061912   2.152  1.158  
23062400 23062612   3.262  0.423  
23070100 23070312   2.442  1.849  
23070800 23071012   3.217  1.944  
23071500 23071712   5.649  1.617  
23072200 23072412   2.169  1.851  
23072900 23073112   4.642  1.319  
23080500 23080712   3.951  1.380  
23081200 23081412   8.038  1.380  
23081900 23082112   3.426  1.324  
23082600 23082812   6.530  3.497  
23090200 23090412   8.299  10.685  
23090900 23091112   2.824  1.675  
23091600 23091812   1.959  2.354  
23092300 23092512   3.923  2.158  
23093000 23100212   1.191  1.327  
23100700 23100912   4.492  5.946  
23101400 23101612   3.917  3.047  
23102100 23102312   18.719  0.947  
23102800 23103012   6.668  5.536  
