22100100 22100312   5.251  5.554  
22100800 22101012   9.068  7.817  
22101500 22101712   7.119  9.280  
22102200 22102412   3.027  2.753  
22102900 22103112   18.208  1.322  
22110500 22110712   26.253  4.505  
22111200 22111412   1.565  4.984  
22111900 22112112   11.882  4.954  
22112600 22112812   14.118  1.843  
22120300 22120512   19.297  11.809  
22121000 22121212   41.372  10.677  
22121700 22121912   45.024  6.362  
22122400 22122612   53.020  2.934  
22123100 23010212   24.861  11.034  
23010700 23010912   21.422  5.414  
23011400 23011612   24.914  5.651  
23012100 23012312   11.179  5.118  
23012800 23013012   11.383  6.697  
23020400 23020612   20.943  1.745  
23021100 23021312   5.577  9.477  
23021800 23022012   8.737  2.242  
23022500 23022712   17.621  2.863  
23030400 23030612   26.744  3.996  
23031100 23031312   20.264  7.907  
23031800 23032012   1.499  5.572  
23032500 23032712   11.345  3.892  
23040100 23040312   9.157  2.255  
23040800 23041012   2.856  5.854  
23041500 23041712   3.196  6.556  
23042200 23042412   4.623  4.334  
23042900 23050112   5.188  6.523  
23050600 23050812   8.604  8.192  
23051300 23051512   9.190  7.523  
23052000 23052212   10.202  5.296  
23052700 23052912   7.091  6.535  
23060300 23060512   10.378  7.829  
23061000 23061212   3.362  1.459  
23061700 23061912   7.107  5.037  
23062400 23062612   8.853  4.288  
23070100 23070312   5.990  4.020  
23070800 23071012   10.311  3.347  
23071500 23071712   11.193  6.317  
23072200 23072412   8.170  2.594  
23072900 23073112   10.772  4.262  
23080500 23080712   10.012  3.975  
23081200 23081412   7.766  4.230  
23081900 23082112   8.228  4.439  
23082600 23082812   11.456  7.639  
23090200 23090412   4.480  6.033  
23090900 23091112   5.720  4.624  
23091600 23091812   3.851  3.518  
23092300 23092512   5.418  6.708  
23093000 23100212   2.650  3.812  
23100700 23100912   2.671  2.140  
23101400 23101612   5.787  6.107  
23102100 23102312   15.381  4.554  
23102800 23103012   6.859  2.853  
