22100100 22100312   2.118  2.029  
22100800 22101012   7.671  5.387  
22101500 22101712   8.495  8.340  
22102200 22102412   5.355  7.348  
22102900 22103112   6.112  9.183  
22110500 22110712   11.615  17.314  
22111200 22111412   6.251  7.726  
22111900 22112112   3.373  5.780  
22112600 22112812   11.770  6.410  
22120300 22120512   4.782  5.522  
22121000 22121212   23.396  24.435  
22121700 22121912   4.540  4.909  
22122400 22122612   15.522  14.542  
22123100 23010212   15.154  17.666  
23010700 23010912   15.256  19.655  
23011400 23011612   7.333  8.277  
23012100 23012312   5.176  7.659  
23012800 23013012   5.520  6.652  
23020400 23020612   20.549  21.125  
23021100 23021312   8.036  12.481  
23021800 23022012   1.890  4.058  
23022500 23022712   2.042  3.643  
23030400 23030612   12.807  12.724  
23031100 23031312   5.049  6.846  
23031800 23032012   4.617  7.515  
23032500 23032712   10.554  13.983  
23040100 23040312   16.986  20.395  
23040800 23041012   9.663  8.572  
23041500 23041712   6.644  8.444  
23042200 23042412   7.304  6.957  
23042900 23050112   2.738  4.706  
23050600 23050812   8.541  7.041  
23051300 23051512   3.911  4.230  
23052000 23052212   12.207  10.181  
23052700 23052912   16.609  14.977  
23060300 23060512   5.768  6.197  
23061000 23061212   10.868  11.603  
23061700 23061912   4.468  4.375  
23062400 23062612   4.186  5.041  
23070100 23070312   7.706  6.874  
23070800 23071012   8.030  6.937  
23071500 23071712   5.351  4.972  
23072200 23072412   3.935  4.024  
23072900 23073112   2.904  2.620  
23080500 23080712   11.795  8.303  
23081200 23081412   3.498  3.701  
23081900 23082112   14.726  12.816  
23082600 23082812   2.266  1.924  
23090200 23090412   17.039  14.452  
23090900 23091112   2.243  2.721  
23091600 23091812   6.239  6.929  
23092300 23092512   7.281  6.504  
23093000 23100212   13.060  13.654  
23100700 23100912   8.987  7.712  
23101400 23101612   12.415  13.196  
23102100 23102312   14.678  12.205  
23102800 23103012   9.085  8.225  
23110400 23110612   9.822  11.755  
23111100 23111312   23.230  27.613  
23111800 23112012   5.115  6.141  
23112500 23112712   5.922  7.559  
23120200 23120412   10.418  11.981  
23120900 23121112   5.550  6.447  
23121600 23121812   7.409  8.769  
23122300 23122512   19.999  17.522  
23123000 24010112   12.620  16.126  
24010600 24010812   19.658  27.050  
