22100100 22100312   1.514  0.863  
22100800 22101012   1.522  1.489  
22101500 22101712   1.797  1.791  
22102200 22102412   0.902  0.909  
22102900 22103112   1.157  1.158  
22110500 22110712   1.369  1.881  
22111200 22111412   0.239  0.813  
22111900 22112112   0.540  0.881  
22112600 22112812   0.324  0.330  
22120300 22120512   1.414  1.417  
22121000 22121212   3.615  2.877  
22121700 22121912   0.324  0.325  
22122400 22122612   4.533  4.537  
22123100 23010212   2.089  2.091  
23010700 23010912   0.299  0.284  
23011400 23011612   1.063  1.059  
23012100 23012312   1.289  1.780  
23012800 23013012   1.361  1.065  
23020400 23020612   2.622  2.233  
23021100 23021312   0.222  0.229  
23021800 23022012   2.478  2.080  
23022500 23022712   1.194  1.328  
23030400 23030612   1.851  1.851  
23031100 23031312   2.123  2.120  
23031800 23032012   3.057  3.065  
23032500 23032712   1.632  1.631  
23040100 23040312   0.263  0.116  
23040800 23041012   1.601  1.587  
23041500 23041712   0.571  0.903  
23042200 23042412   2.198  2.201  
23042900 23050112   3.265  3.288  
23050600 23050812   1.673  1.661  
23051300 23051512   5.582  4.708  
23052000 23052212   0.704  0.744  
23052700 23052912   1.349  1.310  
23060300 23060512   3.514  3.542  
23061000 23061212   2.288  2.264  
23061700 23061912   0.616  0.631  
23062400 23062612   1.199  1.150  
23070100 23070312   1.348  1.358  
23070800 23071012   1.024  0.976  
23071500 23071712   3.881  3.897  
23072200 23072412   1.865  1.884  
23072900 23073112   1.001  1.017  
23080500 23080712   0.294  0.306  
23081200 23081412   5.206  2.945  
23081900 23082112   3.349  3.320  
23082600 23082812   1.134  1.148  
23100700 23100912   4.870  4.887  
23101400 23101612   0.138  0.143  
23102100 23102312   1.799  1.785  
23102800 23103012   1.065  1.072  
23110400 23110612   3.910  3.907  
23111100 23111312   0.360  0.364  
