22100100 22100312   4.811  4.405  
22100800 22101012   6.963  6.930  
22101500 22101712   8.880  8.827  
22102200 22102412   6.021  5.989  
22102900 22103112   12.137  12.093  
22110500 22110712   13.193  14.160  
22111200 22111412   6.363  7.642  
22111900 22112112   0.861  1.336  
22112600 22112812   1.821  1.728  
22120300 22120512   8.519  8.452  
22121000 22121212   18.185  23.023  
22121700 22121912   4.830  4.824  
22122400 22122612   14.540  14.508  
22123100 23010212   17.646  17.575  
23010700 23010912   21.483  21.372  
23011400 23011612   14.132  14.105  
23012100 23012312   1.056  1.456  
23012800 23013012   3.045  3.404  
23020400 23020612   17.928  19.324  
23021100 23021312   12.526  12.465  
23021800 23022012   9.445  8.940  
23022500 23022712   0.962  0.684  
23030400 23030612   13.951  13.898  
23031100 23031312   2.016  2.010  
23031800 23032012   6.137  6.104  
23032500 23032712   15.610  15.537  
23040100 23040312   19.458  20.260  
23040800 23041012   12.079  12.024  
23041500 23041712   6.301  6.640  
23042200 23042412   3.878  3.851  
23042900 23050112   4.168  4.131  
23050600 23050812   5.668  5.647  
23051300 23051512   2.800  2.605  
23052000 23052212   8.812  8.782  
23052700 23052912   13.309  13.234  
23060300 23060512   6.209  6.173  
23061000 23061212   11.561  11.511  
23061700 23061912   2.959  2.922  
23062400 23062612   6.195  6.157  
23070100 23070312   4.863  4.831  
23070800 23071012   5.528  5.483  
23071500 23071712   4.955  4.930  
23072200 23072412   5.147  5.113  
23072900 23073112   4.376  4.412  
23080500 23080712   11.314  11.261  
23081200 23081412   2.670  3.544  
23081900 23082112   14.379  14.290  
23082600 23082812   2.287  2.332  
23100700 23100912   7.719  7.685  
23101400 23101612   14.545  14.474  
23102100 23102312   14.036  13.960  
23102800 23103012   8.246  8.198  
23110400 23110612   7.251  7.217  
23111100 23111312   26.210  26.146  
