22100100 22100312   1.561  0.934  
22100800 22101012   1.605  1.577  
22101500 22101712   2.024  2.018  
22102200 22102412   0.918  0.921  
22102900 22103112   1.179  1.176  
22110500 22110712   1.428  1.917  
22111200 22111412   0.277  0.835  
22111900 22112112   0.588  0.912  
22112600 22112812   0.378  0.376  
22120300 22120512   1.426  1.430  
22121000 22121212   3.657  2.926  
22121700 22121912   1.128  1.135  
22122400 22122612   4.590  4.593  
22123100 23010212   2.128  2.129  
23010700 23010912   0.359  0.322  
23011400 23011612   1.104  1.080  
23012100 23012312   1.314  1.812  
23012800 23013012   1.363  1.068  
23020400 23020612   2.624  2.235  
23021100 23021312   0.261  0.264  
23021800 23022012   2.479  2.081  
23022500 23022712   1.288  1.412  
23030400 23030612   1.877  1.878  
23031100 23031312   2.134  2.131  
23031800 23032012   3.075  3.084  
23032500 23032712   1.652  1.649  
23040100 23040312   0.411  0.350  
23040800 23041012   1.621  1.604  
23041500 23041712   0.575  0.904  
23042200 23042412   2.216  2.220  
23042900 23050112   3.357  3.381  
23050600 23050812   1.698  1.689  
23051300 23051512   5.839  4.955  
23052000 23052212   0.881  0.949  
23052700 23052912   1.394  1.334  
23060300 23060512   3.536  3.564  
23061000 23061212   2.323  2.297  
23061700 23061912   0.799  0.762  
23062400 23062612   1.274  1.186  
23070100 23070312   1.396  1.374  
23070800 23071012   1.059  1.003  
23071500 23071712   3.929  3.941  
23072200 23072412   1.907  1.915  
23072900 23073112   1.063  1.039  
23080500 23080712   0.538  0.446  
23081200 23081412   5.258  2.979  
23081900 23082112   3.393  3.367  
23082600 23082812   1.198  1.197  
23100700 23100912   4.978  5.001  
23101400 23101612   0.401  0.322  
23102100 23102312   1.801  1.788  
23102800 23103012   1.070  1.076  
23110400 23110612   3.978  3.984  
23111100 23111312   0.519  0.504  
