22100100 22100312   4.876  4.504  
22100800 22101012   7.021  6.986  
22101500 22101712   9.000  8.947  
22102200 22102412   6.103  6.075  
22102900 22103112   12.171  12.128  
22110500 22110712   13.442  14.412  
22111200 22111412   6.393  7.669  
22111900 22112112   1.267  1.604  
22112600 22112812   2.455  2.414  
22120300 22120512   8.952  8.914  
22121000 22121212   18.230  23.093  
22121700 22121912   4.914  4.917  
22122400 22122612   14.586  14.543  
22123100 23010212   17.740  17.659  
23010700 23010912   21.525  21.407  
23011400 23011612   14.194  14.155  
23012100 23012312   3.035  3.451  
23012800 23013012   3.095  3.454  
23020400 23020612   17.936  19.332  
23021100 23021312   12.543  12.482  
23021800 23022012   9.452  8.948  
23022500 23022712   1.993  2.080  
23030400 23030612   14.040  13.991  
23031100 23031312   3.269  3.344  
23031800 23032012   6.162  6.132  
23032500 23032712   15.762  15.682  
23040100 23040312   19.591  20.397  
23040800 23041012   12.338  12.288  
23041500 23041712   6.316  6.655  
23042200 23042412   4.332  4.314  
23042900 23050112   4.380  4.345  
23050600 23050812   5.778  5.768  
23051300 23051512   3.442  3.311  
23052000 23052212   8.854  8.818  
23052700 23052912   13.384  13.304  
23060300 23060512   6.264  6.229  
23061000 23061212   11.651  11.596  
23061700 23061912   4.335  4.316  
23062400 23062612   6.329  6.295  
23070100 23070312   5.451  5.458  
23070800 23071012   5.729  5.684  
23071500 23071712   4.993  4.968  
23072200 23072412   5.266  5.236  
23072900 23073112   4.658  4.689  
23080500 23080712   11.389  11.332  
23081200 23081412   2.977  3.779  
23081900 23082112   14.625  14.519  
23082600 23082812   2.485  2.532  
23100700 23100912   7.753  7.717  
23101400 23101612   14.575  14.502  
23102100 23102312   14.049  13.973  
23102800 23103012   8.274  8.226  
23110400 23110612   7.945  7.955  
23111100 23111312   26.361  26.277  
