22100100 22100312   1.111  0.558  
22100800 22101012   0.769  1.652  
22101500 22101712   1.881  1.898  
22102200 22102412   1.193  1.212  
22102900 22103112   1.515  1.329  
22110500 22110712   1.288  2.137  
22111200 22111412   0.572  0.872  
22111900 22112112   0.300  0.220  
22112600 22112812   1.376  1.076  
22120300 22120512   1.535  1.543  
22121000 22121212   3.767  3.065  
22121700 22121912   1.120  1.194  
22122400 22122612   4.340  4.135  
22123100 23010212   1.847  1.719  
23010700 23010912   1.021  0.983  
23011400 23011612   3.555  1.367  
23012100 23012312   1.543  2.780  
23012800 23013012   0.902  0.563  
23020400 23020612   2.285  1.271  
23021100 23021312   0.547  0.843  
23021800 23022012   1.510  1.021  
23022500 23022712   0.378  0.385  
23030400 23030612   0.981  0.990  
23031100 23031312   1.101  1.113  
23031800 23032012   2.356  1.994  
23032500 23032712   0.822  0.821  
23040100 23040312   0.424  0.880  
23040800 23041012   2.419  2.760  
23041500 23041712   1.268  2.005  
23042200 23042412   1.596  1.457  
23042900 23050112   2.800  2.858  
23050600 23050812   1.092  1.106  
23051300 23051512   4.110  3.488  
23052000 23052212   2.285  2.888  
23052700 23052912   2.059  2.780  
23060300 23060512   2.154  2.199  
23061000 23061212   0.803  2.708  
23061700 23061912   0.618  0.591  
23062400 23062612   1.355  1.278  
23070100 23070312   0.654  0.605  
23070800 23071012   1.616  1.529  
23071500 23071712   3.875  3.086  
23072200 23072412   0.381  0.243  
23072900 23073112   0.797  0.664  
23080500 23080712   1.704  1.602  
23081200 23081412   6.174  1.658  
23081900 23082112   3.149  3.816  
23082600 23082812   1.363  1.397  
23100700 23100912   5.031  5.090  
23101400 23101612   0.394  0.311  
23102100 23102312   2.383  2.342  
23102800 23103012   1.053  1.072  
23110400 23110612   2.792  2.818  
23111100 23111312   0.665  0.426  
