22100100 22100312   0.446  0.000  0.446  0.000  
22100800 22101012   -0.244  0.000  -0.247  0.000  
22101500 22101712   0.661  0.000  0.661  0.000  
22102200 22102412   0.217  0.000  0.217  0.000  
22102900 22103112   -0.068  0.023  -0.080  0.008  
22110500 22110712   0.352  0.000  0.352  0.000  
22111200 22111412   -0.003  0.226  0.002  0.449  
22111900 22112112   0.328  0.000  0.329  0.000  
22112600 22112812   0.048  0.002  0.043  0.005  
22120300 22120512   0.294  0.000  0.250  0.000  
22121000 22121212   0.169  0.000  -0.071  0.018  
22121700 22121912   0.182  0.000  0.181  0.000  
22122400 22122612   0.259  0.000  0.294  0.000  
22123100 23010212   -0.168  0.000  -0.079  0.009  
23010700 23010912   0.036  0.018  0.037  0.016  
23011400 23011612   -0.129  0.000  -0.190  0.000  
23012100 23012312   -0.119  0.000  -0.107  0.000  
23012800 23013012   0.055  0.000  0.055  0.000  
23020400 23020612   0.037  0.000  0.049  0.000  
23021100 23021312   -0.127  0.000  -0.122  0.000  
23021800 23022012   -0.060  0.000  -0.064  0.000  
23022500 23022712   -0.244  0.000  -0.254  0.000  
23030400 23030612   -0.057  0.057  -0.032  0.282  
23031100 23031312   0.165  0.000  0.178  0.000  
23031800 23032012   0.126  0.000  0.126  0.000  
23032500 23032712   0.244  0.000  0.244  0.000  
23040100 23040312   0.126  0.000  0.126  0.000  
23040800 23041012   -0.221  0.000  -0.226  0.000  
23041500 23041712   0.063  0.000  0.063  0.000  
23042200 23042412   0.307  0.000  0.320  0.000  
23042900 23050112   -0.491  0.000  -0.493  0.000  
23050600 23050812   -0.127  0.000  -0.170  0.000  
23051300 23051512   -0.681  0.000  -0.524  0.000  
23052000 23052212   -0.160  0.000  -0.138  0.000  
23052700 23052912   -0.130  0.000  -0.130  0.000  
23060300 23060512   0.237  0.000  0.238  0.000  
23061000 23061212   -0.228  0.000  -0.228  0.000  
23061700 23061912   -0.220  0.000  -0.220  0.000  
23062400 23062612   0.058  0.055  0.058  0.054  
23070100 23070312   0.011  0.715  0.010  0.732  
23070800 23071012   0.004  0.895  0.025  0.401  
23071500 23071712   -0.005  0.858  -0.013  0.678  
23072200 23072412   -0.093  0.002  -0.117  0.000  
23072900 23073112   -0.172  0.000  -0.189  0.000  
23080500 23080712   0.202  0.000  0.202  0.000  
23081200 23081412   0.078  0.009  -0.106  0.000  
23081900 23082112   -0.022  0.459  -0.023  0.447  
23082600 23082812   0.331  0.000  0.329  0.000  
23090200 23090412   0.248  0.000  0.249  0.000  
23090900 23091112   0.117  0.000  0.098  0.000  
23091600 23091812   -0.028  0.350  -0.029  0.337  
23092300 23092512   0.229  0.000  0.230  0.000  
23093000 23100212   0.011  0.716  0.022  0.467  
23100700 23100912   -0.210  0.000  -0.190  0.000  
23101400 23101612   0.093  0.002  0.093  0.002  
23102100 23102312   0.062  0.000  0.041  0.008  
23102800 23103012   0.193  0.000  0.193  0.000  
23110400 23110612   0.002  0.950  0.017  0.580  
23111100 23111312   -0.045  0.138  0.002  0.952  
23111800 23112012   0.400  0.000  0.400  0.000  
23112500 23112712   0.201  0.000  0.543  0.000  
23120200 23120412   0.302  0.000  0.318  0.000  
23120900 23121112   -0.462  0.000  -0.466  0.000  
23121600 23121812   0.150  0.000  0.162  0.000  
23122300 23122512   -0.155  0.000  -0.096  0.001  
23123000 24010112   -0.061  0.042  -0.037  0.223  
24010600 24010812   -0.171  0.000  -0.157  0.000  
