22100100 22100312   1.032  0.941  
22100100 22100312   5.422  6.912  
22100800 22101012   3.389  5.290  
22101500 22101712   3.782  2.363  
22102200 22102412   2.762  4.251  
22102900 22103112   6.444  8.143  
22110500 22110712   3.299  1.224  
22111200 22111412   6.011  3.861  
22111900 22112112   9.853  1.716  
22112600 22112812   0.689  2.894  
22120300 22120512   26.287  2.427  
22121000 22121212   3.782  4.900  
22121700 22121912   10.442  2.213  
22122400 22122612   8.185  0.546  
22123100 23010212   1.866  0.629  
23010700 23010912   0.825  3.200  
23011400 23011612   0.564  0.182  
23012100 23012312   1.397  3.456  
23012800 23013012   8.277  2.038  
23020400 23020612   1.236  2.748  
23021100 23021312   1.268  3.295  
23021800 23022012   4.500  9.971  
23022500 23022712   13.343  9.572  
23030400 23030612   0.752  6.472  
23031100 23031312   4.792  10.272  
23031800 23032012   9.575  11.589  
23032500 23032712   8.056  10.412  
23040100 23040312   6.698  8.305  
23040800 23041012   7.638  9.162  
23041500 23041712   9.076  10.654  
23042200 23042412   9.745  11.138  
23042900 23050112   9.014  10.277  
23050600 23050812   0.626  0.602  
23051300 23051512   8.008  9.850  
23052000 23052212   5.314  7.535  
23052700 23052912   2.083  3.960  
23060300 23060512   7.759  9.124  
23061000 23061212   0.777  2.049  
23061700 23061912   2.004  2.851  
23062400 23062612   6.044  5.602  
23070100 23070312   3.252  4.244  
23070800 23071012   7.511  8.571  
23071500 23071712   7.662  9.004  
23072200 23072412   4.100  5.220  
23072900 23073112   6.568  7.694  
23080500 23080712   8.702  9.764  
23081200 23081412   8.761  10.674  
23081900 23082112   8.889  9.750  
23082600 23082812   7.588  8.701  
23090200 23090412   6.033  7.664  
23090900 23091112   7.791  9.348  
23091600 23091812   5.981  7.482  
23092300 23092512   1.131  1.554  
23093000 23100212   5.407  7.424  
23100700 23100912   2.777  4.332  
23101400 23101612   4.339  5.841  
23102100 23102312   2.111  4.269  
23102800 23103012   0.947  6.140  
