22100100 22100312   7.522  4.286  
22100800 22101012   3.228  0.455  
22101500 22101712   3.208  3.550  
22102200 22102412   5.735  5.376  
22102900 22103112   3.088  2.796  
22111200 22111412   10.111  3.947  
22111900 22112112   20.422  1.248  
22121000 22121212   12.693  4.723  
23010700 23010912   6.082  0.178  
23011400 23011612   6.900  3.386  
23012100 23012312   5.541  0.876  
23012800 23013012   21.574  6.878  
23022500 23022712   18.676  4.708  
23030400 23030612   4.514  2.864  
23031100 23031312   6.674  2.015  
23031800 23032012   5.436  4.276  
23032500 23032712   1.428  0.672  
23040100 23040312   4.348  3.837  
23040800 23041012   4.098  3.167  
23041500 23041712   2.292  1.867  
23042200 23042412   4.952  3.629  
23042900 23050112   1.402  0.825  
23050600 23050812   7.375  7.301  
23051300 23051512   6.213  4.330  
23052000 23052212   3.062  2.200  
23052700 23052912   4.167  1.818  
23060300 23060512   2.295  1.473  
23061000 23061212   10.532  11.049  
23061700 23061912   10.177  10.469  
23062400 23062612   0.207  0.727  
23070100 23070312   2.920  4.099  
23070800 23071012   0.208  0.732  
23072200 23072412   2.797  3.820  
23072900 23073112   1.030  0.696  
23080500 23080712   3.361  3.187  
23081200 23081412   9.469  5.935  
23081900 23082112   2.494  1.912  
23082600 23082812   1.595  1.425  
23090200 23090412   7.022  4.627  
23090900 23091112   5.360  4.009  
23091600 23091812   0.616  0.494  
23092300 23092512   4.384  4.788  
23093000 23100212   1.724  0.748  
23100700 23100912   2.035  1.819  
23101400 23101612   0.694  0.487  
23102100 23102312   1.074  0.510  
23102800 23103012   0.873  1.084  
23110400 23110612   4.836  2.206  
23111100 23111312   1.462  1.521  
23120200 23120412   9.879  1.329  
23120900 23121112   18.579  2.464  
24010600 24010812   10.377  1.572  
24011300 24011512   55.680  4.912  
