22100100 22100312   5.121  2.777  
22100800 22101012   0.708  1.411  
22101500 22101712   2.330  2.137  
22102200 22102412   5.048  2.969  
22102900 22103112   1.499  0.863  
22111200 22111412   14.759  2.653  
22111900 22112112   21.159  1.239  
22121000 22121212   28.570  3.166  
23010700 23010912   5.478  1.549  
23011400 23011612   2.746  0.972  
23012100 23012312   4.463  3.904  
23012800 23013012   34.091  4.535  
23022500 23022712   30.424  7.819  
23030400 23030612   27.167  8.363  
23031100 23031312   32.310  3.144  
23031800 23032012   4.236  0.552  
23032500 23032712   0.646  2.286  
23040100 23040312   3.815  2.601  
23040800 23041012   2.435  2.600  
23041500 23041712   1.089  1.136  
23042200 23042412   2.134  2.384  
23042900 23050112   5.309  5.149  
23050600 23050812   5.950  6.416  
23051300 23051512   2.642  0.514  
23052000 23052212   3.434  0.786  
23052700 23052912   2.476  0.746  
23060300 23060512   4.106  2.747  
23061000 23061212   6.889  7.723  
23061700 23061912   2.303  2.632  
23062400 23062612   3.807  2.342  
23070100 23070312   3.319  4.612  
23070800 23071012   3.010  2.695  
23072200 23072412   3.065  1.274  
23072900 23073112   4.715  4.745  
23080500 23080712   3.656  3.487  
23081200 23081412   5.695  3.742  
23081900 23082112   4.581  3.461  
23082600 23082812   1.073  1.161  
23090200 23090412   0.404  2.145  
23090900 23091112   4.743  3.982  
23091600 23091812   1.373  1.408  
23092300 23092512   2.893  3.592  
23093000 23100212   1.185  0.758  
23100700 23100912   3.542  3.707  
23101400 23101612   1.420  0.814  
23102100 23102312   1.550  1.007  
23102800 23103012   10.992  1.856  
23110400 23110612   2.439  2.442  
23111100 23111312   3.910  0.126  
23120200 23120412   11.519  0.992  
23120900 23121112   16.790  4.449  
24010600 24010812   18.105  5.885  
24011300 24011512   59.297  2.091  
