22100100 22100312   2.543  2.269  
22100800 22101012   0.641  0.583  
22101500 22101712   2.042  2.180  
22102200 22102412   1.702  1.769  
22102900 22103112   1.245  0.825  
22111200 22111412   3.093  3.383  
22111900 22112112   2.286  1.437  
22121000 22121212   7.182  3.530  
23010700 23010912   2.330  1.824  
23011400 23011612   2.823  3.869  
23012100 23012312   5.574  4.940  
23012800 23013012   7.139  5.964  
23022500 23022712   5.110  5.161  
23030400 23030612   0.539  0.709  
23031100 23031312   1.447  0.437  
23031800 23032012   1.105  2.442  
23032500 23032712   1.975  3.885  
23040100 23040312   4.388  4.959  
23040800 23041012   6.406  4.491  
23041500 23041712   2.676  3.590  
23042200 23042412   5.060  3.298  
23042900 23050112   2.949  0.849  
23050600 23050812   4.489  4.638  
23051300 23051512   4.408  3.773  
23052000 23052212   1.506  2.329  
23052700 23052912   5.004  4.802  
23060300 23060512   10.278  10.589  
23061000 23061212   2.450  4.813  
23061700 23061912   0.455  1.029  
23062400 23062612   18.886  20.020  
23070100 23070312   3.700  3.530  
23070800 23071012   5.874  5.502  
23072200 23072412   1.887  2.496  
23072900 23073112   5.840  5.466  
23080500 23080712   4.940  5.654  
23081200 23081412   0.355  0.517  
23081900 23082112   11.345  11.541  
23082600 23082812   4.956  4.509  
23090200 23090412   0.952  1.794  
23090900 23091112   1.613  1.802  
23091600 23091812   1.446  1.421  
23092300 23092512   1.135  2.084  
23093000 23100212   1.572  0.674  
23100700 23100912   1.310  1.971  
23101400 23101612   2.967  3.102  
23102100 23102312   0.964  1.140  
23102800 23103012   1.003  0.819  
23110400 23110612   2.656  3.400  
23111100 23111312   0.785  0.980  
23120200 23120412   4.688  4.674  
23120900 23121112   1.336  3.459  
24010600 24010812   5.459  7.856  
24011300 24011512   14.376  13.451  
