22100100 22100312   0.001  0.002  
22100800 22101012   0.002  0.002  
22101500 22101712   0.001  0.000  
22102200 22102412   0.047  0.033  
22102900 22103112   0.283  0.298  
22110500 22110712   0.117  0.161  
22111200 22111412   0.000  0.001  
22111900 22112112   0.003  0.003  
22112600 22112812   0.018  0.016  
22120300 22120512   0.972  0.965  
22121000 22121212   1.443  1.475  
22122400 22122612   0.365  0.222  
22123100 23010212   0.413  0.371  
23010700 23010912   2.090  1.603  
23011400 23011612   0.848  0.655  
23012100 23012312   0.052  0.070  
23012800 23013012   0.000  0.000  
23020400 23020612   0.073  0.273  
23021100 23021312   0.018  0.022  
23021800 23022012   0.096  0.080  
23022500 23022712   0.110  0.104  
23030400 23030612   1.447  1.470  
23031100 23031312   0.745  0.707  
23031800 23032012   0.000  0.001  
23032500 23032712   0.129  0.152  
23040100 23040312   0.082  0.171  
23040800 23041012   0.177  0.182  
23041500 23041712   0.958  0.946  
23042200 23042412   0.175  0.097  
23042900 23050112   0.000  0.000  
23050600 23050812   0.713  0.565  
23051300 23051512   0.001  0.000  
23052000 23052212   0.028  0.017  
23052700 23052912   0.006  0.087  
23060300 23060512   0.000  0.002  
23061000 23061212   0.073  0.067  
23061700 23061912   0.098  0.144  
23062400 23062612   0.046  0.179  
23070100 23070312   0.000  0.013  
23070800 23071012   0.013  0.078  
23072200 23072412   0.051  0.085  
23072900 23073112   0.068  0.100  
23080500 23080712   0.087  0.016  
23081200 23081412   0.042  0.028  
23081900 23082112   0.000  0.000  
23082600 23082812   0.004  0.002  
23090200 23090412   0.000  0.000  
23090900 23091112   0.000  0.003  
23091600 23091812   0.001  0.001  
23092300 23092512   0.023  0.014  
23093000 23100212   0.004  0.002  
23100700 23100912   0.003  0.003  
