22100100 22100312   0.001  0.001  
22100800 22101012   0.000  0.000  
22101500 22101712   0.001  0.000  
22102200 22102412   0.125  0.154  
22102900 22103112   0.052  0.037  
22110500 22110712   0.261  0.266  
22111200 22111412   0.000  0.000  
22111900 22112112   0.000  0.000  
22112600 22112812   0.021  0.014  
22120300 22120512   0.098  0.058  
22121000 22121212   0.261  0.384  
22122400 22122612   0.213  0.319  
22123100 23010212   0.268  0.278  
23010700 23010912   0.194  0.167  
23011400 23011612   0.415  0.525  
23012100 23012312   0.017  0.025  
23012800 23013012   0.000  0.001  
23020400 23020612   0.364  0.447  
23021100 23021312   0.034  0.101  
23021800 23022012   0.002  0.002  
23022500 23022712   0.006  0.007  
23030400 23030612   0.537  0.376  
23031100 23031312   0.010  0.018  
23031800 23032012   0.000  0.000  
23032500 23032712   0.122  0.068  
23040100 23040312   0.419  0.622  
23040800 23041012   0.076  0.114  
23041500 23041712   0.008  0.008  
23042200 23042412   0.208  0.086  
23042900 23050112   0.000  0.000  
23050600 23050812   0.542  0.436  
23051300 23051512   0.001  0.000  
23052000 23052212   0.001  0.001  
23052700 23052912   0.000  0.006  
23060300 23060512   0.000  0.000  
23061000 23061212   0.299  0.561  
23061700 23061912   0.050  0.037  
23062400 23062612   0.010  0.016  
23070100 23070312   0.000  0.002  
23070800 23071012   0.004  0.006  
23072200 23072412   0.000  0.001  
23072900 23073112   0.003  0.003  
23080500 23080712   0.000  0.002  
23081200 23081412   0.001  0.001  
23081900 23082112   0.000  0.000  
23082600 23082812   0.000  0.000  
23090200 23090412   0.000  0.000  
23090900 23091112   0.000  0.000  
23091600 23091812   0.001  0.001  
23092300 23092512   0.002  0.003  
23093000 23100212   0.003  0.003  
23100700 23100912   0.001  0.001  
23101400 23101612   0.050  0.045  
23102100 23102312   0.000  0.000  
23102800 23103012   0.000  0.000  
23110400 23110612   0.126  0.124  
23111100 23111312   1.307  1.143  
23111800 23112012   0.005  0.003  
23112500 23112712   0.000  0.000  
23120200 23120412   0.098  0.097  
23120900 23121112   0.017  0.019  
23123000 24010112   0.210  0.172  
