22100100 22100312   4.112  2.405  
22100800 22101012   1.353  3.233  
22101500 22101712   1.830  2.520  
22102200 22102412   2.130  2.041  
22102900 22103112   1.142  1.173  
22111200 22111412   1.797  2.778  
22111900 22112112   2.692  2.777  
22121000 22121212   1.720  1.125  
23010700 23010912   2.306  1.952  
23011400 23011612   2.407  1.238  
23012100 23012312   0.302  1.080  
23012800 23013012   0.627  0.465  
23022500 23022712   0.128  3.473  
23030400 23030612   0.456  0.112  
23031100 23031312   0.931  1.344  
23031800 23032012   2.822  1.695  
23032500 23032712   0.415  0.245  
23040100 23040312   1.101  1.013  
23040800 23041012   2.965  4.183  
23041500 23041712   3.922  3.679  
23042200 23042412   0.623  0.555  
23042900 23050112   2.382  1.885  
23050600 23050812   0.779  0.395  
23051300 23051512   5.498  3.609  
23052000 23052212   2.553  1.747  
23052700 23052912   0.260  2.904  
23060300 23060512   2.469  2.712  
23061000 23061212   1.633  2.727  
23061700 23061912   1.960  1.489  
23062400 23062612   4.324  4.599  
23070100 23070312   1.263  1.467  
23070800 23071012   3.537  3.509  
23072200 23072412   1.267  1.312  
23072900 23073112   0.963  0.683  
23080500 23080712   3.503  3.465  
23081200 23081412   6.699  3.133  
23081900 23082112   2.448  2.596  
23082600 23082812   2.042  1.799  
23090200 23090412   4.508  1.476  
23090900 23091112   6.776  5.401  
23091600 23091812   1.143  0.944  
23092300 23092512   8.349  8.068  
23093000 23100212   0.438  0.494  
23100700 23100912   1.570  1.685  
23101400 23101612   2.354  2.698  
23102100 23102312   1.386  1.077  
23102800 23103012   0.300  0.096  
23110400 23110612   1.208  1.315  
23111100 23111312   0.961  0.349  
23120200 23120412   3.019  4.165  
23120900 23121112   1.264  2.722  
24010600 24010812   1.830  1.720  
24011300 24011512   23.517  5.048  
