22100100 22100312   0.317  1.954  
22100800 22101012   0.646  2.077  
22101500 22101712   4.021  4.637  
22102200 22102412   0.789  0.735  
22102900 22103112   3.466  3.340  
22111200 22111412   0.529  1.266  
22111900 22112112   2.456  2.198  
22121000 22121212   1.507  0.163  
23010700 23010912   0.611  0.749  
23011400 23011612   2.125  0.939  
23012100 23012312   0.636  0.500  
23012800 23013012   1.391  0.629  
23022500 23022712   2.308  0.650  
23030400 23030612   1.159  1.512  
23031100 23031312   1.472  1.634  
23031800 23032012   4.156  3.380  
23032500 23032712   0.754  0.617  
23040100 23040312   0.382  0.403  
23040800 23041012   2.270  1.607  
23041500 23041712   1.996  2.022  
23042200 23042412   0.277  0.350  
23042900 23050112   1.951  1.343  
23050600 23050812   2.342  2.185  
23051300 23051512   4.526  2.806  
23052000 23052212   3.875  2.457  
23052700 23052912   1.633  0.877  
23060300 23060512   1.426  1.107  
23061000 23061212   4.184  5.137  
23061700 23061912   1.632  1.988  
23062400 23062612   2.718  2.959  
23070100 23070312   0.614  0.168  
23070800 23071012   3.235  3.128  
23072200 23072412   1.689  1.526  
23072900 23073112   1.873  1.698  
23080500 23080712   2.705  2.689  
23081200 23081412   6.440  3.042  
23081900 23082112   1.606  1.574  
23082600 23082812   0.796  1.085  
23090200 23090412   2.714  0.459  
23090900 23091112   3.346  2.090  
23091600 23091812   1.700  1.772  
23092300 23092512   4.468  4.424  
23093000 23100212   1.318  1.211  
23100700 23100912   4.164  3.802  
23101400 23101612   0.482  0.266  
23102100 23102312   0.649  0.206  
23102800 23103012   2.686  2.946  
23110400 23110612   3.606  3.844  
23111100 23111312   1.002  1.550  
23120200 23120412   1.703  1.118  
23120900 23121112   2.803  2.478  
24010600 24010812   4.237  4.288  
24011300 24011512   23.184  4.525  
22121000 22121212   1.507  0.163  
22100100 22100312   0.317  1.954  
