22100100 22100312   4.156  4.040  
22100800 22101012   0.767  0.427  
22101500 22101712   3.234  2.804  
22102200 22102412   4.506  4.658  
22102900 22103112   2.291  2.211  
22111200 22111412   0.642  0.978  
22111900 22112112   0.279  0.629  
22121000 22121212   1.179  4.370  
23010700 23010912   7.763  8.076  
23012100 23012312   5.086  3.224  
23012800 23013012   34.124  37.040  
23022500 23022712   1.995  1.271  
23030400 23030612   7.674  7.313  
23031100 23031312   1.672  0.634  
23031800 23032012   3.628  4.336  
23032500 23032712   7.251  6.117  
23040100 23040312   2.365  1.421  
23040800 23041012   5.097  4.485  
23041500 23041712   1.289  2.150  
23042200 23042412   3.284  4.148  
23042900 23050112   3.766  5.478  
23050600 23050812   11.660  12.867  
23051300 23051512   6.186  5.795  
23052000 23052212   7.118  5.339  
23052700 23052912   1.188  0.812  
23060300 23060512   3.189  3.418  
23061000 23061212   5.136  5.904  
23061700 23061912   12.717  14.233  
23062400 23062612   4.695  5.267  
23070100 23070312   4.655  4.854  
23070800 23071012   5.929  6.570  
23072200 23072412   1.445  1.074  
23072900 23073112   3.255  3.126  
23080500 23080712   6.462  5.712  
23081200 23081412   0.200  1.988  
23081900 23082112   4.734  4.872  
23082600 23082812   4.241  5.237  
23090200 23090412   0.685  0.715  
23090900 23091112   4.189  3.420  
23091600 23091812   10.746  11.534  
23092300 23092512   5.971  5.401  
23093000 23100212   0.382  0.251  
23100700 23100912   1.222  1.923  
23101400 23101612   6.403  6.132  
23102100 23102312   0.838  1.541  
23102800 23103012   4.897  5.858  
23110400 23110612   3.728  4.349  
23111100 23111312   1.587  1.351  
23120200 23120412   6.356  4.567  
23120900 23121112   5.747  5.216  
24010600 24010812   11.969  15.983  
24011300 24011512   12.679  13.761  
