22100100 22100312   0.001  0.001  
22100800 22101012   0.000  0.000  
22101500 22101712   0.001  0.000  
22102200 22102412   0.241  0.232  
22102900 22103112   0.149  0.148  
22110500 22110712   0.486  0.573  
22111200 22111412   0.000  0.000  
22111900 22112112   0.000  0.000  
22112600 22112812   0.116  0.162  
22120300 22120512   0.167  0.082  
22121000 22121212   0.255  0.377  
22122400 22122612   1.216  1.269  
22123100 23010212   0.674  0.733  
23010700 23010912   0.729  0.764  
23011400 23011612   0.886  0.853  
23012100 23012312   0.018  0.031  
23012800 23013012   0.000  0.000  
23020400 23020612   0.785  1.004  
23021100 23021312   0.105  0.195  
23021800 23022012   0.017  0.012  
23022500 23022712   0.016  0.018  
23030400 23030612   0.379  0.286  
23031100 23031312   0.031  0.051  
23031800 23032012   0.000  0.000  
23032500 23032712   0.182  0.092  
23040100 23040312   0.838  1.146  
23040800 23041012   0.195  0.206  
23041500 23041712   0.983  0.981  
23042200 23042412   2.840  2.955  
23042900 23050112   0.000  0.000  
23050600 23050812   0.594  0.442  
23051300 23051512   0.001  0.000  
23052000 23052212   0.002  0.002  
23052700 23052912   0.001  0.006  
23060300 23060512   0.000  0.000  
23061000 23061212   0.428  0.589  
23061700 23061912   0.070  0.075  
23062400 23062612   0.011  0.030  
