22100100 22100312   0.001  0.001  
22100800 22101012   0.000  0.000  
22101500 22101712   0.001  0.000  
22102200 22102412   0.146  0.136  
22102900 22103112   0.087  0.085  
22110500 22110712   0.247  0.254  
22111200 22111412   0.000  0.000  
22111900 22112112   0.001  0.001  
22112600 22112812   0.018  0.014  
22120300 22120512   0.122  0.068  
22121000 22121212   0.281  0.407  
22122400 22122612   1.269  1.261  
22123100 23010212   0.243  0.280  
23010700 23010912   0.387  0.411  
23011400 23011612   0.478  0.544  
23012100 23012312   0.381  0.372  
23012800 23013012   0.001  0.003  
23020400 23020612   0.349  0.443  
23021100 23021312   0.038  0.086  
23021800 23022012   0.002  0.003  
23022500 23022712   0.015  0.017  
23030400 23030612   0.362  0.311  
23031100 23031312   0.022  0.027  
23031800 23032012   0.000  0.000  
23032500 23032712   0.041  0.104  
23040100 23040312   0.477  0.705  
23040800 23041012   1.076  1.053  
23041500 23041712   0.793  0.791  
23042200 23042412   0.457  0.680  
23042900 23050112   0.000  0.000  
23050600 23050812   0.615  0.448  
23051300 23051512   0.001  0.000  
23052000 23052212   0.002  0.002  
23052700 23052912   0.000  0.006  
23060300 23060512   0.000  0.000  
23061000 23061212   0.276  0.469  
23061700 23061912   0.022  0.025  
23062400 23062612   0.008  0.016  
23070100 23070312   0.000  0.002  
23070800 23071012   0.004  0.006  
23072200 23072412   0.001  0.001  
23072900 23073112   0.004  0.004  
23080500 23080712   0.000  0.002  
23081200 23081412   0.002  0.001  
23081900 23082112   0.000  0.000  
23082600 23082812   0.000  0.000  
23090200 23090412   0.000  0.000  
23090900 23091112   0.000  0.000  
23091600 23091812   0.001  0.001  
23092300 23092512   0.197  0.198  
23093000 23100212   0.002  0.003  
23100700 23100912   0.000  0.000  
23101400 23101612   0.048  0.043  
23102100 23102312   0.000  0.000  
23102800 23103012   0.000  0.000  
23110400 23110612   0.107  0.104  
23111100 23111312   1.254  1.149  
23111800 23112012   0.037  0.039  
23112500 23112712   0.000  0.000  
23120200 23120412   0.087  0.096  
23120900 23121112   1.296  1.295  
23123000 24010112   0.949  1.010  
24010600 24010812   0.916  1.273  
