22100100 22100312   2.994  0.987  
22100800 22101012   0.730  0.925  
22101500 22101712   1.208  1.199  
22102200 22102412   1.665  1.532  
22102900 22103112   0.707  0.543  
22111200 22111412   1.005  0.914  
22111900 22112112   0.654  0.490  
22121000 22121212   0.560  0.366  
23010700 23010912   1.758  1.785  
23011400 23011612   2.213  0.592  
23012100 23012312   0.169  0.909  
23012800 23013012   0.559  0.355  
23022500 23022712   2.898  1.554  
23030400 23030612   0.395  0.707  
23031100 23031312   1.999  2.145  
23031800 23032012   3.183  2.463  
23032500 23032712   2.202  1.942  
23040100 23040312   0.611  0.546  
23040800 23041012   2.112  1.462  
23041500 23041712   2.685  2.594  
23042200 23042412   1.359  1.337  
23042900 23050112   1.399  2.297  
23050600 23050812   1.218  1.162  
23051300 23051512   5.617  3.939  
23052000 23052212   3.128  1.862  
23052700 23052912   1.620  1.249  
23060300 23060512   0.265  0.335  
23061000 23061212   3.166  4.018  
23061700 23061912   0.215  0.494  
23062400 23062612   0.466  0.741  
23070100 23070312   1.722  1.458  
23070800 23071012   1.536  1.451  
23072200 23072412   3.293  3.301  
23072900 23073112   2.847  2.603  
23080500 23080712   1.784  1.833  
23081200 23081412   6.708  3.086  
23081900 23082112   1.506  1.302  
23082600 23082812   0.673  0.748  
23090200 23090412   4.671  1.831  
23090900 23091112   3.985  2.656  
23091600 23091812   3.647  3.469  
23092300 23092512   5.657  5.510  
23093000 23100212   0.749  0.687  
23100700 23100912   0.647  0.312  
23101400 23101612   0.659  1.016  
23102100 23102312   0.258  0.044  
23102800 23103012   1.523  1.163  
23110400 23110612   1.071  0.943  
23111100 23111312   1.629  2.366  
23120200 23120412   1.315  0.912  
23120900 23121112   1.078  1.710  
24010600 24010812   3.459  3.462  
24011300 24011512   21.433  5.943  
