22100100 22100312   5.192  3.495  
22100800 22101012   1.088  0.444  
22101500 22101712   2.516  2.688  
22102200 22102412   3.026  3.040  
22102900 22103112   0.970  1.123  
22111200 22111412   1.506  2.363  
22111900 22112112   0.535  0.592  
22121000 22121212   4.997  4.294  
23010700 23010912   0.908  0.720  
23011400 23011612   2.790  0.879  
23012100 23012312   0.417  1.788  
23012800 23013012   0.634  1.143  
23022500 23022712   1.015  1.939  
23030400 23030612   1.349  1.286  
23031100 23031312   1.955  1.589  
23031800 23032012   4.699  3.151  
23032500 23032712   0.164  0.235  
23040100 23040312   0.418  0.421  
23040800 23041012   1.091  0.229  
23041500 23041712   0.850  0.593  
23042200 23042412   2.128  1.870  
23042900 23050112   1.282  1.744  
23050600 23050812   0.279  0.144  
23051300 23051512   8.375  5.952  
23052000 23052212   2.844  1.876  
23052700 23052912   0.263  2.861  
23060300 23060512   1.320  1.509  
23061000 23061212   2.935  3.651  
23061700 23061912   2.788  2.776  
23062400 23062612   2.979  3.616  
23070100 23070312   2.614  2.806  
23070800 23071012   3.394  3.593  
23072200 23072412   0.340  0.447  
23072900 23073112   1.700  1.648  
23080500 23080712   2.555  2.523  
23081200 23081412   6.302  3.262  
23081900 23082112   0.214  0.188  
23082600 23082812   2.042  2.075  
23090200 23090412   3.769  1.322  
23090900 23091112   3.867  2.803  
23091600 23091812   1.838  1.758  
23092300 23092512   5.180  5.232  
23093000 23100212   0.175  0.078  
23100700 23100912   3.307  2.701  
23101400 23101612   1.504  1.829  
23102100 23102312   1.584  1.569  
23102800 23103012   1.422  1.524  
23110400 23110612   1.333  1.325  
23111100 23111312   0.747  0.486  
24010600 24010812   3.141  3.109  
24011300 24011512   17.251  3.386  
