22100100 22100312   6.100  5.696  
22100800 22101012   0.283  0.486  
22101500 22101712   1.535  1.326  
22102200 22102412   2.233  1.714  
22102900 22103112   1.265  0.365  
22111200 22111412   0.760  1.117  
22111900 22112112   0.878  0.332  
22121000 22121212   12.935  17.361  
23010700 23010912   9.983  9.958  
23011400 23011612   2.991  2.621  
23012100 23012312   1.120  1.304  
23012800 23013012   0.892  0.615  
23022500 23022712   7.088  8.492  
23030400 23030612   4.149  2.127  
23031100 23031312   1.116  0.962  
23031800 23032012   0.224  0.181  
23032500 23032712   6.555  5.781  
23040100 23040312   12.313  13.231  
23040800 23041012   0.985  1.696  
23041500 23041712   0.341  0.325  
23042200 23042412   0.243  0.269  
23042900 23050112   9.264  9.525  
23050600 23050812   0.179  0.684  
23051300 23051512   6.098  5.899  
23052000 23052212   2.806  4.635  
23052700 23052912   6.806  7.983  
23060300 23060512   1.774  1.275  
23061000 23061212   4.131  3.117  
23061700 23061912   4.224  4.871  
23062400 23062612   2.815  3.361  
23070100 23070312   1.597  1.166  
23070800 23071012   0.511  1.605  
23072200 23072412   3.134  2.974  
23072900 23073112   6.498  6.597  
23080500 23080712   2.006  3.150  
23081200 23081412   2.802  2.181  
23081900 23082112   6.083  5.447  
23082600 23082812   4.587  4.598  
23090200 23090412   7.774  8.141  
23090900 23091112   3.369  3.571  
23091600 23091812   1.451  1.765  
23092300 23092512   1.464  1.182  
23093000 23100212   1.297  3.303  
23100700 23100912   0.691  0.740  
23101400 23101612   4.452  3.384  
23102100 23102312   2.657  0.916  
23102800 23103012   0.955  0.170  
23110400 23110612   6.738  7.960  
23111100 23111312   14.031  16.194  
23120200 23120412   4.202  4.748  
23120900 23121112   5.287  4.984  
24010600 24010812   14.479  15.149  
