22100100 22100312   6.586  8.570  
22100800 22101012   4.869  5.249  
22101500 22101712   4.844  6.476  
22102200 22102412   3.927  5.463  
22102900 22103112   8.389  9.839  
22110500 22110712   14.170  13.709  
22111200 22111412   3.801  5.454  
22111900 22112112   2.909  6.007  
22112600 22112812   8.092  7.637  
22120300 22120512   15.352  15.547  
22121000 22121212   16.262  19.274  
22122400 22122612   8.490  8.840  
22123100 23010212   9.331  12.881  
23010700 23010912   16.303  19.481  
23011400 23011612   9.028  10.363  
23012100 23012312   3.326  5.837  
23012800 23013012   5.576  5.153  
23020400 23020612   15.559  20.544  
23021100 23021312   6.670  9.994  
23021800 23022012   3.087  4.062  
23022500 23022712   4.930  4.897  
23030400 23030612   10.606  11.054  
23031100 23031312   6.441  7.555  
23031800 23032012   4.481  6.188  
23032500 23032712   3.603  5.826  
23040100 23040312   9.080  13.577  
23040800 23041012   10.455  11.278  
23041500 23041712   3.720  5.384  
23042200 23042412   5.931  5.881  
23042900 23050112   4.988  4.999  
23050600 23050812   7.383  6.290  
23051300 23051512   1.786  2.989  
23052000 23052212   8.193  6.687  
23052700 23052912   12.389  12.336  
23060300 23060512   8.050  7.903  
23061000 23061212   8.101  8.389  
23061700 23061912   4.655  4.243  
23062400 23062612   8.951  9.288  
23070100 23070312   10.044  8.723  
23070800 23071012   6.501  5.741  
23071500 23071712   10.758  9.174  
23072200 23072412   10.741  10.002  
23072900 23073112   9.982  8.601  
23080500 23080712   13.257  11.016  
23081200 23081412   7.742  9.489  
23081900 23082112   16.178  15.500  
23082600 23082812   4.911  6.673  
23090200 23090412   11.140  14.007  
23090900 23091112   6.107  7.797  
23091600 23091812   6.134  6.146  
23092300 23092512   5.727  5.407  
23093000 23100212   13.529  11.857  
23100700 23100912   5.751  5.115  
23101400 23101612   11.410  11.186  
23102100 23102312   9.620  9.097  
