22100100 22100312   1.093  2.051  
22100800 22101012   1.254  3.461  
22101500 22101712   1.541  2.249  
22102200 22102412   3.639  3.681  
22102900 22103112   4.350  3.921  
22111200 22111412   1.123  1.954  
22111900 22112112   6.688  1.416  
22121000 22121212   0.510  2.652  
23010700 23010912   0.512  0.303  
23011400 23011612   2.083  1.605  
23012100 23012312   0.630  2.555  
23012800 23013012   4.985  2.214  
23022500 23022712   12.067  3.977  
23030400 23030612   1.683  2.847  
23031100 23031312   0.856  1.360  
23031800 23032012   3.031  1.808  
23032500 23032712   1.286  0.462  
23040100 23040312   2.167  2.057  
23040800 23041012   0.643  1.827  
23041500 23041712   2.683  2.495  
23042200 23042412   0.868  0.399  
23042900 23050112   0.328  0.382  
23050600 23050812   6.641  6.520  
23051300 23051512   7.443  4.745  
23052000 23052212   1.139  6.028  
23052700 23052912   2.332  4.783  
23060300 23060512   4.319  3.213  
23061000 23061212   1.794  3.397  
23061700 23061912   3.017  2.425  
23062400 23062612   1.795  0.525  
23070100 23070312   2.017  0.667  
23070800 23071012   1.838  1.198  
23072200 23072412   3.512  2.081  
23072900 23073112   1.595  1.215  
23080500 23080712   3.299  3.629  
23081200 23081412   0.917  0.997  
23081900 23082112   2.530  3.331  
23082600 23082812   0.523  0.482  
23090200 23090412   2.314  1.018  
23090900 23091112   5.079  3.979  
23091600 23091812   0.459  0.875  
23092300 23092512   2.022  2.655  
23093000 23100212   1.133  0.860  
23100700 23100912   3.761  3.566  
23101400 23101612   0.336  1.059  
23102100 23102312   2.029  1.379  
23102800 23103012   4.704  1.969  
23110400 23110612   0.589  0.894  
23111100 23111312   3.434  3.119  
23120200 23120412   0.894  2.618  
23120900 23121112   4.724  3.080  
24010600 24010812   0.181  1.376  
24011300 24011512   41.721  9.122  
