22100100 22100312   1.214  2.370  
22100800 22101012   0.215  0.185  
22101500 22101712   1.710  1.449  
22102200 22102412   4.312  4.402  
22102900 22103112   2.149  3.297  
22111200 22111412   0.932  1.135  
22111900 22112112   3.484  3.853  
22121000 22121212   0.887  1.850  
23010700 23010912   4.589  4.502  
23011400 23011612   1.617  1.353  
23012100 23012312   0.865  0.431  
23012800 23013012   12.294  11.455  
23022500 23022712   2.236  3.112  
23030400 23030612   2.401  2.905  
23031100 23031312   1.906  1.013  
23031800 23032012   5.419  5.789  
23032500 23032712   2.143  0.426  
23040100 23040312   0.988  1.012  
23040800 23041012   3.224  2.337  
23041500 23041712   7.006  8.627  
23042200 23042412   7.640  8.510  
23042900 23050112   9.183  9.373  
23050600 23050812   2.186  2.999  
23051300 23051512   1.061  1.265  
23052000 23052212   7.403  5.803  
23052700 23052912   11.534  11.830  
23060300 23060512   1.223  0.744  
23061000 23061212   2.730  3.710  
23061700 23061912   1.429  0.989  
23062400 23062612   5.578  6.082  
23070100 23070312   1.919  2.870  
23070800 23071012   4.824  4.285  
23072200 23072412   7.404  7.646  
23072900 23073112   12.978  12.965  
23080500 23080712   1.198  0.721  
23081200 23081412   4.939  6.009  
23081900 23082112   9.344  8.505  
23082600 23082812   1.124  1.226  
23090200 23090412   1.850  2.537  
23090900 23091112   5.979  6.203  
23091600 23091812   4.583  3.576  
23092300 23092512   17.042  17.482  
23093000 23100212   0.293  0.349  
23100700 23100912   0.755  0.749  
23101400 23101612   1.858  3.428  
23102100 23102312   0.345  0.232  
23102800 23103012   1.115  1.360  
23110400 23110612   1.305  2.104  
23111100 23111312   5.976  8.553  
23120200 23120412   4.047  3.626  
23120900 23121112   1.908  1.699  
24010600 24010812   3.260  7.085  
24011300 24011512   2.382  2.402  
