22100100 22100312   2.687  3.120  
22100800 22101012   1.284  1.154  
22101500 22101712   2.413  3.548  
22102200 22102412   2.300  1.771  
22102900 22103112   1.009  0.958  
22110500 22110712   2.117  1.930  
22111200 22111412   0.733  0.695  
22111900 22112112   0.705  0.822  
22112600 22112812   1.036  0.556  
22120300 22120512   1.198  0.977  
22121000 22121212   2.334  2.656  
22122400 22122612   4.087  3.960  
22123100 23010212   1.940  1.909  
23010700 23010912   1.307  0.900  
23011400 23011612   1.020  1.440  
23012100 23012312   0.687  1.067  
23012800 23013012   0.342  1.386  
23020400 23020612   1.802  1.653  
23021100 23021312   0.404  0.842  
23021800 23022012   3.512  2.854  
23022500 23022712   0.591  2.801  
23030400 23030612   1.862  2.338  
23031100 23031312   0.716  1.240  
23031800 23032012   3.323  3.994  
23032500 23032712   0.300  0.838  
23040100 23040312   0.786  0.129  
23040800 23041012   3.192  3.198  
23041500 23041712   3.088  2.512  
23042200 23042412   0.766  2.091  
23042900 23050112   0.857  0.681  
23050600 23050812   2.422  2.281  
23051300 23051512   6.873  5.312  
23052000 23052212   0.361  1.032  
23052700 23052912   2.554  1.930  
23060300 23060512   4.485  3.530  
23061000 23061212   1.647  0.991  
23061700 23061912   0.363  1.165  
23062400 23062612   5.420  5.533  
23070100 23070312   2.631  1.692  
23070800 23071012   3.938  3.142  
23072200 23072412   1.491  2.650  
23072900 23073112   0.542  0.325  
23080500 23080712   1.769  1.127  
23081200 23081412   4.744  5.035  
23081900 23082112   0.375  1.237  
23082600 23082812   2.301  2.477  
23090200 23090412   3.928  1.340  
23090900 23091112   5.156  5.174  
23091600 23091812   2.139  1.483  
23092300 23092512   5.370  5.954  
23093000 23100212   3.396  2.549  
23100700 23100912   3.457  4.249  
23101400 23101612   0.441  1.438  
23102100 23102312   0.801  0.763  
