22100100 22100312   2.597  3.117  
22100800 22101012   0.508  0.556  
22101500 22101712   0.688  1.236  
22102200 22102412   0.753  0.436  
22102900 22103112   1.753  2.220  
22111200 22111412   0.289  0.191  
22111900 22112112   0.319  0.282  
22121000 22121212   11.224  14.652  
23010700 23010912   12.604  13.099  
23011400 23011612   0.331  0.555  
23012100 23012312   0.061  0.061  
23012800 23013012   0.606  0.447  
23022500 23022712   0.498  0.254  
23030400 23030612   3.493  2.549  
23031100 23031312   0.093  0.267  
23031800 23032012   0.009  0.009  
23032500 23032712   6.172  5.810  
23040100 23040312   10.397  11.222  
23040800 23041012   3.462  2.491  
23041500 23041712   0.458  0.672  
23042200 23042412   0.016  0.029  
23042900 23050112   0.413  0.260  
23050600 23050812   0.903  0.923  
23051300 23051512   1.311  1.214  
23052000 23052212   1.893  0.601  
23052700 23052912   4.881  6.061  
23060300 23060512   1.539  1.337  
23061000 23061212   3.135  2.200  
23061700 23061912   3.134  3.651  
23062400 23062612   0.343  0.708  
23070100 23070312   2.519  2.272  
23070800 23071012   1.959  2.627  
23072200 23072412   0.778  0.863  
23072900 23073112   3.025  2.950  
23080500 23080712   0.929  1.821  
23081200 23081412   0.690  0.853  
23081900 23082112   10.686  9.734  
23082600 23082812   0.530  0.368  
23090200 23090412   6.165  6.479  
23090900 23091112   0.156  0.065  
23091600 23091812   0.215  0.408  
23092300 23092512   0.522  0.420  
23093000 23100212   2.154  3.483  
23100700 23100912   0.179  0.200  
23101400 23101612   4.273  3.191  
23102100 23102312   3.283  2.103  
23102800 23103012   0.869  0.328  
23110400 23110612   7.156  8.361  
23111100 23111312   11.366  13.280  
23120200 23120412   2.569  2.935  
23120900 23121112   3.146  2.848  
24010600 24010812   11.507  12.160  
24011300 24011512   0.245  0.944  
22100100 22100312   2.597  3.117  
22100800 22101012   0.508  0.556  
22101500 22101712   0.688  1.236  
22102200 22102412   0.753  0.436  
22102900 22103112   1.753  2.220  
22111200 22111412   0.289  0.191  
22111900 22112112   0.319  0.282  
22121000 22121212   11.224  14.652  
23010700 23010912   12.604  13.099  
23011400 23011612   0.331  0.555  
23012100 23012312   0.061  0.061  
23012800 23013012   0.606  0.447  
23022500 23022712   0.498  0.254  
23030400 23030612   3.493  2.549  
23031100 23031312   0.093  0.267  
23031800 23032012   0.009  0.009  
23032500 23032712   6.172  5.810  
23040100 23040312   10.397  11.222  
23040800 23041012   3.462  2.491  
23041500 23041712   0.458  0.672  
23042200 23042412   0.016  0.029  
23042900 23050112   0.413  0.260  
23050600 23050812   0.903  0.923  
23051300 23051512   1.311  1.214  
23052000 23052212   1.893  0.601  
23052700 23052912   4.881  6.061  
23060300 23060512   1.539  1.337  
23061000 23061212   3.135  2.200  
23061700 23061912   3.134  3.651  
23062400 23062612   0.343  0.708  
23070100 23070312   2.519  2.272  
23070800 23071012   1.959  2.627  
23072200 23072412   0.778  0.863  
23072900 23073112   3.025  2.950  
23080500 23080712   0.929  1.821  
23081200 23081412   0.690  0.853  
23081900 23082112   10.686  9.734  
23082600 23082812   0.530  0.368  
23090200 23090412   6.165  6.479  
23090900 23091112   0.156  0.065  
23091600 23091812   0.215  0.408  
23092300 23092512   0.522  0.420  
23093000 23100212   2.154  3.483  
23100700 23100912   0.179  0.200  
23101400 23101612   4.273  3.191  
23102100 23102312   3.283  2.103  
23102800 23103012   0.869  0.328  
23110400 23110612   7.156  8.361  
23111100 23111312   11.366  13.280  
23120200 23120412   2.569  2.935  
23120900 23121112   3.146  2.848  
24010600 24010812   11.507  12.160  
24011300 24011512   0.245  0.944  
22100100 22100312   2.597  3.117  
22100800 22101012   0.508  0.556  
22101500 22101712   0.688  1.236  
22102200 22102412   0.753  0.436  
22102900 22103112   1.753  2.220  
22111200 22111412   0.289  0.191  
22111900 22112112   0.319  0.282  
22121000 22121212   11.224  14.652  
23010700 23010912   12.604  13.099  
