22100100 22100312   4.262  2.175  
22100800 22101012   0.472  1.483  
22101500 22101712   1.395  0.953  
22102200 22102412   2.517  2.214  
22102900 22103112   1.673  1.473  
22111200 22111412   0.836  1.840  
22111900 22112112   1.284  1.290  
22121000 22121212   3.572  2.870  
23010700 23010912   1.084  1.096  
23011400 23011612   2.953  1.800  
23012100 23012312   0.836  2.218  
23012800 23013012   0.399  0.917  
23022500 23022712   0.177  1.285  
23030400 23030612   2.962  2.557  
23031100 23031312   0.280  0.775  
23031800 23032012   4.494  2.995  
23032500 23032712   0.760  0.594  
23040100 23040312   2.267  2.310  
23040800 23041012   1.832  3.023  
23041500 23041712   3.206  2.924  
23042200 23042412   1.096  1.007  
23042900 23050112   1.369  1.356  
23050600 23050812   0.910  0.600  
23051300 23051512   6.611  4.767  
23052000 23052212   2.268  3.096  
23052700 23052912   0.972  3.567  
23060300 23060512   1.606  1.849  
23061000 23061212   0.803  1.955  
23061700 23061912   1.681  1.332  
23062400 23062612   1.760  1.388  
