22100100 22100312   2.079  0.291  
22100800 22101012   0.229  1.460  
22101500 22101712   1.098  1.801  
22102200 22102412   2.593  2.540  
22102900 22103112   1.787  1.579  
22111200 22111412   0.562  1.049  
22111900 22112112   0.096  0.127  
22121000 22121212   4.066  3.137  
23010700 23010912   0.939  0.464  
23011400 23011612   2.787  0.505  
23012100 23012312   1.012  2.273  
23012800 23013012   0.643  0.700  
23022500 23022712   0.629  0.098  
23030400 23030612   0.734  0.579  
23031100 23031312   0.477  0.284  
23031800 23032012   0.863  0.234  
23032500 23032712   0.874  0.817  
23040100 23040312   1.243  1.256  
23040800 23041012   0.379  1.136  
23041500 23041712   0.813  0.764  
23042200 23042412   0.291  0.361  
23042900 23050112   2.505  3.330  
23050600 23050812   0.131  0.101  
23051300 23051512   4.470  2.233  
23052000 23052212   1.890  1.198  
23052700 23052912   1.237  1.282  
23060300 23060512   0.216  0.568  
23061000 23061212   1.796  2.780  
23061700 23061912   0.787  0.818  
23062400 23062612   3.886  4.019  
23070100 23070312   1.644  1.846  
23070800 23071012   4.081  3.900  
23072200 23072412   0.262  0.101  
23072900 23073112   0.729  0.605  
23080500 23080712   2.023  1.972  
23081200 23081412   5.210  2.242  
23081900 23082112   0.478  0.183  
23082600 23082812   0.694  0.428  
23090200 23090412   2.146  0.305  
23090900 23091112   3.632  2.593  
23091600 23091812   1.548  1.215  
23092300 23092512   2.283  2.204  
23093000 23100212   1.191  1.006  
23100700 23100912   0.936  0.832  
23101400 23101612   0.621  0.754  
23102100 23102312   0.506  0.542  
23102800 23103012   0.279  0.314  
23110400 23110612   2.611  3.116  
23111100 23111312   0.161  0.710  
23120200 23120412   2.129  2.332  
23120900 23121112   1.161  0.750  
24010600 24010812   1.069  1.313  
24011300 24011512   7.927  4.043  
