22100100 22100312   0.471  1.049  
22100800 22101012   2.764  2.809  
22101500 22101712   4.904  4.778  
22102200 22102412   7.916  7.626  
22102900 22103112   8.811  8.773  
22111200 22111412   0.947  2.586  
22111900 22112112   1.468  2.896  
22121000 22121212   13.369  17.456  
23010700 23010912   22.835  21.053  
23011400 23011612   6.546  4.986  
23012100 23012312   16.597  16.964  
23012800 23013012   18.274  18.284  
23022500 23022712   6.948  7.508  
23030400 23030612   3.309  0.920  
23031100 23031312   0.962  1.316  
23031800 23032012   6.355  7.804  
23032500 23032712   3.477  3.052  
23040100 23040312   12.210  11.916  
23040800 23041012   13.639  12.684  
23041500 23041712   0.509  0.481  
23042200 23042412   8.959  7.818  
23042900 23050112   12.518  13.024  
23050600 23050812   11.460  9.029  
23051300 23051512   6.381  6.908  
23052000 23052212   4.417  5.998  
23052700 23052912   4.922  3.275  
23060300 23060512   0.432  0.423  
23061000 23061212   14.231  15.686  
23061700 23061912   2.537  4.126  
23062400 23062612   3.211  4.040  
23070100 23070312   6.380  5.841  
23070800 23071012   5.542  4.994  
23072200 23072412   2.905  2.993  
23072900 23073112   4.294  4.894  
23080500 23080712   6.903  6.754  
23081200 23081412   3.341  4.915  
23081900 23082112   7.632  6.807  
23082600 23082812   0.819  1.737  
23090200 23090412   2.250  2.239  
23090900 23091112   0.824  1.496  
23091600 23091812   8.568  9.407  
23092300 23092512   1.727  0.238  
23093000 23100212   0.375  1.203  
23100700 23100912   3.467  3.177  
23101400 23101612   5.692  6.446  
23102100 23102312   2.659  2.282  
23102800 23103012   7.074  6.197  
23110400 23110612   12.383  13.735  
23111100 23111312   18.074  20.114  
23120200 23120412   0.842  1.806  
23120900 23121112   8.908  8.374  
24010600 24010812   9.618  15.029  
24011300 24011512   0.624  1.883  
