22100100 22100312   0.001  0.001  
22100800 22101012   0.000  0.000  
22101500 22101712   0.001  0.000  
22102200 22102412   0.114  0.078  
22102900 22103112   0.232  0.233  
22110500 22110712   0.772  1.080  
22111200 22111412   0.000  0.000  
22111900 22112112   0.000  0.000  
22112600 22112812   0.646  0.669  
22120300 22120512   0.013  0.029  
22121000 22121212   0.175  0.221  
22122400 22122612   1.708  1.954  
22123100 23010212   0.430  0.651  
23010700 23010912   0.023  0.096  
23011400 23011612   0.615  0.698  
23012100 23012312   0.027  0.048  
23012800 23013012   0.000  0.000  
23020400 23020612   1.036  1.700  
23021100 23021312   0.160  0.234  
23021800 23022012   0.007  0.017  
23022500 23022712   1.546  1.541  
23030400 23030612   0.210  0.190  
23031100 23031312   0.022  0.036  
23031800 23032012   0.001  0.005  
23032500 23032712   0.146  0.101  
23040100 23040312   0.347  0.588  
23040800 23041012   0.084  0.074  
23041500 23041712   0.024  0.036  
23042200 23042412   1.193  1.193  
23042900 23050112   0.000  0.000  
23050600 23050812   0.321  0.194  
23051300 23051512   0.001  0.001  
23052000 23052212   0.015  0.010  
23052700 23052912   0.023  0.087  
23060300 23060512   0.000  0.003  
23061000 23061212   0.204  0.391  
23061700 23061912   0.100  0.110  
23062400 23062612   0.194  0.346  
23070100 23070312   0.001  0.002  
23070800 23071012   0.074  0.228  
23072200 23072412   0.010  0.011  
23072900 23073112   0.110  0.095  
23080500 23080712   0.001  0.058  
23081200 23081412   0.017  0.027  
23081900 23082112   0.000  0.004  
23082600 23082812   0.006  0.004  
23090200 23090412   0.000  0.000  
23090900 23091112   0.000  0.001  
23091600 23091812   0.002  0.002  
23092300 23092512   0.050  0.078  
23093000 23100212   0.024  0.037  
23100700 23100912   0.000  0.000  
23101400 23101612   0.218  0.087  
23102100 23102312   0.000  0.000  
23102800 23103012   0.000  0.000  
23110400 23110612   0.121  0.144  
23111100 23111312   0.700  0.481  
23111800 23112012   0.010  0.024  
23112500 23112712   0.000  0.000  
23120200 23120412   0.080  0.082  
23120900 23121112   0.336  0.330  
23123000 24010112   1.241  1.112  
24010600 24010812   1.862  1.801  
24011300 24011512   0.000  0.000  
