23032500 23032712   5.896  1.035  
23040100 23040312   6.713  4.229  
23040800 23041012   17.511  10.007  
23041500 23041712   6.466  20.319  
23042200 23042412   3.629  7.339  
23042900 23050112   30.055  27.293  
23050600 23050812   18.655  20.469  
23051300 23051512   13.301  14.301  
23052000 23052212   7.695  5.403  
23052700 23052912   1.826  4.113  
23060300 23060512   5.670  6.288  
23061000 23061212   10.269  8.288  
23061700 23061912   1.752  1.310  
23062400 23062612   6.124  9.237  
23070100 23070312   8.177  8.073  
23070800 23071012   6.878  5.575  
23072200 23072412   15.570  15.022  
23072900 23073112   5.642  3.309  
23080500 23080712   12.296  12.325  
23081200 23081412   8.722  11.720  
23081900 23082112   1.022  0.687  
23082600 23082812   2.631  2.854  
23090200 23090412   8.997  14.570  
23090900 23091112   12.087  8.855  
23091600 23091812   38.102  38.683  
23092300 23092512   18.927  15.310  
23093000 23100212   22.219  22.921  
23100700 23100912   55.756  54.465  
23101400 23101612   1.309  13.499  
23102100 23102312   2.917  6.652  
23102800 23103012   13.580  14.212  
23110400 23110612   35.457  27.456  
23111100 23111312   5.463  11.539  
23120200 23120412   5.467  17.660  
23120900 23121112   42.274  29.318  
24010600 24010812   0.852  9.748  
24011300 24011512   12.165  8.090  
