22100100 22100312   4.550  0.936  
22100800 22101012   8.101  3.049  
22101500 22101712   6.447  6.848  
22102200 22102412   2.791  1.371  
22102900 22103112   17.600  2.852  
22111200 22111412   1.545  3.486  
22111900 22112112   11.245  6.185  
22112600 22112812   16.595  1.188  
22121000 22121212   43.851  7.205  
23010700 23010912   26.730  2.191  
23011400 23011612   25.492  3.376  
23012100 23012312   12.825  3.528  
23012800 23013012   18.166  11.281  
23022500 23022712   16.329  2.533  
23030400 23030612   27.135  2.739  
23031100 23031312   22.374  6.476  
23031800 23032012   2.524  3.975  
23032500 23032712   10.468  5.630  
23040100 23040312   8.563  3.937  
23040800 23041012   2.089  1.807  
23041500 23041712   3.807  3.212  
23042200 23042412   3.470  0.960  
23042900 23050112   3.757  2.274  
23050600 23050812   6.096  3.716  
23051300 23051512   6.464  3.007  
23052000 23052212   7.192  2.037  
23052700 23052912   5.272  1.854  
23060300 23060512   8.052  2.972  
23061000 23061212   1.280  5.381  
23061700 23061912   6.025  0.598  
23062400 23062612   6.406  0.271  
23070100 23070312   4.151  1.429  
23070800 23071012   8.733  1.683  
23072200 23072412   9.969  1.801  
23072900 23073112   6.745  0.994  
23080500 23080712   7.643  0.642  
23081200 23081412   7.446  0.640  
23081900 23082112   11.155  0.894  
23082600 23082812   9.052  3.361  
23090200 23090412   7.013  10.097  
23090900 23091112   3.574  0.925  
23091600 23091812   1.855  2.165  
23092300 23092512   4.398  2.076  
23093000 23100212   1.777  1.156  
23100700 23100912   3.853  5.794  
23101400 23101612   5.129  2.753  
23102100 23102312   16.401  0.764  
