22100100 22100312   0.009  0.005  
22100800 22101012   0.000  0.000  
22101500 22101712   0.001  0.000  
22102200 22102412   0.106  0.032  
22102900 22103112   0.037  0.043  
22110500 22110712   0.498  0.689  
22111200 22111412   0.000  0.000  
22111900 22112112   0.000  0.000  
22112600 22112812   0.256  0.226  
22120300 22120512   0.008  0.011  
22121000 22121212   0.064  0.062  
22122400 22122612   0.210  0.337  
22123100 23010212   0.157  0.189  
23010700 23010912   0.064  0.058  
23011400 23011612   0.250  0.403  
23012100 23012312   0.004  0.007  
23012800 23013012   0.030  0.068  
23020400 23020612   0.228  0.375  
23021100 23021312   0.039  0.040  
23021800 23022012   0.021  0.054  
23022500 23022712   0.960  0.956  
23030400 23030612   0.066  0.068  
23031100 23031312   0.140  0.229  
23031800 23032012   0.000  0.000  
23032500 23032712   0.156  0.116  
23040100 23040312   0.203  0.217  
23040800 23041012   0.427  0.415  
23041500 23041712   0.017  0.057  
23042200 23042412   0.042  0.098  
23042900 23050112   0.000  0.000  
23050600 23050812   0.841  0.970  
23051300 23051512   0.001  0.001  
23052000 23052212   0.076  0.161  
23052700 23052912   0.024  0.082  
23060300 23060512   0.005  0.027  
23061000 23061212   1.539  0.920  
23061700 23061912   0.959  0.858  
23062400 23062612   0.007  0.014  
23070100 23070312   0.004  0.014  
23070800 23071012   0.245  0.189  
23072200 23072412   0.021  0.021  
23072900 23073112   8.764  8.762  
23080500 23080712   39.635  39.619  
23081200 23081412   0.001  0.001  
23081900 23082112   0.001  0.001  
23082600 23082812   0.044  0.030  
23090200 23090412   0.000  0.000  
23090900 23091112   0.002  0.014  
23091600 23091812   0.000  0.000  
23092300 23092512   0.114  0.088  
23093000 23100212   0.072  0.048  
23100700 23100912   0.000  0.000  
23101400 23101612   0.046  0.021  
23102100 23102312   0.017  0.007  
23102800 23103012   0.000  0.000  
23110400 23110612   0.061  0.048  
23111100 23111312   0.044  0.053  
23111800 23112012   0.011  0.016  
23112500 23112712   0.000  0.000  
23120200 23120412   0.084  0.075  
23120900 23121112   1.053  1.047  
23123000 24010112   0.001  0.002  
24010600 24010812   0.468  0.422  
24011300 24011512   0.000  0.000  
