22100100 22100312   2.263  1.835  
22100800 22101012   0.594  0.473  
22101500 22101712   0.786  2.613  
22102200 22102412   1.520  1.463  
22102900 22103112   1.876  1.733  
22111200 22111412   0.299  0.110  
22111900 22112112   2.755  2.875  
22121000 22121212   5.984  9.485  
23010700 23010912   7.772  8.771  
23011400 23011612   5.095  4.138  
23012100 23012312   0.310  0.594  
23012800 23013012   1.330  2.021  
23022500 23022712   4.433  4.997  
23030400 23030612   2.611  4.136  
23031100 23031312   4.010  3.926  
23031800 23032012   1.046  1.215  
23032500 23032712   1.838  2.670  
23040100 23040312   5.832  6.077  
23040800 23041012   0.747  0.426  
23041500 23041712   5.866  5.719  
23042200 23042412   4.115  4.942  
23042900 23050112   2.327  3.387  
23050600 23050812   4.052  3.711  
23051300 23051512   2.338  1.934  
23052000 23052212   1.886  1.450  
23052700 23052912   2.383  3.531  
23060300 23060512   2.376  2.052  
23061000 23061212   1.681  0.659  
23061700 23061912   1.764  2.562  
23062400 23062612   1.861  2.032  
