22100100 22100312   0.004  0.007  
22100800 22101012   0.003  0.003  
22101500 22101712   0.009  0.013  
22102200 22102412   0.215  0.202  
22102900 22103112   0.035  0.203  
22110500 22110712   0.115  0.050  
22111200 22111412   0.006  0.009  
22111900 22112112   0.000  0.000  
22112600 22112812   0.282  0.209  
22120300 22120512   0.035  0.039  
22121000 22121212   0.384  0.488  
22122400 22122612   0.207  0.325  
22123100 23010212   0.281  0.439  
23010700 23010912   0.194  0.375  
23011400 23011612   0.309  0.212  
23012100 23012312   0.034  0.048  
23012800 23013012   0.007  0.016  
23020400 23020612   0.428  0.283  
23021100 23021312   0.077  0.056  
23021800 23022012   0.327  0.662  
23022500 23022712   0.399  0.415  
23030400 23030612   0.195  0.258  
23031100 23031312   0.016  0.022  
23031800 23032012   0.002  0.003  
23032500 23032712   0.109  0.081  
23040100 23040312   0.066  0.090  
23040800 23041012   0.073  0.068  
23041500 23041712   0.292  0.555  
23042200 23042412   0.060  0.043  
23042900 23050112   0.002  0.002  
23050600 23050812   0.003  0.003  
23051300 23051512   0.001  0.002  
23052000 23052212   0.009  0.004  
23052700 23052912   0.001  0.001  
23060300 23060512   0.489  0.561  
23061000 23061212   0.001  0.001  
23061700 23061912   0.012  0.017  
23062400 23062612   0.001  0.002  
23070100 23070312   0.003  0.004  
23070800 23071012   0.000  0.001  
23072200 23072412   0.025  0.041  
23072900 23073112   0.009  0.010  
23080500 23080712   0.002  0.002  
23081200 23081412   0.278  0.175  
23081900 23082112   0.004  0.002  
23082600 23082812   0.001  0.001  
23090200 23090412   0.007  0.003  
23090900 23091112   0.001  0.001  
23091600 23091812   1.332  1.333  
23092300 23092512   0.208  0.356  
23093000 23100212   0.004  0.004  
23100700 23100912   0.012  0.013  
23101400 23101612   0.834  0.774  
23102100 23102312   0.000  0.000  
23102800 23103012   0.000  0.000  
23110400 23110612   1.139  1.562  
23111100 23111312   0.543  0.570  
23111800 23112012   0.131  0.151  
23112500 23112712   0.003  0.004  
23120200 23120412   0.960  0.901  
23120900 23121112   0.061  0.089  
23123000 24010112   0.252  0.389  
24010600 24010812   0.176  0.154  
24011300 24011512   0.003  0.006  
