22100100 22100312   2.222  0.457  
22100800 22101012   0.841  2.284  
22101500 22101712   1.337  1.347  
22102200 22102412   4.412  4.238  
22102900 22103112   2.782  2.667  
22111200 22111412   1.172  1.872  
22111900 22112112   1.205  1.160  
22121000 22121212   4.056  3.522  
23010700 23010912   2.138  2.224  
23011400 23011612   2.629  1.777  
23012100 23012312   0.785  2.151  
23012800 23013012   0.738  1.237  
23022500 23022712   1.853  0.943  
23030400 23030612   2.142  1.679  
23031100 23031312   0.366  0.142  
23031800 23032012   1.833  0.301  
23032500 23032712   0.170  0.270  
23040100 23040312   1.669  1.543  
23040800 23041012   1.882  3.118  
23041500 23041712   3.095  2.842  
23042200 23042412   0.280  0.294  
23042900 23050112   1.149  0.928  
23050600 23050812   1.571  1.549  
23051300 23051512   5.017  3.146  
23052000 23052212   2.007  2.305  
23052700 23052912   0.203  2.670  
23060300 23060512   2.037  2.155  
23061000 23061212   0.441  0.918  
23061700 23061912   0.328  0.115  
23062400 23062612   1.375  1.251  
