22100100 22100312   2.143  0.231  
22100800 22101012   0.487  2.235  
22101500 22101712   2.835  3.424  
22102200 22102412   1.326  1.264  
22102900 22103112   1.334  1.937  
22111200 22111412   0.726  1.213  
22111900 22112112   6.062  5.233  
22121000 22121212   5.327  2.938  
23010700 23010912   0.702  0.203  
23011400 23011612   0.829  0.697  
23012100 23012312   1.018  1.028  
23012800 23013012   4.120  1.667  
23022500 23022712   9.993  1.357  
23030400 23030612   1.350  1.882  
23031100 23031312   0.169  0.346  
23031800 23032012   2.410  1.726  
23032500 23032712   0.892  0.561  
23040100 23040312   4.340  3.958  
23040800 23041012   1.883  2.633  
23041500 23041712   1.364  1.326  
23042200 23042412   0.514  0.389  
23042900 23050112   1.693  1.479  
23050600 23050812   1.407  1.585  
23051300 23051512   7.193  5.684  
23052000 23052212   3.156  1.710  
23052700 23052912   0.197  2.416  
23060300 23060512   1.421  1.732  
23061000 23061212   6.506  7.165  
23061700 23061912   1.160  1.372  
23062400 23062612   3.711  3.849  
23070100 23070312   0.926  0.612  
23070800 23071012   2.681  2.214  
23072200 23072412   1.653  1.491  
23072900 23073112   2.584  2.269  
23080500 23080712   0.607  0.414  
23081200 23081412   7.685  4.234  
23081900 23082112   2.350  2.316  
23082600 23082812   1.442  1.605  
23090200 23090412   4.468  1.955  
23090900 23091112   5.722  4.399  
23091600 23091812   0.811  0.962  
23092300 23092512   8.214  8.051  
23093000 23100212   1.430  1.196  
23100700 23100912   1.290  1.156  
23101400 23101612   1.002  1.397  
23102100 23102312   0.660  0.063  
23102800 23103012   0.540  1.540  
23110400 23110612   2.180  2.161  
23111100 23111312   0.379  0.813  
23120200 23120412   1.505  3.231  
23120900 23121112   6.089  3.983  
24010600 24010812   3.795  1.907  
24011300 24011512   38.443  3.060  
