22100100 22100312   4.307  2.237  
22100800 22101012   0.261  1.759  
22101500 22101712   1.544  1.782  
22102200 22102412   1.782  1.820  
22102900 22103112   0.765  0.347  
22111200 22111412   0.577  1.447  
22111900 22112112   0.741  0.683  
22121000 22121212   2.726  2.194  
23010700 23010912   1.769  1.940  
23011400 23011612   2.978  1.529  
23012100 23012312   0.728  2.142  
23012800 23013012   0.714  0.247  
23022500 23022712   0.387  1.042  
23030400 23030612   1.054  0.659  
23031100 23031312   0.075  0.633  
23031800 23032012   3.970  2.299  
23032500 23032712   0.643  0.676  
23040100 23040312   1.614  1.609  
23040800 23041012   3.211  4.638  
23041500 23041712   3.942  3.792  
23042200 23042412   1.272  1.194  
23042900 23050112   0.534  0.977  
23050600 23050812   1.204  1.384  
23051300 23051512   5.962  3.774  
23052000 23052212   2.219  2.555  
23052700 23052912   0.186  2.811  
23060300 23060512   2.013  2.266  
23061000 23061212   1.590  2.393  
23061700 23061912   2.019  1.603  
23062400 23062612   4.987  5.675  
23070100 23070312   1.532  1.692  
23070800 23071012   4.183  4.333  
23072200 23072412   0.957  1.058  
23072900 23073112   2.011  1.910  
23080500 23080712   3.085  3.118  
23081200 23081412   6.746  3.209  
23081900 23082112   0.803  0.619  
23082600 23082812   1.766  1.682  
23090200 23090412   4.202  1.557  
23090900 23091112   6.296  4.996  
23091600 23091812   2.162  2.127  
23092300 23092512   6.517  6.542  
23093000 23100212   2.026  1.944  
23100700 23100912   4.088  3.836  
23101400 23101612   1.714  2.086  
23102100 23102312   1.963  1.703  
