22100100 22100312   1.356  1.434  
22100800 22101012   5.806  5.391  
22101500 22101712   1.156  1.233  
22102200 22102412   2.465  2.859  
22102900 22103112   8.027  6.951  
22111200 22111412   0.410  1.021  
22111900 22112112   1.546  2.191  
22112600 22112812   2.294  1.633  
22121000 22121212   9.759  8.908  
23010700 23010912   4.670  5.747  
23011400 23011612   7.967  6.499  
23012100 23012312   9.909  19.889  
23012800 23013012   2.646  2.214  
23022500 23022712   6.368  5.593  
23030400 23030612   14.006  13.723  
23031100 23031312   0.186  0.949  
23031800 23032012   0.549  2.130  
23032500 23032712   1.408  3.283  
23040100 23040312   1.963  3.871  
23040800 23041012   1.108  6.185  
23041500 23041712   5.514  1.366  
23042200 23042412   1.331  1.052  
23042900 23050112   5.823  5.011  
23050600 23050812   0.884  2.116  
23051300 23051512   8.971  9.987  
23052000 23052212   1.775  5.600  
23052700 23052912   7.118  12.838  
23060300 23060512   0.384  1.103  
23061000 23061212   8.814  5.454  
23061700 23061912   4.853  9.785  
23062400 23062612   5.517  4.392  
23070100 23070312   9.664  10.901  
23070800 23071012   8.999  9.960  
23072200 23072412   7.752  7.709  
23072900 23073112   7.244  7.192  
23080500 23080712   4.979  5.019  
23081200 23081412   2.597  1.324  
23081900 23082112   6.337  5.103  
23082600 23082812   4.321  3.881  
23090200 23090412   3.125  11.062  
23090900 23091112   6.927  4.455  
23091600 23091812   4.261  4.839  
23092300 23092512   4.921  4.244  
23093000 23100212   2.357  1.719  
23100700 23100912   2.702  0.818  
23101400 23101612   8.691  6.479  
23102100 23102312   0.193  1.489  
23102800 23103012   3.112  2.351  
23110400 23110612   12.109  10.952  
23111100 23111312   9.625  12.225  
23120200 23120412   3.584  2.920  
23120900 23121112   5.447  11.013  
24010600 24010812   7.682  8.529  
24011300 24011512   6.489  6.108  
