22100100 22100312   4.475  1.517  
22100800 22101012   0.192  2.114  
22101500 22101712   2.195  0.660  
22102200 22102412   0.196  0.097  
22102900 22103112   3.271  1.619  
22111200 22111412   1.161  0.368  
22111900 22112112   2.027  1.610  
22121000 22121212   2.638  1.757  
23010700 23010912   0.203  0.333  
23011400 23011612   4.783  0.204  
23012100 23012312   2.014  1.571  
23012800 23013012   0.141  0.625  
23022500 23022712   2.026  2.253  
23030400 23030612   2.406  1.922  
23031100 23031312   1.447  0.957  
23031800 23032012   1.799  0.209  
23032500 23032712   0.687  0.469  
23040100 23040312   0.622  0.674  
23040800 23041012   1.692  0.848  
23041500 23041712   0.662  0.810  
23042200 23042412   1.051  0.216  
23042900 23050112   0.674  0.487  
23050600 23050812   0.286  0.128  
23051300 23051512   3.546  1.832  
23052000 23052212   1.377  0.590  
23052700 23052912   1.159  0.062  
23060300 23060512   1.246  0.244  
23061000 23061212   0.662  0.122  
23061700 23061912   0.232  0.961  
23062400 23062612   1.612  0.419  
23070100 23070312   2.659  1.085  
23070800 23071012   0.235  0.519  
23072200 23072412   2.429  0.684  
23072900 23073112   0.778  0.794  
23080500 23080712   0.875  1.068  
23081200 23081412   4.090  1.352  
23081900 23082112   0.382  0.985  
23082600 23082812   0.297  0.642  
23090200 23090412   0.447  1.322  
23090900 23091112   1.187  0.180  
23091600 23091812   1.594  1.726  
23092300 23092512   0.674  1.627  
23093000 23100212   1.280  0.134  
23100700 23100912   1.073  0.622  
23101400 23101612   0.985  0.592  
23102100 23102312   0.361  0.274  
23102800 23103012   0.525  1.453  
23110400 23110612   1.616  1.065  
23111100 23111312   0.778  2.551  
23120200 23120412   0.905  0.247  
23120900 23121112   2.037  1.110  
24010600 24010812   0.485  0.265  
24011300 24011512   2.196  2.778  
