22100100 22100312   0.001  0.001  
22100800 22101012   0.000  0.000  
22101500 22101712   0.001  0.000  
22102200 22102412   0.141  0.130  
22102900 22103112   0.056  0.037  
22110500 22110712   0.226  0.238  
22111200 22111412   0.002  0.002  
22111900 22112112   0.007  0.007  
22112600 22112812   0.022  0.015  
22120300 22120512   0.111  0.164  
22121000 22121212   0.279  0.395  
22122400 22122612   0.440  0.450  
22123100 23010212   0.278  0.315  
23010700 23010912   0.219  0.196  
23011400 23011612   0.495  0.562  
23012100 23012312   0.017  0.029  
23012800 23013012   0.001  0.003  
23020400 23020612   0.389  0.485  
23021100 23021312   0.039  0.092  
23021800 23022012   0.002  0.003  
23022500 23022712   0.005  0.007  
23030400 23030612   0.414  0.331  
23031100 23031312   0.012  0.018  
23031800 23032012   0.000  0.000  
23032500 23032712   0.018  0.104  
23040100 23040312   0.534  0.757  
23040800 23041012   0.069  0.095  
23041500 23041712   0.007  0.010  
23042200 23042412   0.323  0.122  
23042900 23050112   0.000  0.000  
23050600 23050812   0.596  0.454  
23051300 23051512   0.001  0.000  
23052000 23052212   0.001  0.001  
23052700 23052912   0.000  0.006  
23060300 23060512   0.000  0.000  
23061000 23061212   0.283  0.487  
23061700 23061912   0.021  0.024  
23062400 23062612   0.008  0.017  
23070100 23070312   0.000  0.002  
23070800 23071012   0.004  0.007  
23072200 23072412   0.001  0.001  
23072900 23073112   0.004  0.004  
23080500 23080712   0.000  0.002  
23081200 23081412   0.002  0.001  
23081900 23082112   0.000  0.000  
23082600 23082812   0.000  0.000  
23090200 23090412   0.000  0.000  
23090900 23091112   0.000  0.000  
23091600 23091812   0.000  0.000  
23092300 23092512   0.003  0.003  
23093000 23100212   0.002  0.003  
23100700 23100912   0.000  0.000  
23101400 23101612   0.050  0.044  
23102100 23102312   0.001  0.001  
23102800 23103012   0.000  0.000  
23110400 23110612   0.129  0.124  
23111100 23111312   1.184  1.068  
23111800 23112012   0.006  0.003  
23112500 23112712   0.012  0.012  
23120200 23120412   0.094  0.095  
23120900 23121112   0.018  0.018  
23123000 24010112   0.223  0.171  
24010600 24010812   0.996  1.360  
24011300 24011512   0.000  0.000  
22100100 22100312   0.001  0.001  
22100800 22101012   0.000  0.000  
22101500 22101712   0.001  0.000  
22102200 22102412   0.141  0.130  
22102900 22103112   0.056  0.037  
22110500 22110712   0.226  0.238  
22111200 22111412   0.002  0.002  
22111900 22112112   0.007  0.007  
22112600 22112812   0.022  0.015  
22120300 22120512   0.111  0.164  
22121000 22121212   0.279  0.395  
22122400 22122612   0.440  0.450  
22123100 23010212   0.278  0.315  
23010700 23010912   0.219  0.196  
23011400 23011612   0.495  0.562  
23012100 23012312   0.017  0.029  
23012800 23013012   0.001  0.003  
23020400 23020612   0.389  0.485  
23021100 23021312   0.039  0.092  
23021800 23022012   0.002  0.003  
23022500 23022712   0.005  0.007  
23030400 23030612   0.414  0.331  
23031100 23031312   0.012  0.018  
23031800 23032012   0.000  0.000  
23032500 23032712   0.018  0.104  
23040100 23040312   0.534  0.757  
23040800 23041012   0.069  0.095  
23041500 23041712   0.007  0.010  
23042200 23042412   0.323  0.122  
23042900 23050112   0.000  0.000  
23050600 23050812   0.596  0.454  
23051300 23051512   0.001  0.000  
23052000 23052212   0.001  0.001  
23052700 23052912   0.000  0.006  
23060300 23060512   0.000  0.000  
23061000 23061212   0.283  0.487  
23061700 23061912   0.021  0.024  
23062400 23062612   0.008  0.017  
23070100 23070312   0.000  0.002  
23070800 23071012   0.004  0.007  
23072200 23072412   0.001  0.001  
23072900 23073112   0.004  0.004  
23080500 23080712   0.000  0.002  
23081200 23081412   0.002  0.001  
23081900 23082112   0.000  0.000  
23082600 23082812   0.000  0.000  
23090200 23090412   0.000  0.000  
23090900 23091112   0.000  0.000  
23091600 23091812   0.000  0.000  
23092300 23092512   0.003  0.003  
23093000 23100212   0.002  0.003  
23100700 23100912   0.000  0.000  
23101400 23101612   0.050  0.044  
23102100 23102312   0.001  0.001  
23102800 23103012   0.000  0.000  
23110400 23110612   0.129  0.124  
23111100 23111312   1.184  1.068  
23111800 23112012   0.006  0.003  
23112500 23112712   0.012  0.012  
23120200 23120412   0.094  0.095  
23120900 23121112   0.018  0.018  
23123000 24010112   0.223  0.171  
24010600 24010812   0.996  1.360  
24011300 24011512   0.000  0.000  
22100100 22100312   0.001  0.001  
22100800 22101012   0.000  0.000  
22101500 22101712   0.001  0.000  
22102200 22102412   0.141  0.130  
22102900 22103112   0.056  0.037  
22110500 22110712   0.226  0.238  
22111200 22111412   0.002  0.002  
22111900 22112112   0.007  0.007  
22112600 22112812   0.022  0.015  
22120300 22120512   0.111  0.164  
22121000 22121212   0.279  0.395  
22122400 22122612   0.440  0.450  
22123100 23010212   0.278  0.315  
23010700 23010912   0.219  0.196  
23011400 23011612   0.495  0.562  
