22100100 22100312   3.881  3.499  
22100800 22101012   1.832  1.441  
22101500 22101712   1.511  1.069  
22102200 22102412   3.713  3.516  
22102900 22103112   13.556  10.700  
22111200 22111412   0.930  0.970  
22111900 22112112   3.752  4.061  
22121000 22121212   0.938  0.664  
23010700 23010912   6.572  7.000  
23011400 23011612   1.433  1.475  
23012100 23012312   1.282  1.086  
23012800 23013012   9.048  8.667  
23022500 23022712   6.682  7.640  
23030400 23030612   7.783  7.033  
23031100 23031312   13.904  12.929  
23031800 23032012   4.737  4.670  
23032500 23032712   0.879  1.193  
23040100 23040312   7.400  7.902  
23040800 23041012   8.441  7.231  
23041500 23041712   10.176  7.224  
23042200 23042412   4.387  3.640  
23042900 23050112   6.021  4.928  
23050600 23050812   10.826  11.325  
23051300 23051512   4.557  5.165  
23052000 23052212   4.418  4.487  
23052700 23052912   1.607  0.553  
23060300 23060512   6.678  6.151  
23061000 23061212   6.872  5.662  
23061700 23061912   4.910  5.900  
23062400 23062612   1.024  1.953  
23070100 23070312   12.476  10.807  
23070800 23071012   4.189  4.309  
23072200 23072412   6.013  6.309  
23072900 23073112   0.714  0.322  
23080500 23080712   3.897  3.596  
23081200 23081412   0.931  2.279  
23081900 23082112   9.048  9.342  
23082600 23082812   1.603  1.869  
23090200 23090412   11.557  12.862  
23090900 23091112   4.426  4.717  
23091600 23091812   1.750  2.130  
23092300 23092512   1.463  1.399  
23093000 23100212   0.813  0.754  
23100700 23100912   1.179  1.853  
23101400 23101612   5.216  6.711  
23102100 23102312   3.882  2.643  
23102800 23103012   0.650  0.386  
23110400 23110612   4.883  6.041  
23111100 23111312   10.685  11.758  
23120200 23120412   2.741  4.730  
23120900 23121112   0.380  0.420  
24010600 24010812   2.364  2.308  
24011300 24011512   4.053  3.905  
