22100100 22100312   2.757  2.746  
22100800 22101012   1.206  1.253  
22101500 22101712   0.614  2.504  
22102200 22102412   1.731  1.498  
22102900 22103112   1.361  1.205  
22111200 22111412   2.603  2.991  
22111900 22112112   0.593  0.655  
22121000 22121212   1.421  2.946  
23010700 23010912   12.461  13.264  
23011400 23011612   3.750  3.241  
23012100 23012312   2.246  2.532  
23012800 23013012   8.234  8.994  
23022500 23022712   7.470  8.559  
23030400 23030612   4.291  5.832  
23031100 23031312   5.482  5.998  
23031800 23032012   3.588  3.978  
23032500 23032712   1.317  1.717  
23040100 23040312   8.974  9.969  
23040800 23041012   1.465  2.083  
23041500 23041712   7.114  7.292  
23042200 23042412   0.444  1.211  
23042900 23050112   5.034  6.179  
23050600 23050812   1.741  1.256  
23051300 23051512   6.079  5.698  
23052000 23052212   1.832  2.335  
23052700 23052912   2.901  4.578  
23060300 23060512   1.799  1.737  
23061000 23061212   3.964  2.926  
23061700 23061912   7.123  8.484  
23062400 23062612   1.893  1.288  
22100100 22100312   2.757  2.746  
