22100100 22100312   9.647  10.084  
22100800 22101012   2.177  2.321  
22101500 22101712   2.943  3.296  
22102200 22102412   3.437  3.640  
22102900 22103112   6.802  7.338  
22111200 22111412   1.376  1.897  
22111900 22112112   2.309  1.805  
22121000 22121212   4.138  2.043  
23010700 23010912   18.326  19.029  
23011400 23011612   2.714  3.887  
23012100 23012312   1.052  0.627  
23012800 23013012   7.794  8.563  
23022500 23022712   4.062  2.638  
23030400 23030612   8.583  6.437  
23031100 23031312   12.105  12.306  
23031800 23032012   4.722  4.807  
23032500 23032712   10.762  9.705  
23040100 23040312   8.042  9.421  
23040800 23041012   10.103  8.606  
23041500 23041712   16.327  16.091  
23042200 23042412   11.974  12.390  
23042900 23050112   8.631  9.952  
23050600 23050812   5.800  5.701  
23051300 23051512   11.291  10.770  
23052000 23052212   3.825  2.678  
23052700 23052912   5.806  7.515  
23060300 23060512   3.126  2.642  
23061000 23061212   6.661  5.528  
23061700 23061912   10.543  12.331  
23062400 23062612   9.030  9.126  
23070100 23070312   6.948  6.454  
23070800 23071012   5.083  6.705  
23072200 23072412   1.430  1.513  
23072900 23073112   9.636  9.302  
23080500 23080712   10.374  10.773  
23081200 23081412   3.908  5.031  
23081900 23082112   0.506  0.856  
23082600 23082812   11.205  11.151  
23090200 23090412   15.013  15.397  
23090900 23091112   0.266  0.899  
23091600 23091812   5.478  5.760  
23092300 23092512   5.295  5.731  
23093000 23100212   6.385  7.746  
23100700 23100912   4.795  4.534  
23101400 23101612   13.158  14.707  
23102100 23102312   13.434  12.160  
23102800 23103012   3.710  2.329  
23110400 23110612   6.538  6.304  
23111100 23111312   7.299  9.315  
23120200 23120412   2.473  3.562  
23120900 23121112   12.845  11.244  
