22100100 22100312   1.489  1.643  
22100800 22101012   1.694  1.941  
22101500 22101712   1.769  3.139  
22102200 22102412   1.647  1.996  
22102900 22103112   2.580  2.744  
22111200 22111412   0.123  0.357  
22111900 22112112   1.339  1.793  
22121000 22121212   3.464  6.643  
23010700 23010912   9.452  9.264  
23011400 23011612   6.021  4.312  
23012100 23012312   2.211  1.713  
23012800 23013012   4.839  5.822  
23022500 23022712   3.010  5.070  
23030400 23030612   2.464  4.131  
23031100 23031312   2.848  3.563  
23031800 23032012   1.729  0.945  
23032500 23032712   4.022  4.330  
23040100 23040312   8.906  9.865  
23040800 23041012   0.779  1.237  
23041500 23041712   4.718  4.750  
23042200 23042412   3.819  5.000  
23042900 23050112   6.571  8.449  
23050600 23050812   1.770  2.478  
23051300 23051512   7.493  7.089  
23052000 23052212   4.260  3.011  
23052700 23052912   0.845  2.486  
23060300 23060512   3.186  3.081  
23061000 23061212   4.431  3.963  
23061700 23061912   7.783  9.226  
23062400 23062612   2.965  3.511  
