22100100 22100312   5.609  3.876  
22100800 22101012   0.295  2.239  
22101500 22101712   0.853  0.912  
22102200 22102412   1.817  1.688  
22102900 22103112   1.216  0.932  
22111200 22111412   0.197  1.070  
22111900 22112112   0.802  0.708  
22121000 22121212   2.282  1.824  
23010700 23010912   1.660  1.451  
23011400 23011612   3.001  0.642  
23012100 23012312   0.397  1.129  
23012800 23013012   0.405  0.684  
23022500 23022712   0.179  1.520  
23030400 23030612   2.400  2.183  
23031100 23031312   1.256  0.761  
23031800 23032012   5.763  4.239  
23032500 23032712   0.324  0.623  
23040100 23040312   1.143  0.993  
23040800 23041012   0.493  0.979  
23041500 23041712   2.963  2.767  
23042200 23042412   1.081  0.845  
23042900 23050112   1.985  2.562  
23050600 23050812   2.284  1.835  
23051300 23051512   6.583  4.363  
23052000 23052212   1.889  2.592  
23052700 23052912   0.422  3.018  
23060300 23060512   2.191  2.409  
23061000 23061212   0.321  1.089  
23061700 23061912   1.269  0.994  
23062400 23062612   5.060  5.297  
23070100 23070312   0.907  1.051  
23070800 23071012   3.942  3.844  
23072200 23072412   0.773  0.779  
23072900 23073112   2.648  2.367  
23080500 23080712   3.581  3.532  
23081200 23081412   6.462  2.968  
23081900 23082112   4.014  4.040  
23082600 23082812   2.217  2.140  
23090200 23090412   4.981  2.285  
23090900 23091112   5.220  3.825  
23091600 23091812   4.238  3.963  
23092300 23092512   7.912  7.524  
23093000 23100212   2.700  3.127  
23100700 23100912   1.088  0.959  
23101400 23101612   2.126  2.500  
23102100 23102312   1.248  0.843  
23102800 23103012   2.284  2.230  
23110400 23110612   1.023  0.942  
23111100 23111312   0.179  1.018  
23120200 23120412   1.057  2.190  
23120900 23121112   1.089  1.116  
24010600 24010812   1.654  1.730  
24011300 24011512   24.135  3.889  
