22100100 22100312   2.755  9.993  
22100800 22101012   11.491  5.304  
22101500 22101712   10.155  5.407  
22102200 22102412   6.704  3.992  
22102900 22103112   16.210  15.062  
22111200 22111412   14.569  6.187  
22111900 22112112   5.569  3.010  
22112600 22112812   3.425  4.585  
22121000 22121212   1.562  7.291  
23010700 23010912   6.531  6.005  
23011400 23011612   0.572  0.767  
23012100 23012312   9.813  1.861  
23012800 23013012   0.667  1.231  
23022500 23022712   9.934  6.002  
23030400 23030612   8.600  2.488  
23031100 23031312   5.458  13.148  
23031800 23032012   18.275  5.428  
23032500 23032712   13.933  12.609  
23040100 23040312   9.739  5.986  
23040800 23041012   12.258  8.635  
23041500 23041712   10.052  1.733  
23042200 23042412   5.158  5.762  
23042900 23050112   1.391  6.793  
23050600 23050812   9.247  3.871  
23051300 23051512   6.416  9.704  
23052000 23052212   7.132  6.972  
23052700 23052912   11.825  5.944  
23060300 23060512   6.335  1.653  
23061000 23061212   10.378  3.641  
23061700 23061912   5.481  15.292  
23062400 23062612   27.053  23.175  
23070100 23070312   2.745  10.630  
23070800 23071012   7.624  1.211  
23072200 23072412   6.942  2.838  
23072900 23073112   4.003  2.851  
23080500 23080712   13.086  9.366  
23081200 23081412   21.215  12.879  
23081900 23082112   6.800  2.003  
23082600 23082812   5.855  1.586  
23090200 23090412   6.237  17.415  
23090900 23091112   22.540  10.264  
23091600 23091812   19.460  14.097  
23092300 23092512   3.355  7.492  
23093000 23100212   20.749  15.979  
23100700 23100912   11.973  2.600  
23101400 23101612   25.516  8.693  
23102100 23102312   8.667  3.346  
