22100100 22100312   0.016  0.051  
22100800 22101012   0.001  0.006  
22101500 22101712   0.038  0.077  
22102200 22102412   0.064  0.120  
22102900 22103112   0.017  0.017  
22110500 22110712   0.031  0.049  
22111200 22111412   0.004  0.007  
22111900 22112112   0.001  0.004  
22112600 22112812   0.059  0.116  
22120300 22120512   0.088  0.318  
22121000 22121212   0.012  0.029  
22122400 22122612   0.027  0.053  
22123100 23010212   0.019  0.021  
23010700 23010912   0.038  0.058  
23011400 23011612   0.000  0.001  
23012100 23012312   0.015  0.084  
23012800 23013012   0.000  0.002  
23020400 23020612   0.000  0.000  
23021100 23021312   0.000  0.003  
23021800 23022012   0.023  0.094  
23022500 23022712   0.078  0.140  
23030400 23030612   0.019  0.032  
23031100 23031312   0.024  0.044  
23031800 23032012   0.001  0.012  
23032500 23032712   0.010  0.014  
23040100 23040312   0.021  0.074  
23040800 23041012   0.000  0.001  
23041500 23041712   0.001  0.004  
23042200 23042412   0.005  0.007  
23042900 23050112   0.062  0.109  
23050600 23050812   0.014  0.032  
23051300 23051512   0.018  0.042  
23052000 23052212   0.017  0.019  
23052700 23052912   0.002  0.005  
23060300 23060512   0.002  0.005  
23061000 23061212   0.007  0.018  
23061700 23061912   0.036  0.058  
23062400 23062612   0.110  0.206  
23070100 23070312   0.142  0.723  
23070800 23071012   0.003  0.007  
23072200 23072412   0.217  0.542  
23072900 23073112   0.042  0.064  
23080500 23080712   0.007  0.058  
23081200 23081412   0.027  0.052  
23081900 23082112   0.001  0.001  
23082600 23082812   0.020  0.073  
23090200 23090412   0.399  0.400  
23090900 23091112   0.004  0.031  
23091600 23091812   0.004  0.006  
23092300 23092512   0.059  0.088  
23093000 23100212   0.041  0.065  
23100700 23100912   0.015  0.033  
23101400 23101612   0.011  0.029  
23102100 23102312   0.001  0.006  
