22100100 22100312   5.032  3.144  
22100800 22101012   0.266  1.919  
22101500 22101712   3.750  3.699  
22102200 22102412   0.737  0.861  
22102900 22103112   1.228  0.871  
22111200 22111412   0.835  1.564  
22111900 22112112   0.485  0.451  
22121000 22121212   3.284  2.743  
23010700 23010912   1.693  1.807  
23011400 23011612   3.007  1.560  
23012100 23012312   0.977  2.457  
23012800 23013012   0.485  1.061  
23022500 23022712   0.433  1.200  
23030400 23030612   1.985  1.569  
23031100 23031312   0.511  1.008  
23031800 23032012   3.511  1.787  
23032500 23032712   2.019  2.024  
23040100 23040312   2.155  2.151  
23040800 23041012   2.292  3.538  
23041500 23041712   3.877  3.714  
23042200 23042412   0.713  0.620  
23042900 23050112   1.429  1.763  
23050600 23050812   1.644  1.926  
23051300 23051512   6.754  4.484  
23052000 23052212   1.879  3.539  
23052700 23052912   0.621  3.062  
23060300 23060512   2.463  2.607  
23061000 23061212   1.325  1.992  
23061700 23061912   1.859  1.414  
23062400 23062612   2.612  3.369  
23070100 23070312   0.273  0.524  
23070800 23071012   4.700  4.870  
23072200 23072412   0.525  0.634  
23072900 23073112   0.715  0.579  
23080500 23080712   0.543  0.652  
23081200 23081412   5.843  2.526  
23081900 23082112   0.572  0.669  
23082600 23082812   1.482  1.530  
23090200 23090412   4.574  2.111  
23090900 23091112   5.507  4.468  
23091600 23091812   2.150  2.082  
23092300 23092512   5.144  5.242  
23093000 23100212   1.129  1.087  
23100700 23100912   4.452  4.098  
23101400 23101612   0.979  1.312  
23102100 23102312   2.593  2.404  
23102800 23103012   0.799  0.217  
23110400 23110612   1.676  1.533  
23111100 23111312   0.474  0.356  
23120200 23120412   2.930  3.763  
23120900 23121112   1.062  0.726  
