22100100 22100312   2.201  2.032  
22100800 22101012   1.710  2.055  
22101500 22101712   3.154  2.930  
22102200 22102412   8.029  7.234  
22102900 22103112   5.091  5.021  
22111200 22111412   2.603  2.717  
22111900 22112112   5.119  4.913  
22121000 22121212   12.453  15.845  
23010700 23010912   18.020  18.923  
23012100 23012312   9.243  10.422  
23012800 23013012   12.130  11.834  
23022500 23022712   6.680  7.839  
23030400 23030612   6.851  6.814  
23031100 23031312   7.075  6.876  
23031800 23032012   4.769  6.133  
23032500 23032712   4.772  8.280  
23040100 23040312   4.126  3.991  
23040800 23041012   10.332  11.303  
23041500 23041712   6.876  9.232  
23042200 23042412   7.764  11.112  
23042900 23050112   2.546  3.426  
23050600 23050812   2.015  2.132  
23051300 23051512   4.078  4.025  
23052000 23052212   3.484  3.648  
23052700 23052912   5.140  6.158  
23060300 23060512   3.252  2.940  
23061000 23061212   3.919  4.947  
23061700 23061912   6.247  4.982  
23062400 23062612   3.070  2.668  
23070100 23070312   5.134  5.328  
23070800 23071012   5.816  5.663  
23072200 23072412   4.165  3.868  
23072900 23073112   3.495  3.548  
23080500 23080712   3.444  3.244  
23081200 23081412   4.874  4.324  
23081900 23082112   5.267  4.873  
23082600 23082812   2.840  3.083  
23090200 23090412   7.355  6.790  
23090900 23091112   3.461  3.477  
23091600 23091812   3.839  4.033  
23092300 23092512   17.069  16.025  
23093000 23100212   7.436  7.729  
23100700 23100912   11.433  10.341  
23101400 23101612   10.570  9.322  
23102100 23102312   4.392  5.055  
23102800 23103012   1.687  1.951  
23110400 23110612   10.464  14.062  
23111100 23111312   9.827  11.006  
23120200 23120412   8.590  9.789  
23120900 23121112   17.610  20.025  
24010600 24010812   8.447  10.501  
24011300 24011512   6.341  6.610  
