22100100 22100312   3.334  0.884  
22100800 22101012   1.979  3.512  
22101500 22101712   2.116  2.536  
22102200 22102412   0.666  0.670  
22102900 22103112   1.192  0.406  
22111200 22111412   0.781  0.308  
22111900 22112112   1.455  1.427  
22121000 22121212   3.433  2.847  
23010700 23010912   0.403  0.209  
23011400 23011612   2.535  0.798  
23012100 23012312   0.181  2.950  
23012800 23013012   1.448  2.177  
23022500 23022712   0.706  0.179  
23030400 23030612   3.465  3.238  
23031100 23031312   0.322  0.203  
23031800 23032012   4.834  3.516  
23032500 23032712   1.216  1.055  
23040100 23040312   3.653  3.676  
23040800 23041012   2.546  1.384  
23041500 23041712   1.780  1.886  
23042200 23042412   1.275  0.410  
23042900 23050112   2.773  3.537  
23050600 23050812   0.796  0.564  
23051300 23051512   3.925  2.355  
23052000 23052212   0.782  1.658  
23052700 23052912   1.788  0.136  
23060300 23060512   0.461  1.049  
23061000 23061212   0.152  0.750  
23061700 23061912   2.810  3.152  
23062400 23062612   0.617  1.399  
23070100 23070312   2.360  1.415  
23070800 23071012   3.136  3.074  
23072200 23072412   0.922  1.678  
23072900 23073112   0.374  0.223  
23080500 23080712   0.797  0.742  
23081200 23081412   4.576  1.689  
23081900 23082112   1.434  0.851  
23082600 23082812   1.138  0.682  
23090200 23090412   1.952  0.568  
23090900 23091112   3.000  2.034  
23091600 23091812   1.563  1.771  
23092300 23092512   3.596  3.935  
23093000 23100212   1.512  0.608  
23100700 23100912   4.732  4.719  
23101400 23101612   0.581  1.385  
23102100 23102312   0.342  0.079  
23102800 23103012   3.310  4.181  
23110400 23110612   2.267  2.463  
23111100 23111312   2.008  3.497  
23120200 23120412   0.615  0.705  
23120900 23121112   1.799  1.664  
24010600 24010812   0.646  0.695  
24011300 24011512   12.414  1.706  
