22100100 22100312   0.001  0.001  
22100800 22101012   0.000  0.000  
22101500 22101712   0.001  0.000  
22102200 22102412   0.120  0.256  
22102900 22103112   0.036  0.037  
22110500 22110712   0.057  0.069  
22111200 22111412   0.000  0.000  
22111900 22112112   0.001  0.001  
22112600 22112812   0.013  0.013  
22120300 22120512   0.215  0.118  
22121000 22121212   0.089  0.148  
22122400 22122612   0.181  0.193  
22123100 23010212   0.062  0.069  
23010700 23010912   0.778  0.849  
23011400 23011612   0.073  0.171  
23012100 23012312   0.840  0.834  
23012800 23013012   0.000  0.000  
23020400 23020612   0.143  0.139  
23021100 23021312   0.001  0.014  
23021800 23022012   0.001  0.001  
23022500 23022712   0.013  0.013  
23030400 23030612   0.088  0.133  
23031100 23031312   0.016  0.021  
23031800 23032012   0.000  0.000  
23032500 23032712   0.173  0.215  
23040100 23040312   0.365  0.347  
23040800 23041012   0.050  0.051  
23041500 23041712   0.198  0.198  
23042200 23042412   0.182  0.083  
23042900 23050112   0.000  0.000  
23050600 23050812   0.370  0.248  
23051300 23051512   0.001  0.000  
23052000 23052212   0.012  0.012  
23052700 23052912   0.001  0.006  
23060300 23060512   0.000  0.000  
23061000 23061212   0.230  0.376  
23061700 23061912   0.004  0.013  
23062400 23062612   0.001  0.007  
23070100 23070312   0.000  0.002  
23070800 23071012   0.002  0.002  
23072200 23072412   0.000  0.001  
23072900 23073112   0.001  0.000  
23080500 23080712   0.000  0.001  
23081200 23081412   0.001  0.001  
23081900 23082112   0.000  0.000  
23082600 23082812   0.000  0.003  
23090200 23090412   0.004  0.004  
23090900 23091112   0.000  0.000  
23091600 23091812   0.000  0.000  
23092300 23092512   0.002  0.003  
23093000 23100212   0.002  0.001  
23100700 23100912   0.000  0.000  
23101400 23101612   0.017  0.027  
23102100 23102312   0.000  0.000  
23102800 23103012   0.000  0.000  
23110400 23110612   0.093  0.126  
23111100 23111312   0.328  0.405  
23120900 23121112   0.961  0.962  
23123000 24010112   0.586  0.612  
24010600 24010812   0.051  0.236  
24011300 24011512   0.001  0.001  
