22100100 22100312   0.001  0.001  
22100800 22101012   0.000  0.000  
22101500 22101712   0.001  0.000  
22102200 22102412   0.030  0.043  
22102900 22103112   0.028  0.030  
22110500 22110712   0.151  0.145  
22111200 22111412   0.000  0.000  
22111900 22112112   0.000  0.000  
22112600 22112812   0.005  0.004  
22120300 22120512   0.228  0.157  
22121000 22121212   0.955  0.816  
22122400 22122612   0.514  0.259  
22123100 23010212   0.117  0.119  
23010700 23010912   0.213  0.062  
23011400 23011612   0.345  0.280  
23012100 23012312   0.341  0.354  
23012800 23013012   0.000  0.000  
23020400 23020612   0.383  0.309  
23021100 23021312   0.003  0.021  
23021800 23022012   0.001  0.006  
23022500 23022712   0.016  0.017  
23030400 23030612   0.040  0.071  
23031100 23031312   0.006  0.011  
23031800 23032012   0.000  0.001  
23032500 23032712   0.221  0.127  
23040100 23040312   0.110  0.276  
23040800 23041012   0.193  0.192  
23041500 23041712   0.003  0.016  
23042200 23042412   0.035  0.031  
23042900 23050112   0.000  0.000  
23050600 23050812   0.927  0.532  
23051300 23051512   0.001  0.000  
23052000 23052212   0.002  0.001  
23052700 23052912   0.001  0.006  
23060300 23060512   0.000  0.000  
23061000 23061212   0.141  0.186  
23061700 23061912   0.005  0.010  
23062400 23062612   0.005  0.013  
23070100 23070312   0.000  0.002  
23070800 23071012   0.002  0.010  
23072200 23072412   0.001  0.002  
23072900 23073112   0.018  0.024  
23080500 23080712   0.000  0.003  
23081200 23081412   0.004  0.003  
23081900 23082112   0.000  0.000  
23082600 23082812   0.000  0.000  
23090200 23090412   0.000  0.000  
23090900 23091112   0.000  0.001  
23091600 23091812   0.000  0.000  
23092300 23092512   0.095  0.041  
23093000 23100212   0.001  0.001  
23100700 23100912   0.000  0.000  
23101400 23101612   0.189  0.184  
23102100 23102312   0.000  0.000  
23102800 23103012   0.000  0.000  
23110400 23110612   0.255  0.324  
23111100 23111312   0.412  0.698  
23111800 23112012   0.006  0.007  
23112500 23112712   0.000  0.000  
23120200 23120412   0.153  0.269  
23120900 23121112   0.194  0.189  
23123000 24010112   0.193  0.142  
24010600 24010812   0.752  0.748  
