22100100 22100312   0.094  0.094  
22100800 22101012   0.094  0.094  
22101500 22101712   0.021  0.020  
22102200 22102412   0.126  0.086  
22102900 22103112   1.889  2.125  
22110500 22110712   0.202  0.223  
22111200 22111412   0.000  0.001  
22111900 22112112   0.002  0.002  
22112600 22112812   1.210  1.234  
22120300 22120512   0.805  0.988  
22121000 22121212   1.582  1.539  
22122400 22122612   0.810  0.408  
22123100 23010212   0.948  0.937  
23010700 23010912   2.023  1.352  
23011400 23011612   1.198  1.003  
23012100 23012312   0.059  0.060  
23012800 23013012   0.000  0.000  
23020400 23020612   0.672  0.908  
23021100 23021312   0.021  0.029  
23021800 23022012   0.010  0.045  
23022500 23022712   1.424  1.408  
23030400 23030612   0.501  0.540  
23031100 23031312   0.836  0.790  
23031800 23032012   0.000  0.001  
23032500 23032712   0.199  0.169  
23040100 23040312   0.131  0.163  
23040800 23041012   0.267  0.323  
23041500 23041712   0.525  0.499  
23042200 23042412   0.018  0.070  
23042900 23050112   0.000  0.000  
23050600 23050812   0.699  0.495  
23051300 23051512   0.085  0.085  
23052000 23052212   0.017  0.010  
23052700 23052912   0.011  0.114  
23060300 23060512   0.000  0.001  
23061000 23061212   0.132  0.155  
23061700 23061912   0.036  0.041  
23062400 23062612   0.038  0.243  
23070100 23070312   0.000  0.015  
23070800 23071012   0.004  0.052  
23072200 23072412   0.030  0.034  
23072900 23073112   0.074  0.050  
23080500 23080712   0.017  0.248  
23081200 23081412   0.053  0.068  
23081900 23082112   0.000  0.000  
23082600 23082812   0.003  0.002  
23090200 23090412   0.093  0.093  
23090900 23091112   0.000  0.002  
23091600 23091812   0.003  0.003  
23092300 23092512   0.062  0.031  
23093000 23100212   0.004  0.003  
23100700 23100912   0.010  0.010  
23101400 23101612   0.131  0.070  
23102100 23102312   0.000  0.000  
23102800 23103012   0.000  0.000  
23110400 23110612   0.466  0.834  
23111100 23111312   3.421  4.323  
23111800 23112012   0.087  0.067  
23112500 23112712   0.001  0.000  
23120200 23120412   0.782  1.366  
23120900 23121112   0.743  0.739  
23123000 24010112   1.084  1.095  
24010600 24010812   2.005  1.946  
24011300 24011512   0.003  0.004  
