22100100 22100312   0.634  5.049  
22100800 22101012   1.353  2.559  
22101500 22101712   3.245  3.854  
22102200 22102412   0.650  1.028  
22102900 22103112   1.102  0.109  
22111200 22111412   9.792  3.593  
22111900 22112112   11.764  2.872  
22112600 22112812   11.544  2.358  
22121000 22121212   21.534  4.072  
23010700 23010912   13.038  2.562  
23011400 23011612   16.716  1.641  
23012100 23012312   4.308  0.456  
23012800 23013012   26.551  2.176  
23022500 23022712   15.112  0.902  
23030400 23030612   15.918  0.935  
23031100 23031312   21.847  1.763  
23031800 23032012   5.395  4.104  
23032500 23032712   0.535  1.393  
23040100 23040312   2.260  1.754  
23040800 23041012   3.083  2.062  
23041500 23041712   1.357  0.350  
23042200 23042412   0.350  2.105  
23042900 23050112   6.927  5.363  
23050600 23050812   7.403  10.193  
23051300 23051512   3.852  1.640  
23052000 23052212   3.762  0.960  
23052700 23052912   1.973  3.491  
23060300 23060512   0.928  2.683  
23061000 23061212   0.307  1.661  
23061700 23061912   0.907  1.016  
23062400 23062612   3.344  2.352  
23070100 23070312   3.824  0.642  
23070800 23071012   1.832  1.394  
23072200 23072412   3.143  1.460  
23072900 23073112   2.343  1.230  
23080500 23080712   3.248  1.914  
23081200 23081412   3.619  0.881  
23081900 23082112   7.796  2.733  
23082600 23082812   3.447  2.819  
23090200 23090412   2.287  0.576  
23090900 23091112   6.085  4.907  
23091600 23091812   2.228  1.151  
23092300 23092512   0.301  1.101  
23093000 23100212   1.546  0.127  
23100700 23100912   6.458  5.765  
23101400 23101612   1.781  0.471  
23102100 23102312   6.098  6.011  
23102800 23103012   5.648  3.261  
23110400 23110612   1.920  0.796  
23111100 23111312   2.130  0.403  
23120200 23120412   25.366  9.050  
23120900 23121112   12.843  3.782  
24010600 24010812   27.778  4.043  
24011300 24011512   53.497  0.667  
