22100100 22100312   2.977  1.200  
22100800 22101012   0.410  1.878  
22101500 22101712   1.029  0.905  
22102200 22102412   0.437  0.714  
22102900 22103112   1.341  1.007  
22111200 22111412   1.112  1.858  
22111900 22112112   1.357  1.335  
22121000 22121212   3.933  3.260  
23010700 23010912   1.372  1.261  
23011400 23011612   2.916  1.453  
23012100 23012312   0.688  2.069  
23012800 23013012   0.621  1.138  
23022500 23022712   0.697  0.555  
23030400 23030612   1.363  0.965  
23031100 23031312   0.819  0.506  
23031800 23032012   4.057  2.451  
23032500 23032712   2.446  2.542  
23040100 23040312   0.653  0.712  
23040800 23041012   1.859  3.167  
23041500 23041712   2.829  2.617  
23042200 23042412   1.135  0.918  
23042900 23050112   1.363  1.442  
23050600 23050812   1.532  1.729  
23051300 23051512   5.631  3.344  
23052000 23052212   1.926  1.892  
23052700 23052912   0.654  3.165  
23060300 23060512   1.415  1.497  
23061000 23061212   1.306  2.113  
23061700 23061912   0.916  0.414  
23062400 23062612   1.654  2.355  
23070100 23070312   0.088  0.435  
23070800 23071012   2.192  2.372  
23072200 23072412   0.378  0.434  
23072900 23073112   1.322  1.124  
23080500 23080712   1.844  1.933  
23081200 23081412   5.290  2.034  
23081900 23082112   1.765  1.216  
23082600 23082812   1.805  1.841  
23090200 23090412   4.291  1.922  
23090900 23091112   5.858  4.796  
23091600 23091812   1.084  0.953  
23092300 23092512   5.038  4.982  
23093000 23100212   0.412  0.400  
23100700 23100912   2.435  2.332  
23101400 23101612   0.677  0.893  
23102100 23102312   2.093  1.966  
23102800 23103012   0.439  0.108  
23110400 23110612   1.862  2.249  
23111100 23111312   0.465  0.470  
23120200 23120412   1.314  1.994  
23120900 23121112   1.825  1.564  
24010600 24010812   2.988  2.943  
24011300 24011512   14.837  5.810  
22100100 22100312   2.977  1.200  
22100800 22101012   0.410  1.878  
22101500 22101712   1.029  0.905  
22102200 22102412   0.437  0.714  
22102900 22103112   1.341  1.007  
22111200 22111412   1.112  1.858  
22111900 22112112   1.357  1.335  
22121000 22121212   3.933  3.260  
23010700 23010912   1.372  1.261  
23011400 23011612   2.916  1.453  
23012100 23012312   0.688  2.069  
23012800 23013012   0.621  1.138  
23022500 23022712   0.697  0.555  
23030400 23030612   1.363  0.965  
23031100 23031312   0.819  0.506  
23031800 23032012   4.057  2.451  
23032500 23032712   2.446  2.542  
23040100 23040312   0.653  0.712  
23040800 23041012   1.859  3.167  
23041500 23041712   2.829  2.617  
23042200 23042412   1.135  0.918  
23042900 23050112   1.363  1.442  
23050600 23050812   1.532  1.729  
23051300 23051512   5.631  3.344  
23052000 23052212   1.926  1.892  
23052700 23052912   0.654  3.165  
23060300 23060512   1.415  1.497  
23061000 23061212   1.306  2.113  
23061700 23061912   0.916  0.414  
23062400 23062612   1.654  2.355  
23070100 23070312   0.088  0.435  
23070800 23071012   2.192  2.372  
23072200 23072412   0.378  0.434  
23072900 23073112   1.322  1.124  
23080500 23080712   1.844  1.933  
23081200 23081412   5.290  2.034  
23081900 23082112   1.765  1.216  
23082600 23082812   1.805  1.841  
23090200 23090412   4.291  1.922  
23090900 23091112   5.858  4.796  
23091600 23091812   1.084  0.953  
23092300 23092512   5.038  4.982  
23093000 23100212   0.412  0.400  
23100700 23100912   2.435  2.332  
23101400 23101612   0.677  0.893  
23102100 23102312   2.093  1.966  
23102800 23103012   0.439  0.108  
23110400 23110612   1.862  2.249  
23111100 23111312   0.465  0.470  
23120200 23120412   1.314  1.994  
23120900 23121112   1.825  1.564  
24010600 24010812   2.988  2.943  
24011300 24011512   14.837  5.810  
22100100 22100312   2.977  1.200  
22100800 22101012   0.410  1.878  
22101500 22101712   1.029  0.905  
22102200 22102412   0.437  0.714  
22102900 22103112   1.341  1.007  
22111200 22111412   1.112  1.858  
22111900 22112112   1.357  1.335  
22121000 22121212   3.933  3.260  
23010700 23010912   1.372  1.261  
