22100100 22100312   3.159  0.929  
22100800 22101012   4.815  5.256  
22101500 22101712   8.177  8.204  
22102200 22102412   4.702  7.313  
22102900 22103112   5.142  9.085  
22110500 22110712   18.072  17.156  
22111200 22111412   4.671  7.707  
22111900 22112112   1.528  5.765  
22112600 22112812   9.799  6.292  
22120300 22120512   3.627  3.791  
22121000 22121212   20.503  24.368  
22122400 22122612   15.746  14.506  
22123100 23010212   13.212  17.585  
23010700 23010912   14.529  19.625  
23011400 23011612   5.166  8.139  
23012100 23012312   2.888  7.467  
23012800 23013012   6.647  6.634  
23020400 23020612   15.162  21.116  
23021100 23021312   8.363  12.464  
23021800 23022012   2.680  4.034  
23022500 23022712   2.780  3.311  
23030400 23030612   11.415  12.579  
23031100 23031312   4.990  6.667  
23031800 23032012   5.277  7.500  
23032500 23032712   10.819  13.871  
23040100 23040312   15.801  20.260  
23040800 23041012   6.343  7.661  
23041500 23041712   6.353  8.435  
23042200 23042412   6.409  6.846  
23042900 23050112   4.545  4.556  
23050600 23050812   8.879  6.978  
23051300 23051512   5.284  3.807  
23052000 23052212   10.997  10.130  
23052700 23052912   15.500  14.911  
23060300 23060512   6.235  6.150  
23061000 23061212   12.499  11.523  
23061700 23061912   3.195  2.936  
23062400 23062612   4.071  4.815  
23070100 23070312   7.129  6.509  
23070800 23071012   8.224  6.817  
23071500 23071712   5.011  4.929  
23072200 23072412   4.129  3.770  
23072900 23073112   1.000  1.394  
23080500 23080712   11.090  8.265  
23081200 23081412   2.244  3.506  
23081900 23082112   13.872  12.639  
23082600 23082812   1.581  1.517  
23090200 23090412   11.184  14.406  
23090900 23091112   1.499  2.702  
23091600 23091812   7.138  6.862  
23092300 23092512   6.102  6.422  
23093000 23100212   16.930  13.583  
23100700 23100912   8.764  7.670  
23101400 23101612   12.665  13.154  
23102100 23102312   14.546  12.193  
23102800 23103012   7.106  8.198  
23110400 23110612   8.295  11.539  
23111100 23111312   22.272  27.482  
23111800 23112012   5.439  6.080  
23112500 23112712   8.694  7.436  
23120200 23120412   8.929  11.800  
23120900 23121112   1.991  4.940  
23123000 24010112   9.736  16.091  
24010600 24010812   20.820  26.998  
