22100100 22100312   3.220  1.378  
22100800 22101012   0.583  2.119  
22101500 22101712   1.394  1.517  
22102200 22102412   3.731  3.471  
22102900 22103112   1.495  1.139  
22111200 22111412   0.339  1.170  
22111900 22112112   1.148  1.094  
22121000 22121212   2.369  1.771  
23010700 23010912   1.782  1.905  
23011400 23011612   2.911  1.584  
23012100 23012312   0.236  1.533  
23012800 23013012   0.966  0.430  
23022500 23022712   0.736  1.263  
23030400 23030612   1.321  0.955  
23031100 23031312   0.671  1.138  
23031800 23032012   2.932  1.569  
23032500 23032712   0.639  0.506  
23040100 23040312   1.902  1.913  
23040800 23041012   2.812  4.112  
23041500 23041712   3.526  3.278  
23042200 23042412   0.759  0.654  
23042900 23050112   0.695  0.656  
23050600 23050812   0.921  0.703  
23051300 23051512   5.068  3.285  
23052000 23052212   1.932  2.295  
23052700 23052912   0.300  2.691  
23060300 23060512   1.962  2.191  
23061000 23061212   0.470  1.530  
23061700 23061912   1.534  1.092  
23062400 23062612   1.472  1.345  
22100100 22100312   3.220  1.378  
