22100100 22100312   1.210  0.213  
22100800 22101012   2.161  1.490  
22101500 22101712   1.498  1.254  
22102200 22102412   1.132  1.028  
22102900 22103112   1.769  0.550  
22111200 22111412   1.360  1.508  
22111900 22112112   0.624  0.430  
22121000 22121212   10.706  14.975  
23010700 23010912   11.461  10.286  
23011400 23011612   2.777  2.397  
23012100 23012312   2.098  2.210  
23012800 23013012   6.461  7.930  
23022500 23022712   1.653  1.637  
23030400 23030612   0.916  3.219  
23031100 23031312   3.098  3.159  
23031800 23032012   0.257  0.643  
23032500 23032712   5.442  4.776  
23040100 23040312   8.164  9.184  
23040800 23041012   1.352  3.107  
23041500 23041712   3.521  3.426  
23042200 23042412   1.836  1.897  
23042900 23050112   3.268  4.054  
23050600 23050812   0.306  0.442  
23051300 23051512   1.516  1.243  
23052000 23052212   3.529  3.345  
23052700 23052912   0.878  0.316  
23060300 23060512   2.716  2.450  
23061000 23061212   5.557  5.886  
23061700 23061912   6.114  5.585  
23062400 23062612   3.774  3.896  
23070100 23070312   1.544  2.059  
23070800 23071012   1.057  0.396  
23072200 23072412   2.698  2.391  
23072900 23073112   2.771  2.662  
23080500 23080712   2.457  2.363  
23081200 23081412   0.618  0.250  
23081900 23082112   0.682  1.923  
23082600 23082812   0.531  1.037  
23090200 23090412   8.799  9.927  
23090900 23091112   0.032  0.074  
23091600 23091812   1.173  1.744  
23092300 23092512   2.648  2.917  
23093000 23100212   0.506  2.957  
23100700 23100912   0.571  0.229  
23101400 23101612   8.790  6.444  
23102100 23102312   4.561  3.299  
23102800 23103012   4.134  1.868  
23110400 23110612   11.053  12.541  
23111100 23111312   20.297  23.579  
24010600 24010812   16.022  14.228  
24011300 24011512   15.384  15.933  
