22100100 22100312   0.003  0.003  
22100800 22101012   0.003  0.003  
22101500 22101712   0.005  0.009  
22102200 22102412   0.021  0.030  
22102900 22103112   2.038  1.973  
22110500 22110712   0.037  0.045  
22111200 22111412   0.031  0.036  
22111900 22112112   0.010  0.010  
22112600 22112812   2.956  3.024  
22120300 22120512   0.000  0.001  
22121000 22121212   0.022  0.027  
22122400 22122612   0.305  0.217  
22123100 23010212   0.015  0.044  
23010700 23010912   0.217  0.247  
23011400 23011612   0.927  0.856  
23012100 23012312   0.227  0.326  
23012800 23013012   0.079  0.061  
23020400 23020612   0.768  0.756  
23021100 23021312   0.078  0.076  
23021800 23022012   0.354  0.452  
23022500 23022712   0.113  0.114  
23030400 23030612   0.052  0.036  
23031100 23031312   0.028  0.041  
23031800 23032012   0.000  0.000  
23032500 23032712   0.023  0.030  
23040100 23040312   0.486  0.396  
23040800 23041012   0.648  0.627  
23041500 23041712   0.008  0.004  
23042200 23042412   0.484  0.534  
23042900 23050112   0.001  0.000  
23050600 23050812   0.093  0.163  
23051300 23051512   0.002  0.001  
23052000 23052212   0.056  0.070  
23052700 23052912   0.121  0.187  
23060300 23060512   0.075  0.183  
23061000 23061212   0.377  0.288  
23061700 23061912   0.158  0.140  
23062400 23062612   0.749  0.870  
23070100 23070312   0.030  0.027  
23070800 23071012   0.000  0.003  
23072200 23072412   2.195  1.675  
23072900 23073112   0.002  0.002  
23080500 23080712   0.011  0.027  
23081200 23081412   0.157  0.270  
23081900 23082112   0.044  0.072  
23082600 23082812   0.000  0.000  
23090200 23090412   0.002  0.002  
23090900 23091112   0.000  0.000  
23091600 23091812   0.007  0.011  
23092300 23092512   0.106  0.106  
23093000 23100212   0.092  0.096  
23100700 23100912   0.002  0.001  
23101400 23101612   0.003  0.003  
23102100 23102312   0.004  0.004  
23102800 23103012   0.000  0.000  
23110400 23110612   1.041  1.054  
23111100 23111312   0.971  1.107  
23111800 23112012   0.719  0.806  
23112500 23112712   0.047  0.042  
23120200 23120412   0.060  0.094  
23120900 23121112   1.621  1.611  
23123000 24010112   0.040  0.017  
24010600 24010812   0.214  0.281  
24011300 24011512   0.005  0.006  
