22100100 22100312   1.607  1.866  
22100800 22101012   0.343  0.336  
22101500 22101712   0.684  1.830  
22102200 22102412   0.464  0.549  
22102900 22103112   2.028  2.291  
22111200 22111412   0.000  0.007  
22111900 22112112   0.265  0.180  
22121000 22121212   9.323  12.015  
23010700 23010912   10.036  10.700  
23011400 23011612   1.286  1.100  
23012100 23012312   0.033  0.042  
23012800 23013012   1.029  0.854  
23022500 23022712   0.420  0.257  
23030400 23030612   3.309  2.210  
23031100 23031312   0.539  0.557  
23031800 23032012   0.837  0.752  
23032500 23032712   1.593  0.997  
23040100 23040312   5.439  6.437  
23040800 23041012   4.609  3.571  
23041500 23041712   2.394  2.392  
23042200 23042412   0.207  0.146  
23042900 23050112   0.855  1.179  
23050600 23050812   0.340  0.466  
23051300 23051512   2.688  2.450  
23052000 23052212   0.622  0.711  
23052700 23052912   4.166  4.923  
23060300 23060512   1.135  0.855  
23061000 23061212   1.174  0.567  
23061700 23061912   2.528  3.236  
23062400 23062612   0.419  0.378  
23070100 23070312   0.933  0.570  
23070800 23071012   1.511  2.320  
23072200 23072412   2.562  2.218  
23072900 23073112   0.405  0.391  
23080500 23080712   1.492  1.735  
23081200 23081412   0.714  0.965  
23081900 23082112   5.299  4.655  
23082600 23082812   0.251  0.212  
23090200 23090412   4.798  5.025  
23090900 23091112   0.089  0.182  
23091600 23091812   0.193  0.291  
23092300 23092512   0.132  0.186  
23093000 23100212   1.279  1.936  
23100700 23100912   0.059  0.141  
23101400 23101612   5.126  3.914  
23102100 23102312   1.750  1.047  
