22100100 22100312   1.701  1.805  
22100800 22101012   1.999  2.303  
22101500 22101712   1.498  3.271  
22102200 22102412   0.926  0.479  
22102900 22103112   1.679  1.977  
22111200 22111412   2.799  3.385  
22111900 22112112   1.359  1.388  
22121000 22121212   5.950  8.574  
23010700 23010912   5.059  5.027  
23011400 23011612   6.385  5.556  
23012100 23012312   4.076  4.108  
23012800 23013012   6.862  7.425  
23022500 23022712   7.304  9.062  
23030400 23030612   0.792  2.482  
23031100 23031312   4.736  5.514  
23031800 23032012   4.131  4.784  
23032500 23032712   0.476  0.657  
23040100 23040312   6.948  7.650  
23040800 23041012   0.842  0.376  
23041500 23041712   8.233  8.402  
23042200 23042412   2.621  3.529  
23042900 23050112   5.347  7.141  
23050600 23050812   0.507  0.559  
23051300 23051512   6.957  6.299  
23052000 23052212   2.511  1.963  
23052700 23052912   1.924  3.282  
23060300 23060512   1.626  1.536  
23061000 23061212   5.581  4.918  
23061700 23061912   5.094  6.277  
23062400 23062612   2.300  1.871  
