22100100 22100312   0.001  0.001  
22100800 22101012   0.000  0.000  
22101500 22101712   0.001  0.000  
22102200 22102412   0.218  0.252  
22102900 22103112   0.205  0.211  
22110500 22110712   0.434  0.503  
22111200 22111412   0.000  0.000  
22111900 22112112   0.000  0.000  
22112600 22112812   0.153  0.180  
22120300 22120512   0.142  0.182  
22121000 22121212   0.216  0.333  
22122400 22122612   2.083  1.867  
22123100 23010212   0.525  0.573  
23010700 23010912   0.770  0.814  
23011400 23011612   0.694  0.833  
23012100 23012312   0.573  0.569  
23012800 23013012   0.000  0.000  
23020400 23020612   0.681  0.887  
23021100 23021312   0.088  0.197  
23021800 23022012   0.009  0.007  
23022500 23022712   0.003  0.004  
23030400 23030612   0.673  0.505  
23031100 23031312   0.037  0.055  
23031800 23032012   0.000  0.000  
23032500 23032712   0.226  0.116  
23040100 23040312   0.908  1.128  
23040800 23041012   0.974  0.973  
23041500 23041712   0.582  0.586  
23042200 23042412   0.559  0.587  
23042900 23050112   0.000  0.000  
23050600 23050812   0.592  0.448  
23051300 23051512   0.001  0.000  
23052000 23052212   0.002  0.001  
23052700 23052912   0.001  0.006  
23060300 23060512   0.000  0.000  
23061000 23061212   0.402  0.669  
23061700 23061912   0.088  0.085  
23062400 23062612   0.011  0.028  
