22100100 22100312   0.001  0.001  
22100800 22101012   0.000  0.000  
22101500 22101712   0.001  0.000  
22102200 22102412   0.012  0.067  
22102900 22103112   0.016  0.022  
22110500 22110712   0.167  0.242  
22111200 22111412   0.012  0.013  
22111900 22112112   0.000  0.000  
22112600 22112812   0.001  0.001  
22120300 22120512   0.014  0.022  
22121000 22121212   0.010  0.013  
22122400 22122612   0.027  0.013  
22123100 23010212   0.009  0.015  
23010700 23010912   0.000  0.000  
23011400 23011612   0.013  0.018  
23012100 23012312   0.001  0.002  
23012800 23013012   0.000  0.001  
23020400 23020612   0.001  0.002  
23021100 23021312   0.003  0.002  
23021800 23022012   0.001  0.024  
23022500 23022712   0.010  0.020  
23030400 23030612   0.025  0.016  
23031100 23031312   0.007  0.010  
23031800 23032012   0.000  0.000  
23032500 23032712   0.067  0.044  
23040100 23040312   0.082  0.062  
23040800 23041012   0.001  0.001  
23041500 23041712   0.003  0.003  
23042200 23042412   0.011  0.017  
23042900 23050112   0.000  0.000  
23050600 23050812   0.299  0.343  
23051300 23051512   0.001  0.000  
23052000 23052212   0.005  0.004  
23052700 23052912   0.125  0.162  
23060300 23060512   0.019  0.012  
23061000 23061212   0.288  0.421  
23061700 23061912   1.502  1.485  
23062400 23062612   0.206  0.393  
23070100 23070312   0.000  0.002  
23070800 23071012   0.286  0.272  
23072200 23072412   0.092  0.087  
23072900 23073112   0.151  0.647  
23080500 23080712   0.023  0.038  
23081200 23081412   0.013  0.041  
23081900 23082112   0.003  0.019  
23082600 23082812   0.000  0.000  
23090200 23090412   0.008  0.008  
23090900 23091112   0.000  0.000  
23091600 23091812   0.000  0.000  
23092300 23092512   0.001  0.006  
23093000 23100212   0.006  0.016  
23100700 23100912   0.000  0.000  
23101400 23101612   0.002  0.003  
23102100 23102312   0.000  0.000  
23102800 23103012   0.000  0.000  
23110400 23110612   0.021  0.024  
23111100 23111312   0.021  0.040  
23111800 23112012   0.001  0.001  
23112500 23112712   0.000  0.000  
23120200 23120412   0.004  0.004  
23120900 23121112   0.000  0.001  
23123000 24010112   0.000  0.003  
24010600 24010812   0.132  0.140  
24011300 24011512   0.001  0.001  
