22100100 22100312   0.001  0.001  
22100800 22101012   0.000  0.000  
22101500 22101712   0.001  0.000  
22102200 22102412   0.485  0.310  
22102900 22103112   0.109  0.112  
22110500 22110712   0.655  0.886  
22111200 22111412   0.023  0.023  
22111900 22112112   0.093  0.093  
22112600 22112812   3.442  3.479  
22120300 22120512   0.078  0.047  
22121000 22121212   0.155  0.243  
22122400 22122612   0.420  0.250  
22123100 23010212   0.579  0.699  
23010700 23010912   0.100  0.105  
23011400 23011612   1.029  1.207  
23012100 23012312   1.590  1.573  
23012800 23013012   0.096  0.098  
23020400 23020612   0.528  0.917  
23021100 23021312   0.185  0.316  
23021800 23022012   0.060  0.050  
23022500 23022712   0.058  0.057  
23030400 23030612   0.350  0.226  
23031100 23031312   0.099  0.103  
23031800 23032012   0.000  0.000  
23032500 23032712   0.084  0.138  
23040100 23040312   0.963  1.192  
23040800 23041012   0.499  0.602  
23041500 23041712   0.384  0.373  
23042200 23042412   0.856  0.866  
23042900 23050112   0.001  0.001  
23050600 23050812   0.526  0.413  
23051300 23051512   0.001  0.000  
23052000 23052212   0.002  0.001  
23052700 23052912   0.002  0.012  
23060300 23060512   0.000  0.000  
23061000 23061212   0.599  0.922  
23061700 23061912   0.191  0.190  
23062400 23062612   0.020  0.029  
23070100 23070312   0.001  0.002  
23070800 23071012   0.003  0.011  
23072200 23072412   0.017  0.007  
23072900 23073112   0.008  0.006  
23080500 23080712   0.000  0.002  
23081200 23081412   0.003  0.002  
23081900 23082112   0.001  0.001  
23082600 23082812   0.000  0.001  
23090200 23090412   0.003  0.003  
23090900 23091112   0.000  0.000  
23091600 23091812   0.002  0.002  
23092300 23092512   0.868  0.873  
23093000 23100212   0.012  0.012  
23100700 23100912   0.000  0.000  
23101400 23101612   0.050  0.042  
23102100 23102312   0.296  0.296  
23102800 23103012   0.000  0.000  
23110400 23110612   0.229  0.216  
23111100 23111312   0.716  0.747  
23111800 23112012   0.078  0.066  
23112500 23112712   0.029  0.029  
23120200 23120412   0.308  0.116  
23120900 23121112   2.110  2.084  
23123000 24010112   1.488  1.425  
24010600 24010812   1.537  1.835  
24011300 24011512   0.013  0.013  
