22100100 22100312   0.663  0.836  
22100800 22101012   0.384  1.066  
22101500 22101712   2.100  2.057  
22102200 22102412   2.478  2.603  
22102900 22103112   1.321  1.024  
22111200 22111412   1.475  0.530  
22111900 22112112   0.745  0.575  
22121000 22121212   2.942  1.867  
23010700 23010912   1.607  1.477  
23011400 23011612   3.212  0.918  
23012100 23012312   0.235  1.600  
23012800 23013012   0.299  0.626  
23022500 23022712   1.042  1.982  
23030400 23030612   2.092  1.994  
23031100 23031312   0.392  0.085  
23031800 23032012   4.068  2.685  
23032500 23032712   1.157  1.078  
23040100 23040312   2.787  2.817  
23040800 23041012   1.459  0.106  
23041500 23041712   2.072  1.746  
23042200 23042412   1.530  1.424  
23042900 23050112   2.995  2.976  
23050600 23050812   0.641  0.201  
23051300 23051512   8.022  5.760  
23052000 23052212   3.772  3.392  
23052700 23052912   3.237  0.986  
23060300 23060512   1.679  1.624  
23061000 23061212   1.062  0.243  
23061700 23061912   0.992  1.034  
23062400 23062612   5.702  6.224  
23070100 23070312   1.739  1.652  
23070800 23071012   0.626  0.702  
23072200 23072412   1.379  1.382  
23072900 23073112   1.151  0.793  
23080500 23080712   5.402  5.559  
23081200 23081412   1.454  1.606  
23081900 23082112   1.957  2.000  
23082600 23082812   0.673  0.517  
23090200 23090412   1.133  1.225  
23090900 23091112   2.964  2.258  
23091600 23091812   1.801  1.696  
23092300 23092512   0.753  0.623  
23093000 23100212   1.329  1.521  
23100700 23100912   2.250  2.767  
23101400 23101612   1.306  1.690  
23102100 23102312   0.914  1.050  
23102800 23103012   3.043  2.516  
23110400 23110612   1.408  1.420  
23111100 23111312   1.462  0.392  
23120200 23120412   1.078  0.783  
23120900 23121112   2.036  1.557  
24010600 24010812   1.429  1.613  
24011300 24011512   11.387  5.033  
