22100100 22100312   4.070  1.619  
22100800 22101012   1.845  0.220  
22101500 22101712   2.457  2.928  
22102200 22102412   0.586  0.505  
22102900 22103112   3.115  3.696  
22111200 22111412   1.905  0.670  
22111900 22112112   8.249  1.515  
22121000 22121212   3.819  3.562  
23010700 23010912   1.066  1.538  
23011400 23011612   1.596  1.410  
23012100 23012312   0.291  1.121  
23012800 23013012   6.094  0.798  
23022500 23022712   11.168  4.621  
23030400 23030612   0.925  1.764  
23031100 23031312   3.815  4.059  
23031800 23032012   4.846  3.969  
23032500 23032712   1.237  1.233  
23040100 23040312   1.723  1.407  
23040800 23041012   1.632  0.596  
23041500 23041712   1.528  1.175  
23042200 23042412   2.587  1.790  
23042900 23050112   1.394  1.368  
23050600 23050812   7.632  7.658  
23051300 23051512   6.668  3.708  
23052000 23052212   5.292  1.172  
23052700 23052912   0.932  2.704  
23060300 23060512   2.473  2.610  
23061000 23061212   3.830  5.161  
23061700 23061912   2.115  3.704  
23062400 23062612   11.074  11.174  
23070100 23070312   1.438  1.092  
23070800 23071012   2.551  2.389  
23072200 23072412   1.706  1.346  
23072900 23073112   0.730  0.736  
23080500 23080712   2.493  2.500  
23081200 23081412   6.951  2.602  
23081900 23082112   1.766  1.639  
23082600 23082812   1.475  1.699  
23090200 23090412   5.261  2.006  
23090900 23091112   5.288  3.692  
23091600 23091812   1.833  1.863  
23092300 23092512   4.425  4.380  
23093000 23100212   1.545  1.437  
23100700 23100912   1.291  1.287  
23101400 23101612   0.204  0.110  
23102100 23102312   2.008  1.568  
23102800 23103012   0.290  0.538  
23110400 23110612   2.205  1.888  
23111100 23111312   3.939  3.020  
23120200 23120412   0.868  2.462  
23120900 23121112   3.721  1.688  
24010600 24010812   1.470  1.566  
24011300 24011512   46.187  3.961  
