22100100 22100312   3.253  3.822  
22100800 22101012   1.145  2.554  
22101500 22101712   7.142  7.625  
22102200 22102412   10.945  12.334  
22102900 22103112   8.759  8.405  
22111200 22111412   0.643  1.063  
22111900 22112112   4.868  4.472  
22121000 22121212   1.819  10.393  
23010700 23010912   21.391  21.354  
23011400 23011612   13.109  10.159  
23012100 23012312   16.418  21.683  
23012800 23013012   5.423  5.781  
23022500 23022712   32.123  33.448  
23030400 23030612   16.729  20.693  
23031100 23031312   18.298  19.457  
23031800 23032012   7.462  9.304  
23032500 23032712   1.078  2.506  
23040100 23040312   1.586  1.804  
23040800 23041012   14.562  15.747  
23041500 23041712   21.753  20.442  
23042200 23042412   8.954  9.041  
23042900 23050112   10.034  11.206  
23050600 23050812   3.834  6.527  
23051300 23051512   6.163  5.543  
23052000 23052212   8.153  9.431  
23052700 23052912   1.448  3.680  
23060300 23060512   4.513  3.028  
23061000 23061212   6.360  5.688  
23061700 23061912   5.610  6.018  
23062400 23062612   11.569  12.199  
23070100 23070312   9.118  10.930  
23070800 23071012   7.590  6.463  
23072200 23072412   1.115  0.894  
23072900 23073112   5.424  5.726  
23080500 23080712   3.151  2.625  
23081200 23081412   17.889  16.372  
23081900 23082112   5.686  5.135  
23082600 23082812   3.639  3.864  
23090200 23090412   6.266  7.922  
23090900 23091112   7.270  8.703  
23091600 23091812   8.056  8.108  
23092300 23092512   6.449  3.645  
23093000 23100212   1.664  0.498  
23100700 23100912   0.948  0.892  
23101400 23101612   4.593  4.220  
23102100 23102312   0.893  1.320  
23102800 23103012   11.086  8.661  
23110400 23110612   22.222  21.675  
23111100 23111312   28.047  31.852  
23120200 23120412   6.129  7.804  
23120900 23121112   33.404  31.317  
24010600 24010812   8.621  15.234  
24011300 24011512   5.085  5.369  
