22100100 22100312   2.341  0.642  
22100800 22101012   0.288  1.623  
22101500 22101712   2.242  2.356  
22102200 22102412   1.909  2.148  
22102900 22103112   2.308  2.055  
22111200 22111412   0.487  0.315  
22111900 22112112   1.111  0.703  
22121000 22121212   0.339  0.760  
23010700 23010912   0.379  0.281  
23011400 23011612   2.616  0.508  
23012100 23012312   0.140  1.348  
23012800 23013012   0.439  1.456  
23022500 23022712   1.295  0.378  
23030400 23030612   1.830  2.332  
23031100 23031312   1.007  1.435  
23031800 23032012   4.685  3.916  
23032500 23032712   1.482  1.407  
23040100 23040312   0.340  0.332  
23040800 23041012   1.121  0.296  
23041500 23041712   2.503  2.550  
23042200 23042412   0.428  0.650  
23042900 23050112   1.772  1.013  
23050600 23050812   1.028  1.176  
23051300 23051512   5.964  4.367  
23052000 23052212   3.697  2.523  
23052700 23052912   2.613  0.229  
23060300 23060512   1.384  1.221  
23061000 23061212   5.205  6.054  
23061700 23061912   2.582  2.852  
23062400 23062612   3.401  3.712  
23070100 23070312   0.489  0.196  
23070800 23071012   3.080  3.051  
23072200 23072412   0.735  0.596  
23072900 23073112   0.971  0.839  
23080500 23080712   2.327  2.405  
23081200 23081412   6.729  3.401  
23081900 23082112   2.725  2.656  
23082600 23082812   1.396  1.691  
23090200 23090412   3.245  0.396  
23090900 23091112   3.812  2.613  
23091600 23091812   2.361  2.372  
23092300 23092512   4.380  4.428  
23093000 23100212   0.906  0.851  
