22100100 22100312   0.001  0.001  
22100800 22101012   0.001  0.001  
22101500 22101712   0.001  0.000  
22102200 22102412   0.157  0.089  
22102900 22103112   0.909  1.008  
22110500 22110712   0.216  0.291  
22111200 22111412   0.000  0.001  
22111900 22112112   0.002  0.002  
22112600 22112812   0.552  0.559  
22120300 22120512   0.834  0.897  
22121000 22121212   1.110  1.085  
22122400 22122612   0.681  0.389  
22123100 23010212   0.777  0.717  
23010700 23010912   3.010  2.402  
23011400 23011612   1.132  0.916  
23012100 23012312   0.078  0.097  
23012800 23013012   0.000  0.000  
23020400 23020612   2.321  2.640  
23021100 23021312   0.014  0.025  
23021800 23022012   0.003  0.034  
23022500 23022712   1.424  1.415  
23030400 23030612   0.870  0.868  
23031100 23031312   1.404  1.384  
23031800 23032012   0.001  0.001  
23032500 23032712   0.162  0.143  
23040100 23040312   0.083  0.134  
23040800 23041012   0.455  0.448  
23041500 23041712   1.988  1.992  
23042200 23042412   0.052  0.118  
23042900 23050112   0.000  0.000  
23050600 23050812   0.667  0.500  
23051300 23051512   0.003  0.002  
23052000 23052212   0.075  0.064  
23052700 23052912   0.020  0.195  
23060300 23060512   0.000  0.001  
23061000 23061212   0.089  0.102  
23061700 23061912   0.085  0.115  
23062400 23062612   0.067  0.358  
23070100 23070312   0.001  0.032  
23070800 23071012   0.044  0.145  
23072200 23072412   0.091  0.154  
23072900 23073112   0.077  0.100  
23080500 23080712   0.055  0.107  
23081200 23081412   0.054  0.038  
23081900 23082112   0.000  0.000  
23082600 23082812   0.006  0.004  
23090200 23090412   0.001  0.001  
23090900 23091112   0.000  0.004  
23091600 23091812   0.001  0.001  
23092300 23092512   0.026  0.020  
23093000 23100212   0.005  0.003  
23100700 23100912   0.008  0.008  
23101400 23101612   1.299  1.146  
23102100 23102312   0.000  0.000  
23102800 23103012   0.000  0.000  
23110400 23110612   0.342  0.773  
23111100 23111312   3.917  3.952  
23111800 23112012   0.091  0.063  
23112500 23112712   0.001  0.000  
23120200 23120412   0.534  1.040  
23120900 23121112   1.224  1.216  
23123000 24010112   1.253  1.334  
24010600 24010812   1.469  1.573  
24011300 24011512   0.006  0.005  
22121000 22121212   1.110  1.085  
22100100 22100312   0.001  0.001  
