22100100 22100312   0.001  0.001  
22100800 22101012   0.000  0.000  
22101500 22101712   0.001  0.000  
22102200 22102412   0.089  0.044  
22102900 22103112   0.003  0.002  
22110500 22110712   0.009  0.057  
22111200 22111412   0.008  0.005  
22112600 22112812   0.004  0.003  
22121000 22121212   0.076  0.095  
22123100 23010212   0.043  0.047  
23010700 23010912   0.001  0.003  
23011400 23011612   0.008  0.035  
23012100 23012312   0.000  0.005  
23012800 23013012   0.053  0.052  
23020400 23020612   0.070  0.149  
23021100 23021312   0.000  0.005  
23021800 23022012   0.001  0.001  
23030400 23030612   0.008  0.005  
23031100 23031312   0.007  0.008  
23031800 23032012   0.000  0.000  
23032500 23032712   0.018  0.015  
23040100 23040312   0.023  0.023  
23040800 23041012   0.008  0.011  
23041500 23041712   0.000  0.001  
23042200 23042412   0.012  0.007  
23042900 23050112   0.000  0.000  
23050600 23050812   0.730  0.438  
23051300 23051512   0.001  0.000  
23052000 23052212   0.061  0.044  
23052700 23052912   0.004  0.018  
23060300 23060512   0.000  0.004  
23061000 23061212   0.889  0.760  
23061700 23061912   0.007  0.012  
23062400 23062612   0.046  0.056  
23070100 23070312   0.003  0.060  
23070800 23071012   0.204  0.186  
23072200 23072412   0.015  0.043  
23072900 23073112   0.096  0.093  
23080500 23080712   0.000  0.002  
23081200 23081412   0.020  0.025  
23081900 23082112   0.018  0.025  
23082600 23082812   0.000  0.000  
23090200 23090412   0.000  0.000  
23090900 23091112   0.000  0.000  
23091600 23091812   0.003  0.003  
23092300 23092512   0.004  0.002  
23093000 23100212   0.058  0.061  
23100700 23100912   0.000  0.000  
23101400 23101612   0.002  0.003  
23102100 23102312   0.000  0.000  
23102800 23103012   0.000  0.000  
23110400 23110612   0.202  0.200  
23111100 23111312   0.007  0.014  
23111800 23112012   0.001  0.001  
23112500 23112712   0.000  0.000  
23120200 23120412   0.030  0.027  
23120900 23121112   0.177  0.186  
23123000 24010112   0.000  0.003  
24010600 24010812   0.011  0.023  
