22100100 22100312   5.731  3.824  
22100800 22101012   1.744  0.206  
22101500 22101712   3.187  2.387  
22102200 22102412   1.193  0.959  
22102900 22103112   0.722  0.522  
22111200 22111412   0.857  1.646  
22111900 22112112   0.125  0.196  
22121000 22121212   2.534  1.981  
23010700 23010912   2.500  2.473  
23011400 23011612   1.979  1.813  
23012100 23012312   1.856  2.804  
23012800 23013012   1.540  1.826  
23022500 23022712   5.434  0.950  
23030400 23030612   1.777  1.825  
23031100 23031312   1.842  0.218  
23031800 23032012   5.341  3.939  
23032500 23032712   0.210  0.087  
23040100 23040312   2.421  2.468  
23040800 23041012   1.371  2.351  
23041500 23041712   3.139  2.864  
23042200 23042412   1.298  1.313  
23042900 23050112   1.214  1.293  
23050600 23050812   0.710  0.481  
23051300 23051512   6.541  4.824  
23052000 23052212   2.139  3.717  
23052700 23052912   1.478  3.781  
23060300 23060512   1.335  1.608  
23061000 23061212   0.914  1.937  
23061700 23061912   1.915  1.554  
23062400 23062612   1.794  1.408  
