22100100 22100312   0.001  0.001  
22100800 22101012   0.000  0.000  
22101500 22101712   0.002  0.001  
22102200 22102412   0.077  0.077  
22102900 22103112   0.069  0.073  
22110500 22110712   0.373  0.369  
22111200 22111412   0.000  0.000  
22111900 22112112   0.006  0.006  
22112600 22112812   0.025  0.023  
22120300 22120512   0.246  0.186  
22121000 22121212   0.978  0.830  
22122400 22122612   0.551  0.322  
22123100 23010212   0.119  0.121  
23010700 23010912   0.230  0.093  
23011400 23011612   0.430  0.375  
23012100 23012312   0.351  0.364  
23012800 23013012   0.002  0.001  
23020400 23020612   0.384  0.309  
23021100 23021312   0.005  0.022  
23021800 23022012   0.004  0.007  
23022500 23022712   0.121  0.122  
23030400 23030612   0.128  0.122  
23031100 23031312   0.027  0.032  
23031800 23032012   0.002  0.005  
23032500 23032712   0.235  0.130  
23040100 23040312   0.116  0.283  
23040800 23041012   0.211  0.208  
23041500 23041712   0.010  0.020  
23042200 23042412   0.051  0.049  
23042900 23050112   0.001  0.001  
23050600 23050812   0.944  0.540  
23051300 23051512   0.001  0.000  
23052000 23052212   0.002  0.001  
23052700 23052912   0.002  0.006  
23060300 23060512   0.000  0.001  
23061000 23061212   0.213  0.238  
23061700 23061912   0.009  0.014  
23062400 23062612   0.019  0.017  
23070100 23070312   0.000  0.002  
23070800 23071012   0.003  0.011  
23072200 23072412   0.011  0.017  
23072900 23073112   0.034  0.027  
23080500 23080712   0.007  0.004  
23081200 23081412   0.004  0.003  
23081900 23082112   0.000  0.000  
23082600 23082812   0.000  0.001  
23090200 23090412   0.000  0.000  
23090900 23091112   0.007  0.003  
23091600 23091812   0.000  0.000  
23092300 23092512   0.113  0.057  
23093000 23100212   0.001  0.001  
23100700 23100912   0.000  0.000  
23101400 23101612   0.204  0.195  
23102100 23102312   0.000  0.000  
23102800 23103012   0.000  0.000  
23110400 23110612   0.414  0.386  
23111100 23111312   0.439  0.713  
23111800 23112012   0.055  0.056  
23112500 23112712   0.001  0.000  
23120200 23120412   0.229  0.286  
23120900 23121112   0.206  0.203  
23123000 24010112   0.195  0.147  
24010600 24010812   0.759  0.755  
