22100100 22100312   0.012  0.012  
22100800 22101012   0.017  0.017  
22101500 22101712   0.002  0.001  
22102200 22102412   0.083  0.072  
22102900 22103112   0.372  0.388  
22110500 22110712   0.239  0.257  
22111200 22111412   0.001  0.002  
22111900 22112112   0.041  0.041  
22112600 22112812   0.040  0.038  
22120300 22120512   1.003  0.987  
22121000 22121212   1.459  1.488  
22122400 22122612   0.536  0.478  
22123100 23010212   0.425  0.381  
23010700 23010912   2.111  1.615  
23011400 23011612   0.872  0.670  
23012100 23012312   0.130  0.133  
23012800 23013012   0.003  0.002  
23020400 23020612   0.099  0.277  
23021100 23021312   0.018  0.022  
23021800 23022012   0.096  0.080  
23022500 23022712   0.145  0.140  
23030400 23030612   1.471  1.497  
23031100 23031312   0.766  0.726  
23031800 23032012   0.006  0.006  
23032500 23032712   0.134  0.159  
23040100 23040312   0.099  0.178  
23040800 23041012   0.506  0.492  
23041500 23041712   0.959  0.947  
23042200 23042412   0.184  0.113  
23042900 23050112   0.000  0.000  
23050600 23050812   0.729  0.576  
23051300 23051512   0.001  0.000  
23052000 23052212   0.076  0.073  
23052700 23052912   0.012  0.093  
23060300 23060512   0.001  0.003  
23061000 23061212   0.105  0.099  
23061700 23061912   0.107  0.157  
23062400 23062612   0.048  0.185  
23070100 23070312   0.002  0.021  
23070800 23071012   0.014  0.080  
23072200 23072412   0.054  0.087  
23072900 23073112   0.075  0.105  
23080500 23080712   0.090  0.027  
23081200 23081412   0.043  0.033  
23081900 23082112   0.000  0.000  
23082600 23082812   0.013  0.012  
23090200 23090412   0.000  0.000  
23090900 23091112   0.000  0.003  
23091600 23091812   0.010  0.010  
23092300 23092512   0.128  0.125  
23093000 23100212   0.006  0.004  
23100700 23100912   0.042  0.042  
