22100100 22100312   2.255  0.599  
22100800 22101012   0.956  2.343  
22101500 22101712   1.469  1.458  
22102200 22102412   4.416  4.241  
22102900 22103112   2.796  2.674  
22111200 22111412   1.185  1.876  
22111900 22112112   1.235  1.180  
22121000 22121212   4.101  3.565  
23010700 23010912   2.148  2.238  
23011400 23011612   3.022  1.940  
23012100 23012312   0.796  2.177  
23012800 23013012   1.153  1.456  
23022500 23022712   1.872  0.993  
23030400 23030612   2.173  1.702  
23031100 23031312   0.462  0.377  
23031800 23032012   1.871  0.701  
23032500 23032712   0.408  0.434  
23040100 23040312   1.682  1.556  
23040800 23041012   1.915  3.164  
23041500 23041712   3.116  2.858  
23042200 23042412   0.543  0.519  
23042900 23050112   1.734  1.678  
23050600 23050812   1.614  1.590  
23051300 23051512   5.241  3.265  
23052000 23052212   2.056  3.061  
23052700 23052912   0.480  2.710  
23060300 23060512   2.066  2.175  
23061000 23061212   0.921  1.014  
23061700 23061912   0.494  0.360  
23062400 23062612   1.780  1.674  
