22100100 22100312   2.679  2.788  
22100800 22101012   5.934  5.520  
22101500 22101712   1.473  1.777  
22102200 22102412   2.640  2.998  
22102900 22103112   8.122  7.023  
22111200 22111412   0.827  1.157  
22111900 22112112   1.591  2.220  
22112600 22112812   2.329  1.806  
22121000 22121212   9.895  9.020  
23010700 23010912   4.692  5.768  
23011400 23011612   8.587  7.137  
23012100 23012312   9.999  19.973  
23012800 23013012   2.780  2.373  
23022500 23022712   6.387  5.608  
23030400 23030612   14.201  13.940  
23031100 23031312   0.754  1.021  
23031800 23032012   1.233  2.283  
23032500 23032712   1.933  3.384  
23040100 23040312   2.062  3.909  
23040800 23041012   1.416  6.226  
23041500 23041712   5.535  1.573  
23042200 23042412   2.114  2.000  
23042900 23050112   5.925  5.086  
23050600 23050812   2.088  2.592  
23051300 23051512   9.263  10.311  
23052000 23052212   3.097  5.817  
23052700 23052912   7.193  12.997  
23060300 23060512   0.998  1.371  
23061000 23061212   8.934  5.529  
23061700 23061912   4.935  9.926  
23062400 23062612   5.554  4.406  
23070100 23070312   9.782  11.031  
23070800 23071012   9.118  10.108  
23072200 23072412   7.841  7.797  
23072900 23073112   7.351  7.296  
23080500 23080712   5.034  5.077  
23081200 23081412   2.708  1.702  
23081900 23082112   6.425  5.167  
23082600 23082812   4.374  3.937  
23090200 23090412   3.437  11.166  
23090900 23091112   7.032  4.529  
23091600 23091812   4.348  4.931  
23092300 23092512   4.944  4.270  
23093000 23100212   2.452  1.872  
23100700 23100912   2.837  1.382  
23101400 23101612   8.814  6.558  
23102100 23102312   0.872  1.627  
23102800 23103012   3.125  2.365  
23110400 23110612   12.408  11.343  
23111100 23111312   9.762  12.373  
23120200 23120412   3.703  3.089  
23120900 23121112   5.478  11.058  
24010600 24010812   7.700  8.545  
24011300 24011512   6.492  6.111  
