22100100 22100312   3.021  1.217  
22100800 22101012   0.589  1.925  
22101500 22101712   1.267  1.116  
22102200 22102412   0.646  0.848  
22102900 22103112   1.430  1.084  
22111200 22111412   1.116  1.862  
22111900 22112112   1.388  1.356  
22121000 22121212   3.962  3.286  
23010700 23010912   1.380  1.269  
23011400 23011612   3.340  1.577  
23012100 23012312   0.699  2.102  
23012800 23013012   1.120  1.423  
23022500 23022712   0.737  0.620  
23030400 23030612   1.397  1.006  
23031100 23031312   0.829  0.540  
23031800 23032012   4.220  2.488  
23032500 23032712   2.562  2.669  
23040100 23040312   0.789  0.846  
23040800 23041012   1.877  3.224  
23041500 23041712   2.848  2.632  
23042200 23042412   1.242  1.026  
23042900 23050112   1.606  1.665  
23050600 23050812   1.560  1.763  
23051300 23051512   5.863  3.605  
23052000 23052212   1.979  2.707  
23052700 23052912   0.718  3.216  
23060300 23060512   1.442  1.511  
23061000 23061212   1.364  2.141  
23061700 23061912   0.965  0.514  
23062400 23062612   1.663  2.359  
23070100 23070312   0.347  0.464  
23070800 23071012   2.223  2.401  
23072200 23072412   0.398  0.446  
23072900 23073112   1.335  1.134  
23080500 23080712   1.882  1.973  
23081200 23081412   5.344  2.054  
23081900 23082112   1.879  1.331  
23082600 23082812   1.836  1.868  
23090200 23090412   4.383  1.976  
23090900 23091112   5.876  4.810  
23091600 23091812   1.222  1.058  
23092300 23092512   5.070  5.012  
23093000 23100212   0.458  0.449  
23100700 23100912   2.487  2.381  
23101400 23101612   0.724  0.920  
23102100 23102312   2.100  1.973  
23102800 23103012   0.510  0.404  
23110400 23110612   2.093  2.375  
23111100 23111312   0.521  0.536  
23120200 23120412   1.374  2.031  
23120900 23121112   2.176  1.886  
24010600 24010812   2.999  2.953  
24011300 24011512   14.845  5.816  
22100100 22100312   3.021  1.217  
22100800 22101012   0.589  1.925  
22101500 22101712   1.267  1.116  
22102200 22102412   0.646  0.848  
22102900 22103112   1.430  1.084  
22111200 22111412   1.116  1.862  
22111900 22112112   1.388  1.356  
22121000 22121212   3.962  3.286  
23010700 23010912   1.380  1.269  
23011400 23011612   3.340  1.577  
23012100 23012312   0.699  2.102  
23012800 23013012   1.120  1.423  
23022500 23022712   0.737  0.620  
23030400 23030612   1.397  1.006  
23031100 23031312   0.829  0.540  
23031800 23032012   4.220  2.488  
23032500 23032712   2.562  2.669  
23040100 23040312   0.789  0.846  
23040800 23041012   1.877  3.224  
23041500 23041712   2.848  2.632  
23042200 23042412   1.242  1.026  
23042900 23050112   1.606  1.665  
23050600 23050812   1.560  1.763  
23051300 23051512   5.863  3.605  
23052000 23052212   1.979  2.707  
23052700 23052912   0.718  3.216  
23060300 23060512   1.442  1.511  
23061000 23061212   1.364  2.141  
23061700 23061912   0.965  0.514  
23062400 23062612   1.663  2.359  
23070100 23070312   0.347  0.464  
23070800 23071012   2.223  2.401  
23072200 23072412   0.398  0.446  
23072900 23073112   1.335  1.134  
23080500 23080712   1.882  1.973  
23081200 23081412   5.344  2.054  
23081900 23082112   1.879  1.331  
23082600 23082812   1.836  1.868  
23090200 23090412   4.383  1.976  
23090900 23091112   5.876  4.810  
23091600 23091812   1.222  1.058  
23092300 23092512   5.070  5.012  
23093000 23100212   0.458  0.449  
23100700 23100912   2.487  2.381  
23101400 23101612   0.724  0.920  
23102100 23102312   2.100  1.973  
23102800 23103012   0.510  0.404  
23110400 23110612   2.093  2.375  
23111100 23111312   0.521  0.536  
23120200 23120412   1.374  2.031  
23120900 23121112   2.176  1.886  
24010600 24010812   2.999  2.953  
24011300 24011512   14.845  5.816  
22100100 22100312   3.021  1.217  
22100800 22101012   0.589  1.925  
22101500 22101712   1.267  1.116  
22102200 22102412   0.646  0.848  
22102900 22103112   1.430  1.084  
22111200 22111412   1.116  1.862  
22111900 22112112   1.388  1.356  
22121000 22121212   3.962  3.286  
23010700 23010912   1.380  1.269  
