22100100 22100312   4.198  2.427  
22100800 22101012   1.398  3.251  
22101500 22101712   2.154  2.635  
22102200 22102412   2.198  2.145  
22102900 22103112   1.242  1.252  
22111200 22111412   1.804  2.784  
22111900 22112112   2.720  2.801  
22121000 22121212   1.749  1.150  
23010700 23010912   2.313  1.959  
23011400 23011612   2.878  1.423  
23012100 23012312   0.403  1.099  
23012800 23013012   0.966  0.898  
23022500 23022712   0.605  3.484  
23030400 23030612   0.512  0.277  
23031100 23031312   0.950  1.368  
23031800 23032012   2.875  1.786  
23032500 23032712   0.553  0.422  
23040100 23040312   1.170  1.086  
23040800 23041012   3.001  4.287  
23041500 23041712   3.953  3.710  
23042200 23042412   0.820  0.796  
23042900 23050112   3.106  2.900  
23050600 23050812   0.938  0.714  
23051300 23051512   5.852  3.899  
23052000 23052212   2.851  3.022  
23052700 23052912   0.556  2.935  
23060300 23060512   2.522  2.763  
23061000 23061212   1.854  2.780  
23061700 23061912   1.987  1.515  
23062400 23062612   4.330  4.604  
23070100 23070312   1.325  1.503  
23070800 23071012   3.589  3.559  
23072200 23072412   1.283  1.332  
23072900 23073112   1.028  0.780  
23080500 23080712   3.541  3.509  
23081200 23081412   6.786  3.203  
23081900 23082112   2.513  2.646  
23082600 23082812   2.078  1.831  
23090200 23090412   4.588  1.750  
23090900 23091112   6.805  5.423  
23091600 23091812   1.421  1.248  
23092300 23092512   8.439  8.151  
23093000 23100212   0.556  0.615  
23100700 23100912   1.931  2.031  
23101400 23101612   2.384  2.727  
23102100 23102312   1.393  1.086  
23102800 23103012   0.508  0.497  
23110400 23110612   1.445  1.565  
23111100 23111312   0.980  0.482  
23120200 23120412   3.042  4.187  
23120900 23121112   2.042  3.052  
24010600 24010812   1.840  1.730  
24011300 24011512   23.524  5.056  
