22100100 22100312   0.001  0.001  
22100800 22101012   0.000  0.000  
22101500 22101712   0.001  0.000  
22102200 22102412   0.091  0.046  
22102900 22103112   0.012  0.007  
22110500 22110712   0.055  0.071  
22111200 22111412   0.021  0.011  
22112600 22112812   0.045  0.044  
22121000 22121212   0.109  0.125  
22123100 23010212   0.065  0.070  
23010700 23010912   0.011  0.010  
23011400 23011612   0.021  0.039  
23012100 23012312   0.000  0.006  
23012800 23013012   0.082  0.077  
23020400 23020612   0.072  0.149  
23021100 23021312   0.001  0.005  
23021800 23022012   0.012  0.012  
23030400 23030612   0.021  0.015  
23031100 23031312   0.016  0.017  
23031800 23032012   0.000  0.000  
23032500 23032712   0.023  0.017  
23040100 23040312   0.030  0.024  
23040800 23041012   0.009  0.011  
23041500 23041712   0.000  0.001  
23042200 23042412   0.020  0.010  
23042900 23050112   0.002  0.002  
23050600 23050812   0.744  0.445  
23051300 23051512   0.001  0.000  
23052000 23052212   0.093  0.083  
23052700 23052912   0.007  0.025  
23060300 23060512   0.000  0.004  
23061000 23061212   0.903  0.772  
23061700 23061912   0.020  0.022  
23062400 23062612   0.186  0.179  
23070100 23070312   0.004  0.061  
23070800 23071012   0.211  0.190  
23072200 23072412   0.016  0.044  
23072900 23073112   0.098  0.095  
23080500 23080712   0.000  0.003  
23081200 23081412   0.021  0.026  
23081900 23082112   0.018  0.025  
23082600 23082812   0.002  0.002  
23090200 23090412   0.000  0.000  
23090900 23091112   0.000  0.000  
23091600 23091812   0.074  0.074  
23092300 23092512   0.008  0.007  
23093000 23100212   0.059  0.063  
23100700 23100912   0.000  0.001  
23101400 23101612   0.008  0.008  
23102100 23102312   0.000  0.000  
23102800 23103012   0.000  0.000  
23110400 23110612   0.213  0.208  
23111100 23111312   0.053  0.084  
23111800 23112012   0.006  0.006  
23112500 23112712   0.001  0.000  
23120200 23120412   0.031  0.028  
23120900 23121112   0.301  0.304  
23123000 24010112   0.003  0.005  
24010600 24010812   0.022  0.031  
