22100100 22100312   0.001  0.001  
22100800 22101012   0.000  0.000  
22101500 22101712   0.002  0.001  
22102200 22102412   0.151  0.136  
22102900 22103112   0.141  0.081  
22110500 22110712   0.231  0.242  
22111200 22111412   0.021  0.021  
22111900 22112112   0.054  0.054  
22112600 22112812   0.054  0.042  
22120300 22120512   0.154  0.186  
22121000 22121212   0.432  0.466  
22122400 22122612   0.626  0.570  
22123100 23010212   0.288  0.328  
23010700 23010912   0.224  0.203  
23011400 23011612   0.513  0.575  
23012100 23012312   0.134  0.144  
23012800 23013012   0.003  0.005  
23020400 23020612   0.399  0.487  
23021100 23021312   0.039  0.092  
23021800 23022012   0.004  0.008  
23022500 23022712   0.046  0.065  
23030400 23030612   0.420  0.334  
23031100 23031312   0.052  0.060  
23031800 23032012   0.001  0.002  
23032500 23032712   0.049  0.106  
23040100 23040312   0.546  0.772  
23040800 23041012   0.096  0.119  
23041500 23041712   0.019  0.030  
23042200 23042412   0.326  0.125  
23042900 23050112   0.000  0.000  
23050600 23050812   0.600  0.457  
23051300 23051512   0.001  0.000  
23052000 23052212   0.009  0.008  
23052700 23052912   0.001  0.006  
23060300 23060512   0.000  0.000  
23061000 23061212   0.323  0.492  
23061700 23061912   0.024  0.026  
23062400 23062612   0.028  0.020  
23070100 23070312   0.003  0.002  
23070800 23071012   0.012  0.012  
23072200 23072412   0.003  0.003  
23072900 23073112   0.004  0.004  
23080500 23080712   0.001  0.002  
23081200 23081412   0.002  0.001  
23081900 23082112   0.000  0.000  
23082600 23082812   0.001  0.003  
23090200 23090412   0.000  0.000  
23090900 23091112   0.000  0.001  
23091600 23091812   0.006  0.006  
23092300 23092512   0.030  0.037  
23093000 23100212   0.002  0.003  
23100700 23100912   0.000  0.000  
23101400 23101612   0.241  0.161  
23102100 23102312   0.011  0.011  
23102800 23103012   0.006  0.006  
23110400 23110612   0.550  0.480  
23111100 23111312   1.200  1.112  
23111800 23112012   0.032  0.019  
23112500 23112712   0.049  0.049  
23120200 23120412   0.416  0.335  
23120900 23121112   0.152  0.135  
23123000 24010112   0.227  0.183  
24010600 24010812   1.004  1.372  
24011300 24011512   0.000  0.000  
22100100 22100312   0.001  0.001  
22100800 22101012   0.000  0.000  
22101500 22101712   0.002  0.001  
22102200 22102412   0.151  0.136  
22102900 22103112   0.141  0.081  
22110500 22110712   0.231  0.242  
22111200 22111412   0.021  0.021  
22111900 22112112   0.054  0.054  
22112600 22112812   0.054  0.042  
22120300 22120512   0.154  0.186  
22121000 22121212   0.432  0.466  
22122400 22122612   0.626  0.570  
22123100 23010212   0.288  0.328  
23010700 23010912   0.224  0.203  
23011400 23011612   0.513  0.575  
23012100 23012312   0.134  0.144  
23012800 23013012   0.003  0.005  
23020400 23020612   0.399  0.487  
23021100 23021312   0.039  0.092  
23021800 23022012   0.004  0.008  
23022500 23022712   0.046  0.065  
23030400 23030612   0.420  0.334  
23031100 23031312   0.052  0.060  
23031800 23032012   0.001  0.002  
23032500 23032712   0.049  0.106  
23040100 23040312   0.546  0.772  
23040800 23041012   0.096  0.119  
23041500 23041712   0.019  0.030  
23042200 23042412   0.326  0.125  
23042900 23050112   0.000  0.000  
23050600 23050812   0.600  0.457  
23051300 23051512   0.001  0.000  
23052000 23052212   0.009  0.008  
23052700 23052912   0.001  0.006  
23060300 23060512   0.000  0.000  
23061000 23061212   0.323  0.492  
23061700 23061912   0.024  0.026  
23062400 23062612   0.028  0.020  
23070100 23070312   0.003  0.002  
23070800 23071012   0.012  0.012  
23072200 23072412   0.003  0.003  
23072900 23073112   0.004  0.004  
23080500 23080712   0.001  0.002  
23081200 23081412   0.002  0.001  
23081900 23082112   0.000  0.000  
23082600 23082812   0.001  0.003  
23090200 23090412   0.000  0.000  
23090900 23091112   0.000  0.001  
23091600 23091812   0.006  0.006  
23092300 23092512   0.030  0.037  
23093000 23100212   0.002  0.003  
23100700 23100912   0.000  0.000  
23101400 23101612   0.241  0.161  
23102100 23102312   0.011  0.011  
23102800 23103012   0.006  0.006  
23110400 23110612   0.550  0.480  
23111100 23111312   1.200  1.112  
23111800 23112012   0.032  0.019  
23112500 23112712   0.049  0.049  
23120200 23120412   0.416  0.335  
23120900 23121112   0.152  0.135  
23123000 24010112   0.227  0.183  
24010600 24010812   1.004  1.372  
24011300 24011512   0.000  0.000  
22100100 22100312   0.001  0.001  
22100800 22101012   0.000  0.000  
22101500 22101712   0.002  0.001  
22102200 22102412   0.151  0.136  
22102900 22103112   0.141  0.081  
22110500 22110712   0.231  0.242  
22111200 22111412   0.021  0.021  
22111900 22112112   0.054  0.054  
22112600 22112812   0.054  0.042  
22120300 22120512   0.154  0.186  
22121000 22121212   0.432  0.466  
22122400 22122612   0.626  0.570  
22123100 23010212   0.288  0.328  
23010700 23010912   0.224  0.203  
23011400 23011612   0.513  0.575  
