22100100 22100312   0.001  0.001  
22100800 22101012   0.000  0.000  
22101500 22101712   0.002  0.001  
22102200 22102412   0.155  0.170  
22102900 22103112   0.114  0.082  
22110500 22110712   0.307  0.319  
22111200 22111412   0.001  0.001  
22111900 22112112   0.012  0.012  
22112600 22112812   0.066  0.049  
22120300 22120512   0.141  0.121  
22121000 22121212   0.424  0.440  
22122400 22122612   0.606  0.597  
22123100 23010212   0.337  0.365  
23010700 23010912   0.067  0.082  
23011400 23011612   0.494  0.580  
23012100 23012312   0.230  0.229  
23012800 23013012   0.000  0.001  
23020400 23020612   0.486  0.589  
23021100 23021312   0.035  0.121  
23021800 23022012   0.007  0.010  
23022500 23022712   0.041  0.059  
23030400 23030612   0.616  0.423  
23031100 23031312   0.068  0.080  
23031800 23032012   0.001  0.002  
23032500 23032712   0.150  0.084  
23040100 23040312   0.371  0.581  
23040800 23041012   0.123  0.121  
23041500 23041712   0.191  0.193  
23042200 23042412   0.147  0.100  
23042900 23050112   0.000  0.000  
23050600 23050812   0.553  0.448  
23051300 23051512   0.001  0.000  
23052000 23052212   0.006  0.006  
23052700 23052912   0.001  0.006  
23060300 23060512   0.000  0.000  
23061000 23061212   0.357  0.636  
23061700 23061912   0.055  0.046  
23062400 23062612   0.040  0.022  
23070100 23070312   0.002  0.002  
23070800 23071012   0.008  0.010  
23072200 23072412   0.003  0.002  
23072900 23073112   0.003  0.003  
23080500 23080712   0.001  0.002  
23081200 23081412   0.001  0.001  
23081900 23082112   0.000  0.000  
23082600 23082812   0.001  0.003  
23090200 23090412   0.000  0.000  
23090900 23091112   0.000  0.000  
23091600 23091812   0.026  0.026  
23092300 23092512   0.032  0.040  
23093000 23100212   0.003  0.004  
23100700 23100912   0.006  0.006  
23101400 23101612   0.254  0.164  
23102100 23102312   0.001  0.000  
23102800 23103012   0.000  0.000  
23110400 23110612   0.615  0.545  
23111100 23111312   1.494  1.333  
23111800 23112012   0.069  0.081  
23112500 23112712   0.001  0.000  
23120200 23120412   0.397  0.336  
23120900 23121112   0.402  0.388  
23123000 24010112   0.243  0.217  
