22100100 22100312   3.944  3.549  
22100800 22101012   1.886  1.512  
22101500 22101712   1.787  1.280  
22102200 22102412   3.780  3.577  
22102900 22103112   13.781  10.846  
22111200 22111412   0.973  1.008  
22111900 22112112   3.810  4.118  
22121000 22121212   1.487  1.803  
23010700 23010912   6.592  7.018  
23011400 23011612   1.947  1.880  
23012100 23012312   1.806  1.689  
23012800 23013012   9.157  8.749  
23022500 23022712   6.743  7.705  
23030400 23030612   7.914  7.145  
23031100 23031312   14.136  13.155  
23031800 23032012   4.906  4.846  
23032500 23032712   1.470  1.504  
23040100 23040312   7.460  7.966  
23040800 23041012   8.552  7.306  
23041500 23041712   10.213  7.249  
23042200 23042412   4.541  3.748  
23042900 23050112   6.273  5.177  
23050600 23050812   11.048  11.578  
23051300 23051512   4.944  5.611  
23052000 23052212   4.892  5.028  
23052700 23052912   1.852  1.154  
23060300 23060512   6.806  6.269  
23061000 23061212   7.002  5.718  
23061700 23061912   5.047  6.036  
23062400 23062612   1.236  1.979  
23070100 23070312   12.716  11.013  
23070800 23071012   4.257  4.370  
23072200 23072412   6.145  6.443  
23072900 23073112   1.337  1.260  
23080500 23080712   3.984  3.677  
23081200 23081412   1.287  2.400  
23081900 23082112   9.288  9.593  
23082600 23082812   1.665  1.921  
23090200 23090412   11.818  13.163  
23090900 23091112   4.447  4.733  
23091600 23091812   1.998  2.366  
23092300 23092512   1.566  1.537  
23093000 23100212   0.899  0.843  
23100700 23100912   1.805  2.261  
23101400 23101612   5.318  6.830  
23102100 23102312   3.905  2.663  
23102800 23103012   0.714  0.465  
23110400 23110612   5.438  6.746  
23111100 23111312   10.821  11.897  
23120200 23120412   2.847  4.835  
23120900 23121112   0.830  1.124  
24010600 24010812   2.380  2.318  
24011300 24011512   4.055  3.908  
