22100100 22100312   4.235  4.121  
22100800 22101012   0.930  0.735  
22101500 22101712   3.680  3.279  
22102200 22102412   4.647  4.794  
22102900 22103112   2.659  2.608  
22111200 22111412   0.662  0.991  
22111900 22112112   0.821  1.044  
22121000 22121212   1.520  4.465  
23010700 23010912   7.807  8.114  
23012100 23012312   5.388  3.446  
23012800 23013012   34.732  37.702  
23022500 23022712   2.466  2.024  
23030400 23030612   7.755  7.415  
23031100 23031312   1.881  1.353  
23031800 23032012   3.698  4.409  
23032500 23032712   7.351  6.244  
23040100 23040312   3.664  3.338  
23040800 23041012   5.296  4.787  
23041500 23041712   1.535  2.254  
23042200 23042412   3.837  4.588  
23042900 23050112   3.851  5.619  
23050600 23050812   11.860  13.099  
23051300 23051512   6.485  6.056  
23052000 23052212   7.873  6.885  
23052700 23052912   1.461  1.161  
23060300 23060512   3.265  3.497  
23061000 23061212   5.220  5.999  
23061700 23061912   12.957  14.514  
23062400 23062612   4.706  5.272  
23070100 23070312   4.705  4.908  
23070800 23071012   6.040  6.698  
23072200 23072412   1.563  1.243  
23072900 23073112   3.304  3.176  
23080500 23080712   6.568  5.810  
23081200 23081412   0.627  2.034  
23081900 23082112   4.825  4.950  
23082600 23082812   4.317  5.355  
23090200 23090412   1.616  1.567  
23090900 23091112   4.207  3.435  
23091600 23091812   11.114  11.944  
23092300 23092512   6.016  5.444  
23093000 23100212   0.903  0.889  
23100700 23100912   1.350  1.974  
23101400 23101612   6.493  6.215  
23102100 23102312   0.938  1.584  
23102800 23103012   4.929  5.888  
23110400 23110612   5.139  6.190  
23111100 23111312   5.055  5.608  
23120200 23120412   6.451  4.801  
23120900 23121112   6.043  5.483  
24010600 24010812   12.090  16.072  
24011300 24011512   12.692  13.764  
