22100100 22100312   5.911  10.581  
22100800 22101012   12.097  6.401  
22101500 22101712   11.569  6.855  
22102200 22102412   6.922  4.341  
22102900 22103112   17.075  15.899  
22111200 22111412   15.781  7.286  
22111900 22112112   6.122  3.803  
22112600 22112812   4.615  4.779  
22121000 22121212   2.406  7.615  
23010700 23010912   6.765  6.193  
23011400 23011612   0.723  0.983  
23012100 23012312   10.276  3.039  
23012800 23013012   1.685  1.733  
23022500 23022712   10.165  6.192  
23030400 23030612   8.978  3.524  
23031100 23031312   5.718  13.887  
23031800 23032012   19.180  7.254  
23032500 23032712   14.746  13.448  
23040100 23040312   10.056  6.137  
23040800 23041012   12.852  9.437  
23041500 23041712   10.223  1.942  
23042200 23042412   8.509  8.004  
23042900 23050112   3.008  7.204  
23050600 23050812   9.608  4.181  
23051300 23051512   7.491  10.382  
23052000 23052212   7.888  7.884  
23052700 23052912   12.285  6.540  
23060300 23060512   6.625  2.339  
23061000 23061212   11.651  6.258  
23061700 23061912   5.853  15.893  
23062400 23062612   27.147  23.276  
23070100 23070312   3.281  10.909  
23070800 23071012   7.982  2.392  
23072200 23072412   7.278  3.709  
23072900 23073112   4.372  3.151  
23080500 23080712   13.756  10.297  
23081200 23081412   21.496  13.287  
23081900 23082112   7.237  2.824  
23082600 23082812   6.148  2.676  
23090200 23090412   6.557  18.424  
23090900 23091112   22.694  10.555  
23091600 23091812   20.090  14.990  
23092300 23092512   3.453  7.713  
23093000 23100212   21.771  16.723  
23100700 23100912   12.356  3.317  
23101400 23101612   26.502  9.197  
23102100 23102312   8.889  3.495  
