22100100 22100312   5.756  3.886  
22100800 22101012   1.788  0.662  
22101500 22101712   3.236  2.537  
22102200 22102412   1.200  0.969  
22102900 22103112   0.751  0.531  
22111200 22111412   0.862  1.650  
22111900 22112112   0.319  0.353  
22121000 22121212   2.566  2.007  
23010700 23010912   2.514  2.489  
23011400 23011612   2.329  2.251  
23012100 23012312   1.871  2.838  
23012800 23013012   1.638  1.884  
23022500 23022712   5.437  0.962  
23030400 23030612   1.888  1.929  
23031100 23031312   1.871  0.533  
23031800 23032012   5.423  4.032  
23032500 23032712   0.274  0.247  
23040100 23040312   2.443  2.488  
23040800 23041012   1.397  2.389  
23041500 23041712   3.161  2.883  
23042200 23042412   1.404  1.398  
23042900 23050112   1.710  1.756  
23050600 23050812   0.809  0.580  
23051300 23051512   6.658  4.985  
23052000 23052212   2.854  4.626  
23052700 23052912   1.497  3.811  
23060300 23060512   1.361  1.631  
23061000 23061212   1.189  2.000  
23061700 23061912   1.946  1.605  
23062400 23062612   1.987  1.635  
