22100100 22100312   3.276  2.029  
22100800 22101012   5.011  5.387  
22101500 22101712   8.305  8.340  
22102200 22102412   4.784  7.348  
22102900 22103112   5.376  9.183  
22110500 22110712   18.269  17.314  
22111200 22111412   4.748  7.726  
22111900 22112112   1.628  5.780  
22112600 22112812   9.853  6.410  
22120300 22120512   5.499  5.522  
22121000 22121212   20.577  24.435  
22122400 22122612   15.792  14.542  
22123100 23010212   13.284  17.666  
23010700 23010912   14.564  19.655  
23011400 23011612   5.400  8.277  
23012100 23012312   3.264  7.659  
23012800 23013012   6.678  6.652  
23020400 23020612   15.169  21.125  
23021100 23021312   8.378  12.481  
23021800 23022012   2.725  4.058  
23022500 23022712   3.119  3.643  
23030400 23030612   11.552  12.724  
23031100 23031312   5.290  6.846  
23031800 23032012   5.291  7.515  
23032500 23032712   10.899  13.983  
23040100 23040312   15.931  20.395  
23040800 23041012   7.017  8.572  
23041500 23041712   6.358  8.444  
23042200 23042412   6.560  6.957  
23042900 23050112   4.639  4.706  
23050600 23050812   8.938  7.041  
23051300 23051512   5.533  4.230  
23052000 23052212   11.051  10.181  
23052700 23052912   15.589  14.977  
23060300 23060512   6.282  6.197  
23061000 23061212   12.586  11.603  
23061700 23061912   4.213  4.375  
23062400 23062612   4.554  5.041  
23070100 23070312   7.508  6.874  
23070800 23071012   8.378  6.937  
23071500 23071712   5.050  4.972  
23072200 23072412   4.410  4.024  
23072900 23073112   3.086  2.620  
23080500 23080712   11.160  8.303  
23081200 23081412   2.579  3.701  
23081900 23082112   14.077  12.816  
23082600 23082812   1.847  1.924  
23090200 23090412   11.241  14.452  
23090900 23091112   1.531  2.721  
23091600 23091812   7.230  6.929  
23092300 23092512   6.228  6.504  
23093000 23100212   17.064  13.654  
23100700 23100912   8.847  7.712  
23101400 23101612   12.715  13.196  
23102100 23102312   14.558  12.205  
23102800 23103012   7.138  8.225  
23110400 23110612   8.582  11.755  
23111100 23111312   22.415  27.613  
23111800 23112012   5.480  6.141  
23112500 23112712   8.846  7.559  
23120200 23120412   9.150  11.981  
23120900 23121112   4.052  6.447  
23123000 24010112   9.795  16.126  
24010600 24010812   20.867  27.050  
