22100100 22100312   4.501  1.530  
22100800 22101012   0.592  2.143  
22101500 22101712   2.242  0.734  
22102200 22102412   0.230  0.159  
22102900 22103112   3.291  1.641  
22111200 22111412   1.234  0.387  
22111900 22112112   2.037  1.622  
22121000 22121212   2.662  1.780  
23010700 23010912   0.228  0.341  
23011400 23011612   4.837  0.226  
23012100 23012312   2.026  1.595  
23012800 23013012   0.255  0.647  
23022500 23022712   2.033  2.261  
23030400 23030612   2.429  1.943  
23031100 23031312   1.459  0.970  
23031800 23032012   1.807  0.263  
23032500 23032712   0.697  0.474  
23040100 23040312   0.645  0.695  
23040800 23041012   1.701  0.855  
23041500 23041712   0.668  0.818  
23042200 23042412   1.065  0.262  
23042900 23050112   0.773  0.577  
23050600 23050812   0.615  0.404  
23051300 23051512   3.587  1.915  
23052000 23052212   1.401  0.611  
23052700 23052912   1.162  0.095  
23060300 23060512   1.261  0.266  
23061000 23061212   0.673  0.156  
23061700 23061912   0.363  0.970  
23062400 23062612   1.613  0.421  
23070100 23070312   2.665  1.094  
23070800 23071012   0.284  0.537  
23072200 23072412   2.439  0.691  
23072900 23073112   0.788  0.805  
23080500 23080712   0.882  1.077  
23081200 23081412   4.123  1.361  
23081900 23082112   0.671  0.992  
23082600 23082812   0.426  0.694  
23090200 23090412   0.457  1.337  
23090900 23091112   1.196  0.220  
23091600 23091812   1.627  1.769  
23092300 23092512   0.696  1.632  
23093000 23100212   1.311  0.267  
23100700 23100912   1.084  0.640  
23101400 23101612   1.001  0.596  
23102100 23102312   0.366  0.291  
23102800 23103012   0.530  1.457  
23110400 23110612   1.802  1.160  
23111100 23111312   0.791  2.582  
23120200 23120412   0.958  0.356  
23120900 23121112   2.058  1.151  
24010600 24010812   0.491  0.271  
24011300 24011512   2.202  2.781  
