22100100 22100312   1.242  0.441  
22100800 22101012   2.195  1.691  
22101500 22101712   1.898  1.661  
22102200 22102412   2.101  1.613  
22102900 22103112   2.242  1.851  
22111200 22111412   1.363  1.511  
22111900 22112112   0.695  0.556  
22121000 22121212   10.811  15.182  
23010700 23010912   11.506  10.330  
23011400 23011612   3.332  2.844  
23012100 23012312   2.128  2.251  
23012800 23013012   7.059  8.341  
23022500 23022712   1.710  1.690  
23030400 23030612   1.841  3.337  
23031100 23031312   3.150  3.215  
23031800 23032012   0.812  0.911  
23032500 23032712   5.646  4.933  
23040100 23040312   8.236  9.263  
23040800 23041012   2.780  3.736  
23041500 23041712   3.551  3.455  
23042200 23042412   1.876  1.939  
23042900 23050112   3.324  4.100  
23050600 23050812   0.583  0.715  
23051300 23051512   1.623  1.451  
23052000 23052212   3.881  3.504  
23052700 23052912   1.165  0.778  
23060300 23060512   2.759  2.495  
23061000 23061212   5.648  5.989  
23061700 23061912   6.168  5.631  
23062400 23062612   3.783  3.900  
23070100 23070312   1.687  2.150  
23070800 23071012   1.226  0.798  
23072200 23072412   2.731  2.418  
23072900 23073112   2.813  2.698  
23080500 23080712   2.511  2.415  
23081200 23081412   0.938  0.741  
23081900 23082112   1.238  2.068  
23082600 23082812   0.778  1.128  
23090200 23090412   8.908  10.026  
23090900 23091112   0.332  0.333  
23091600 23091812   1.518  1.937  
23092300 23092512   2.691  2.966  
23093000 23100212   1.310  3.049  
23100700 23100912   0.922  0.759  
23101400 23101612   8.887  6.507  
23102100 23102312   4.571  3.314  
23102800 23103012   4.160  1.877  
23110400 23110612   12.271  13.992  
23111100 23111312   20.575  23.877  
24010600 24010812   16.115  14.293  
24011300 24011512   15.387  15.938  
