22100100 22100312   0.872  1.206  
22100800 22101012   2.800  2.845  
22101500 22101712   5.686  5.417  
22102200 22102412   7.991  7.708  
22102900 22103112   8.915  8.853  
22111200 22111412   1.031  2.599  
22111900 22112112   1.687  2.973  
22121000 22121212   13.481  17.623  
23010700 23010912   22.980  21.182  
23011400 23011612   8.084  6.635  
23012100 23012312   16.960  17.330  
23012800 23013012   18.608  18.591  
23022500 23022712   7.313  7.850  
23030400 23030612   3.799  2.291  
23031100 23031312   1.869  1.998  
23031800 23032012   6.493  7.926  
23032500 23032712   4.159  4.402  
23040100 23040312   12.374  12.064  
23040800 23041012   13.950  12.927  
23041500 23041712   1.937  1.734  
23042200 23042412   9.194  8.021  
23042900 23050112   13.102  13.617  
23050600 23050812   11.581  9.116  
23051300 23051512   6.689  7.317  
23052000 23052212   8.062  9.170  
23052700 23052912   5.026  3.357  
23060300 23060512   1.331  1.330  
23061000 23061212   14.467  15.901  
23061700 23061912   2.946  4.318  
23062400 23062612   3.260  4.059  
23070100 23070312   6.488  5.952  
23070800 23071012   5.635  5.101  
23072200 23072412   3.175  3.227  
23072900 23073112   4.374  4.968  
23080500 23080712   7.005  6.853  
23081200 23081412   3.419  4.990  
23081900 23082112   7.758  6.914  
23082600 23082812   1.368  2.043  
23090200 23090412   2.447  2.371  
23090900 23091112   0.987  1.549  
23091600 23091812   9.134  9.959  
23092300 23092512   1.829  0.807  
23093000 23100212   0.962  1.400  
23100700 23100912   3.504  3.224  
23101400 23101612   5.780  6.529  
23102100 23102312   2.715  2.351  
23102800 23103012   7.112  6.234  
23110400 23110612   13.177  14.292  
23111100 23111312   18.206  20.230  
23120200 23120412   2.888  3.343  
23120900 23121112   9.435  8.892  
24010600 24010812   9.710  15.155  
24011300 24011512   0.724  1.893  
