22100100 22100312   2.569  2.307  
22100800 22101012   0.753  0.717  
22101500 22101712   2.318  2.381  
22102200 22102412   1.864  1.916  
22102900 22103112   1.389  1.095  
22111200 22111412   3.210  3.489  
22111900 22112112   2.407  1.689  
22121000 22121212   7.262  3.697  
23010700 23010912   2.351  1.861  
23011400 23011612   3.285  4.528  
23012100 23012312   5.621  4.973  
23012800 23013012   7.197  6.056  
23022500 23022712   5.127  5.174  
23030400 23030612   1.104  1.137  
23031100 23031312   1.639  1.058  
23031800 23032012   1.212  2.504  
23032500 23032712   2.487  4.038  
23040100 23040312   4.475  5.031  
23040800 23041012   6.466  4.571  
23041500 23041712   2.692  3.608  
23042200 23042412   5.158  3.368  
23042900 23050112   3.013  1.259  
23050600 23050812   4.536  4.679  
23051300 23051512   4.534  3.918  
23052000 23052212   1.939  2.597  
23052700 23052912   5.077  4.867  
23060300 23060512   10.434  10.752  
23061000 23061212   2.510  4.869  
23061700 23061912   1.575  1.751  
23062400 23062612   18.915  20.049  
23070100 23070312   3.761  3.586  
23070800 23071012   5.920  5.538  
23072200 23072412   1.989  2.557  
23072900 23073112   7.273  6.990  
23080500 23080712   4.984  5.701  
23081200 23081412   0.420  0.680  
23081900 23082112   11.533  11.728  
23082600 23082812   5.008  4.549  
23090200 23090412   1.461  2.043  
23090900 23091112   1.635  1.818  
23091600 23091812   1.729  1.718  
23092300 23092512   1.202  2.108  
23093000 23100212   1.849  1.347  
23100700 23100912   1.501  2.094  
23101400 23101612   2.995  3.144  
23102100 23102312   1.037  1.209  
23102800 23103012   1.069  0.857  
23110400 23110612   3.245  3.675  
23111100 23111312   2.566  3.010  
23120200 23120412   4.817  4.782  
23120900 23121112   1.634  3.539  
24010600 24010812   5.473  7.874  
24011300 24011512   14.378  13.452  
