22100100 22100312   0.001  0.001  
22100800 22101012   0.000  0.000  
22101500 22101712   0.001  0.000  
22102200 22102412   0.178  0.278  
22102900 22103112   0.313  0.314  
22110500 22110712   0.118  0.124  
22111200 22111412   0.002  0.002  
22111900 22112112   0.012  0.012  
22112600 22112812   0.050  0.048  
22120300 22120512   0.231  0.152  
22121000 22121212   0.181  0.187  
22122400 22122612   0.850  0.848  
22123100 23010212   0.066  0.073  
23010700 23010912   0.786  0.858  
23011400 23011612   0.101  0.184  
23012100 23012312   0.869  0.862  
23012800 23013012   0.001  0.000  
23020400 23020612   0.143  0.139  
23021100 23021312   0.010  0.017  
23021800 23022012   0.003  0.004  
23022500 23022712   0.092  0.092  
23030400 23030612   0.110  0.142  
23031100 23031312   0.130  0.133  
23031800 23032012   0.000  0.001  
23032500 23032712   0.175  0.218  
23040100 23040312   0.370  0.351  
23040800 23041012   0.059  0.058  
23041500 23041712   0.199  0.198  
23042200 23042412   0.191  0.112  
23042900 23050112   0.005  0.005  
23050600 23050812   0.376  0.251  
23051300 23051512   0.001  0.000  
23052000 23052212   0.147  0.147  
23052700 23052912   0.004  0.015  
23060300 23060512   0.000  0.000  
23061000 23061212   0.275  0.397  
23061700 23061912   0.004  0.013  
23062400 23062612   0.004  0.007  
23070100 23070312   0.000  0.002  
23070800 23071012   0.003  0.003  
23072200 23072412   0.009  0.009  
23072900 23073112   0.001  0.000  
23080500 23080712   0.003  0.003  
23081200 23081412   0.001  0.001  
23081900 23082112   0.002  0.001  
23082600 23082812   0.001  0.004  
23090200 23090412   0.080  0.080  
23090900 23091112   0.000  0.000  
23091600 23091812   0.012  0.012  
23092300 23092512   0.044  0.043  
23093000 23100212   0.010  0.010  
23100700 23100912   0.000  0.000  
23101400 23101612   0.094  0.094  
23102100 23102312   0.001  0.000  
23102800 23103012   0.000  0.000  
23110400 23110612   0.372  0.348  
23111100 23111312   0.517  0.537  
23120900 23121112   0.994  0.996  
23123000 24010112   0.608  0.632  
24010600 24010812   0.076  0.244  
24011300 24011512   0.001  0.001  
