22100100 22100312   0.001  0.001  
22100800 22101012   0.000  0.000  
22101500 22101712   0.002  0.001  
22102200 22102412   0.528  0.381  
22102900 22103112   0.593  0.615  
22110500 22110712   0.686  0.916  
22111200 22111412   0.050  0.050  
22111900 22112112   0.096  0.096  
22112600 22112812   3.474  3.512  
22120300 22120512   0.172  0.134  
22121000 22121212   0.311  0.337  
22122400 22122612   0.635  0.545  
22123100 23010212   0.632  0.755  
23010700 23010912   0.166  0.169  
23011400 23011612   1.055  1.225  
23012100 23012312   1.641  1.622  
23012800 23013012   0.096  0.099  
23020400 23020612   0.544  0.919  
23021100 23021312   0.191  0.320  
23021800 23022012   0.067  0.058  
23022500 23022712   0.446  0.442  
23030400 23030612   0.356  0.231  
23031100 23031312   0.228  0.236  
23031800 23032012   0.001  0.002  
23032500 23032712   0.210  0.230  
23040100 23040312   0.998  1.223  
23040800 23041012   0.552  0.645  
23041500 23041712   0.395  0.382  
23042200 23042412   0.885  0.899  
23042900 23050112   0.012  0.012  
23050600 23050812   0.532  0.417  
23051300 23051512   0.001  0.000  
23052000 23052212   0.004  0.003  
23052700 23052912   0.013  0.013  
23060300 23060512   0.005  0.005  
23061000 23061212   0.608  0.934  
23061700 23061912   0.197  0.195  
23062400 23062612   0.053  0.033  
23070100 23070312   0.005  0.003  
23070800 23071012   0.006  0.012  
23072200 23072412   0.017  0.008  
23072900 23073112   0.008  0.006  
23080500 23080712   0.000  0.002  
23081200 23081412   0.005  0.003  
23081900 23082112   0.008  0.003  
23082600 23082812   0.007  0.007  
23090200 23090412   0.037  0.037  
23090900 23091112   0.000  0.000  
23091600 23091812   0.027  0.027  
23092300 23092512   0.884  0.886  
23093000 23100212   0.013  0.013  
23100700 23100912   0.003  0.003  
23101400 23101612   0.221  0.179  
23102100 23102312   0.298  0.298  
23102800 23103012   0.000  0.000  
23110400 23110612   0.739  0.733  
23111100 23111312   0.856  0.976  
23111800 23112012   0.397  0.430  
23112500 23112712   0.054  0.054  
23120200 23120412   0.455  0.397  
23120900 23121112   2.179  2.150  
23123000 24010112   1.526  1.454  
24010600 24010812   1.553  1.851  
24011300 24011512   0.131  0.131  
