22100100 22100312   1.734  1.825  
22100800 22101012   2.032  2.342  
22101500 22101712   1.887  4.051  
22102200 22102412   1.124  0.834  
22102900 22103112   1.917  2.115  
22111200 22111412   2.806  3.395  
22111900 22112112   1.390  1.428  
22121000 22121212   6.123  8.724  
23010700 23010912   5.091  5.059  
23011400 23011612   7.964  6.256  
23012100 23012312   4.143  4.165  
23012800 23013012   7.024  7.605  
23022500 23022712   7.347  9.101  
23030400 23030612   1.787  2.703  
23031100 23031312   4.806  5.590  
23031800 23032012   4.230  4.946  
23032500 23032712   1.376  1.536  
23040100 23040312   7.086  7.780  
23040800 23041012   1.456  1.214  
23041500 23041712   8.284  8.453  
23042200 23042412   2.730  3.615  
23042900 23050112   5.533  7.414  
23050600 23050812   0.754  0.894  
23051300 23051512   7.231  6.599  
23052000 23052212   3.593  3.497  
23052700 23052912   2.064  3.336  
23060300 23060512   1.712  1.627  
23061000 23061212   5.650  4.970  
23061700 23061912   5.161  6.356  
23062400 23062612   2.572  2.450  
