22100100 22100312   0.011  0.012  
22100800 22101012   0.040  0.040  
22101500 22101712   0.010  0.014  
22102200 22102412   0.220  0.207  
22102900 22103112   0.166  0.271  
22110500 22110712   0.152  0.129  
22111200 22111412   0.012  0.014  
22111900 22112112   0.001  0.001  
22112600 22112812   0.287  0.216  
22120300 22120512   0.042  0.041  
22121000 22121212   0.399  0.499  
22122400 22122612   0.308  0.397  
22123100 23010212   0.283  0.443  
23010700 23010912   0.196  0.376  
23011400 23011612   0.361  0.293  
23012100 23012312   0.224  0.225  
23012800 23013012   0.008  0.016  
23020400 23020612   0.431  0.285  
23021100 23021312   0.085  0.065  
23021800 23022012   0.330  0.663  
23022500 23022712   0.431  0.460  
23030400 23030612   0.213  0.271  
23031100 23031312   0.095  0.091  
23031800 23032012   0.038  0.038  
23032500 23032712   0.110  0.082  
23040100 23040312   0.078  0.098  
23040800 23041012   0.225  0.232  
23041500 23041712   0.295  0.557  
23042200 23042412   0.073  0.070  
23042900 23050112   0.023  0.025  
23050600 23050812   0.017  0.009  
23051300 23051512   0.001  0.005  
23052000 23052212   0.010  0.007  
23052700 23052912   0.006  0.006  
23060300 23060512   0.491  0.563  
23061000 23061212   0.006  0.006  
23061700 23061912   0.043  0.049  
23062400 23062612   0.012  0.012  
23070100 23070312   0.031  0.031  
23070800 23071012   0.006  0.006  
23072200 23072412   0.182  0.197  
23072900 23073112   0.135  0.135  
23080500 23080712   0.015  0.015  
23081200 23081412   0.284  0.180  
23081900 23082112   0.004  0.002  
23082600 23082812   0.012  0.012  
23090200 23090412   0.007  0.003  
23090900 23091112   0.032  0.032  
23091600 23091812   1.365  1.365  
23092300 23092512   0.304  0.406  
23093000 23100212   0.063  0.064  
23100700 23100912   0.174  0.174  
23101400 23101612   0.887  0.831  
23102100 23102312   0.000  0.000  
23102800 23103012   0.000  0.000  
23110400 23110612   1.158  1.579  
23111100 23111312   0.631  0.654  
23111800 23112012   0.201  0.203  
23112500 23112712   0.004  0.005  
23120200 23120412   0.978  0.914  
23120900 23121112   0.205  0.247  
23123000 24010112   0.255  0.392  
24010600 24010812   0.178  0.157  
24011300 24011512   0.006  0.010  
