22100100 22100312   0.001  0.001  
22100800 22101012   0.000  0.000  
22101500 22101712   0.002  0.000  
22102200 22102412   0.135  0.163  
22102900 22103112   0.134  0.075  
22110500 22110712   0.280  0.284  
22111200 22111412   0.000  0.000  
22111900 22112112   0.006  0.006  
22112600 22112812   0.055  0.042  
22120300 22120512   0.146  0.122  
22121000 22121212   0.433  0.462  
22122400 22122612   0.510  0.476  
22123100 23010212   0.278  0.296  
23010700 23010912   0.200  0.176  
23011400 23011612   0.431  0.537  
23012100 23012312   0.139  0.147  
23012800 23013012   0.001  0.002  
23020400 23020612   0.377  0.449  
23021100 23021312   0.235  0.252  
23021800 23022012   0.005  0.008  
23022500 23022712   0.045  0.062  
23030400 23030612   0.543  0.378  
23031100 23031312   0.044  0.057  
23031800 23032012   0.001  0.002  
23032500 23032712   0.126  0.073  
23040100 23040312   0.426  0.631  
23040800 23041012   0.105  0.140  
23041500 23041712   0.015  0.024  
23042200 23042412   0.212  0.101  
23042900 23050112   0.001  0.001  
23050600 23050812   0.546  0.439  
23051300 23051512   0.001  0.000  
23052000 23052212   0.002  0.001  
23052700 23052912   0.001  0.006  
23060300 23060512   0.002  0.002  
23061000 23061212   0.331  0.566  
23061700 23061912   0.052  0.039  
23062400 23062612   0.037  0.021  
23070100 23070312   0.002  0.002  
23070800 23071012   0.010  0.011  
23072200 23072412   0.002  0.002  
23072900 23073112   0.003  0.003  
23080500 23080712   0.001  0.002  
23081200 23081412   0.001  0.001  
23081900 23082112   0.000  0.000  
23082600 23082812   0.001  0.003  
23090200 23090412   0.000  0.000  
23090900 23091112   0.000  0.000  
23091600 23091812   0.027  0.027  
23092300 23092512   0.036  0.043  
23093000 23100212   0.003  0.003  
23100700 23100912   0.012  0.012  
23101400 23101612   0.259  0.170  
23102100 23102312   0.001  0.000  
23102800 23103012   0.000  0.000  
23110400 23110612   0.590  0.513  
23111100 23111312   1.323  1.181  
23111800 23112012   0.033  0.020  
23112500 23112712   0.001  0.000  
23120200 23120412   0.412  0.346  
23120900 23121112   0.151  0.136  
23123000 24010112   0.213  0.181  
