22100100 22100312   0.001  0.002  
22100800 22101012   0.003  0.003  
22101500 22101712   0.002  0.001  
22102200 22102412   0.163  0.137  
22102900 22103112   0.321  0.333  
22110500 22110712   0.792  1.110  
22111200 22111412   0.000  0.001  
22111900 22112112   0.000  0.000  
22112600 22112812   0.655  0.678  
22120300 22120512   0.048  0.049  
22121000 22121212   0.238  0.258  
22122400 22122612   1.729  1.979  
22123100 23010212   0.432  0.655  
23010700 23010912   0.127  0.140  
23011400 23011612   0.625  0.705  
23012100 23012312   0.098  0.112  
23012800 23013012   0.000  0.001  
23020400 23020612   1.041  1.703  
23021100 23021312   0.161  0.235  
23021800 23022012   0.009  0.018  
23022500 23022712   1.576  1.571  
23030400 23030612   0.217  0.192  
23031100 23031312   0.090  0.096  
23031800 23032012   0.009  0.008  
23032500 23032712   0.151  0.103  
23040100 23040312   0.360  0.596  
23040800 23041012   0.221  0.210  
23041500 23041712   0.036  0.045  
23042200 23042412   1.225  1.226  
23042900 23050112   0.000  0.000  
23050600 23050812   0.326  0.197  
23051300 23051512   0.006  0.006  
23052000 23052212   0.040  0.038  
23052700 23052912   0.024  0.091  
23060300 23060512   0.000  0.003  
23061000 23061212   0.243  0.403  
23061700 23061912   0.214  0.219  
23062400 23062612   0.209  0.359  
23070100 23070312   0.003  0.005  
23070800 23071012   0.076  0.233  
23072200 23072412   0.014  0.016  
23072900 23073112   0.116  0.098  
23080500 23080712   0.004  0.067  
23081200 23081412   0.019  0.029  
23081900 23082112   0.003  0.006  
23082600 23082812   0.018  0.022  
23090200 23090412   0.005  0.005  
23090900 23091112   0.005  0.005  
23091600 23091812   0.048  0.048  
23092300 23092512   0.075  0.091  
23093000 23100212   0.028  0.039  
23100700 23100912   0.000  0.000  
23101400 23101612   0.259  0.123  
23102100 23102312   0.002  0.001  
23102800 23103012   0.000  0.000  
23110400 23110612   0.410  0.372  
23111100 23111312   0.816  0.726  
23111800 23112012   0.097  0.103  
23112500 23112712   0.001  0.000  
23120200 23120412   0.215  0.226  
23120900 23121112   0.420  0.417  
23123000 24010112   1.266  1.129  
24010600 24010812   1.878  1.816  
24011300 24011512   0.000  0.000  
