22100100 22100312   6.260  5.833  
22100800 22101012   0.868  0.998  
22101500 22101712   1.780  1.525  
22102200 22102412   2.369  1.778  
22102900 22103112   1.587  1.222  
22111200 22111412   1.166  1.401  
22111900 22112112   1.035  0.640  
22121000 22121212   13.033  17.468  
23010700 23010912   10.030  9.998  
23011400 23011612   3.892  3.417  
23012100 23012312   1.495  1.654  
23012800 23013012   1.484  1.456  
23022500 23022712   7.153  8.552  
23030400 23030612   4.463  2.821  
23031100 23031312   1.291  1.193  
23031800 23032012   0.630  0.622  
23032500 23032712   6.690  5.903  
23040100 23040312   12.492  13.406  
23040800 23041012   2.350  2.737  
23041500 23041712   0.637  0.683  
23042200 23042412   0.656  0.753  
23042900 23050112   9.766  10.042  
23050600 23050812   0.610  0.932  
23051300 23051512   6.600  6.400  
23052000 23052212   3.051  5.107  
23052700 23052912   6.902  8.069  
23060300 23060512   3.703  3.522  
23061000 23061212   4.322  3.376  
23061700 23061912   4.382  4.981  
23062400 23062612   2.857  3.371  
23070100 23070312   1.983  2.095  
23070800 23071012   1.024  1.766  
23072200 23072412   3.176  3.009  
23072900 23073112   6.601  6.712  
23080500 23080712   2.165  3.221  
23081200 23081412   3.060  2.512  
23081900 23082112   6.201  5.560  
23082600 23082812   4.707  4.720  
23090200 23090412   7.885  8.238  
23090900 23091112   3.398  3.591  
23091600 23091812   1.990  2.266  
23092300 23092512   1.714  1.504  
23093000 23100212   1.552  3.367  
23100700 23100912   0.860  0.866  
23101400 23101612   4.508  3.474  
23102100 23102312   2.676  1.002  
23102800 23103012   0.986  0.303  
23110400 23110612   8.649  9.442  
23111100 23111312   14.234  16.364  
23120200 23120412   4.613  5.102  
23120900 23121112   5.437  5.286  
24010600 24010812   14.546  15.217  
