22100100 22100312   2.811  2.802  
22100800 22101012   1.227  1.275  
22101500 22101712   0.728  2.761  
22102200 22102412   1.777  1.552  
22102900 22103112   1.484  1.359  
22111200 22111412   2.608  2.997  
22111900 22112112   0.694  0.759  
22121000 22121212   2.464  3.842  
23010700 23010912   12.568  13.383  
23011400 23011612   5.341  3.786  
23012100 23012312   2.278  2.559  
23012800 23013012   8.417  9.176  
23022500 23022712   7.513  8.608  
23030400 23030612   4.371  5.885  
23031100 23031312   5.547  6.080  
23031800 23032012   3.692  4.123  
23032500 23032712   1.544  1.891  
23040100 23040312   9.138  10.159  
23040800 23041012   1.709  2.278  
23041500 23041712   7.139  7.317  
23042200 23042412   1.120  1.530  
23042900 23050112   5.181  6.441  
23050600 23050812   1.774  1.288  
23051300 23051512   6.587  6.205  
23052000 23052212   3.173  3.299  
23052700 23052912   2.952  4.621  
23060300 23060512   1.841  1.776  
23061000 23061212   4.032  2.970  
23061700 23061912   7.270  8.667  
23062400 23062612   2.401  1.632  
22100100 22100312   2.811  2.802  
