22100100 22100312   0.001  0.001  
22100800 22101012   0.010  0.010  
22101500 22101712   0.002  0.001  
22102200 22102412   0.281  0.241  
22102900 22103112   0.975  1.078  
22110500 22110712   0.426  0.458  
22111200 22111412   0.001  0.002  
22111900 22112112   0.032  0.032  
22112600 22112812   0.559  0.565  
22120300 22120512   0.855  0.914  
22121000 22121212   1.128  1.100  
22122400 22122612   0.889  0.730  
22123100 23010212   0.817  0.755  
23010700 23010912   3.033  2.414  
23011400 23011612   1.172  0.944  
23012100 23012312   0.225  0.206  
23012800 23013012   0.003  0.002  
23020400 23020612   2.324  2.643  
23021100 23021312   0.015  0.025  
23021800 23022012   0.004  0.034  
23022500 23022712   1.460  1.450  
23030400 23030612   0.899  0.894  
23031100 23031312   1.440  1.418  
23031800 23032012   0.004  0.005  
23032500 23032712   0.176  0.152  
23040100 23040312   0.135  0.163  
23040800 23041012   0.643  0.640  
23041500 23041712   1.990  1.995  
23042200 23042412   0.066  0.122  
23042900 23050112   0.001  0.001  
23050600 23050812   0.677  0.507  
23051300 23051512   0.017  0.017  
23052000 23052212   0.429  0.429  
23052700 23052912   0.025  0.203  
23060300 23060512   0.002  0.002  
23061000 23061212   0.115  0.123  
23061700 23061912   0.099  0.126  
23062400 23062612   0.070  0.370  
23070100 23070312   0.002  0.035  
23070800 23071012   0.045  0.150  
23072200 23072412   0.094  0.158  
23072900 23073112   0.082  0.103  
23080500 23080712   0.057  0.114  
23081200 23081412   0.056  0.043  
23081900 23082112   0.000  0.000  
23082600 23082812   0.016  0.015  
23090200 23090412   0.007  0.007  
23090900 23091112   0.008  0.009  
23091600 23091812   0.021  0.021  
23092300 23092512   0.195  0.192  
23093000 23100212   0.017  0.016  
23100700 23100912   0.121  0.121  
23101400 23101612   1.327  1.167  
23102100 23102312   0.005  0.005  
23102800 23103012   0.005  0.005  
23110400 23110612   0.624  0.869  
23111100 23111312   3.989  4.025  
23111800 23112012   0.132  0.112  
23112500 23112712   0.008  0.008  
23120200 23120412   0.626  1.082  
23120900 23121112   1.249  1.241  
23123000 24010112   1.271  1.348  
24010600 24010812   1.494  1.594  
24011300 24011512   0.026  0.025  
22121000 22121212   1.128  1.100  
22100100 22100312   0.001  0.001  
