22100100 22100312   0.865  0.982  
22100800 22101012   1.572  1.589  
22101500 22101712   2.141  2.198  
22102200 22102412   0.759  0.370  
22102900 22103112   0.989  0.983  
22110500 22110712   2.407  2.660  
22111200 22111412   1.332  0.875  
22111900 22112112   0.590  1.182  
22112600 22112812   0.816  0.380  
22120300 22120512   2.062  1.430  
22121000 22121212   2.741  3.020  
22122400 22122612   5.359  5.266  
22123100 23010212   1.341  1.655  
23010700 23010912   0.871  0.496  
23011400 23011612   0.333  0.476  
23012100 23012312   1.101  1.716  
23012800 23013012   0.767  0.211  
23020400 23020612   2.389  2.235  
23021100 23021312   0.404  0.146  
23021800 23022012   2.949  2.380  
23022500 23022712   1.428  1.161  
23030400 23030612   1.508  1.961  
23031100 23031312   1.251  1.755  
23031800 23032012   2.277  2.590  
23032500 23032712   0.511  0.904  
23040100 23040312   0.570  0.985  
23040800 23041012   2.078  1.876  
23041500 23041712   1.969  1.403  
23042200 23042412   0.514  0.973  
23042900 23050112   3.676  3.285  
23050600 23050812   2.282  2.252  
23051300 23051512   7.393  5.659  
23052000 23052212   2.657  2.534  
23052700 23052912   1.582  1.244  
23060300 23060512   3.433  3.067  
23061000 23061212   2.067  1.635  
23061700 23061912   0.953  0.642  
23062400 23062612   1.402  1.449  
23070100 23070312   0.887  0.459  
23070800 23071012   2.443  1.279  
23072200 23072412   0.976  1.814  
23072900 23073112   0.680  1.139  
23080500 23080712   0.498  0.552  
23081200 23081412   2.882  3.058  
23081900 23082112   3.519  2.619  
23082600 23082812   0.975  1.537  
23090200 23090412   2.690  1.319  
23090900 23091112   4.341  4.506  
23091600 23091812   0.790  0.916  
23092300 23092512   3.906  4.140  
23093000 23100212   1.163  0.618  
23100700 23100912   3.232  3.945  
23101400 23101612   0.423  0.380  
23102100 23102312   1.995  1.789  
23102800 23103012   0.289  0.173  
23110400 23110612   2.838  2.832  
23111100 23111312   0.616  0.460  
23111800 23112012   1.091  1.722  
23112500 23112712   1.817  2.254  
23120200 23120412   3.520  2.715  
23120900 23121112   1.047  0.504  
23123000 24010112   0.635  1.449  
24010600 24010812   1.594  1.434  
