23032500 23032712   6.844  3.068  
23040100 23040312   6.860  4.637  
23040800 23041012   18.056  10.837  
23041500 23041712   6.803  20.456  
23042200 23042412   4.410  7.900  
23042900 23050112   30.387  27.594  
23050600 23050812   18.872  20.611  
23051300 23051512   13.859  14.783  
23052000 23052212   8.257  6.007  
23052700 23052912   3.470  5.247  
23060300 23060512   5.810  6.393  
23061000 23061212   10.354  8.388  
23061700 23061912   2.551  2.311  
23062400 23062612   6.155  9.246  
23070100 23070312   8.411  8.307  
23070800 23071012   7.089  5.852  
23072200 23072412   15.779  15.199  
23072900 23073112   5.739  3.477  
23080500 23080712   12.470  12.499  
23081200 23081412   8.824  11.818  
23081900 23082112   2.808  2.721  
23082600 23082812   3.319  3.403  
23090200 23090412   9.132  14.671  
23090900 23091112   12.330  9.127  
23091600 23091812   38.900  39.490  
23092300 23092512   19.138  15.586  
23093000 23100212   22.356  23.051  
23100700 23100912   56.272  54.975  
23101400 23101612   5.328  13.729  
23102100 23102312   3.018  6.724  
23102800 23103012   13.627  14.255  
23110400 23110612   37.602  30.014  
23111100 23111312   5.932  11.740  
23120200 23120412   7.180  17.935  
23120900 23121112   43.075  30.062  
24010600 24010812   2.738  10.008  
24011300 24011512   12.178  8.102  
