22100100 22100312   5.734  3.944  
22100800 22101012   0.726  2.317  
22101500 22101712   1.101  1.153  
22102200 22102412   1.917  1.821  
22102900 22103112   1.426  1.209  
22111200 22111412   0.239  1.075  
22111900 22112112   1.004  0.869  
22121000 22121212   2.309  1.852  
23010700 23010912   1.672  1.462  
23011400 23011612   3.613  0.791  
23012100 23012312   0.501  1.147  
23012800 23013012   0.934  0.981  
23022500 23022712   0.648  1.546  
23030400 23030612   2.437  2.216  
23031100 23031312   1.275  0.781  
23031800 23032012   5.984  4.386  
23032500 23032712   0.433  0.651  
23040100 23040312   1.450  1.359  
23040800 23041012   0.662  0.999  
23041500 23041712   2.986  2.785  
23042200 23042412   1.234  1.046  
23042900 23050112   2.799  3.041  
23050600 23050812   2.316  1.857  
23051300 23051512   7.101  4.665  
23052000 23052212   2.146  3.351  
23052700 23052912   0.596  3.063  
23060300 23060512   2.217  2.444  
23061000 23061212   1.024  1.208  
23061700 23061912   1.301  1.030  
23062400 23062612   5.066  5.303  
23070100 23070312   1.005  1.095  
23070800 23071012   4.005  3.904  
23072200 23072412   0.782  0.787  
23072900 23073112   2.682  2.399  
23080500 23080712   3.628  3.582  
23081200 23081412   6.545  3.038  
23081900 23082112   4.109  4.136  
23082600 23082812   2.244  2.165  
23090200 23090412   5.090  2.379  
23090900 23091112   5.240  3.838  
23091600 23091812   4.434  4.139  
23092300 23092512   7.990  7.592  
23093000 23100212   2.759  3.185  
23100700 23100912   1.524  1.475  
23101400 23101612   2.165  2.542  
23102100 23102312   1.252  0.855  
23102800 23103012   2.297  2.242  
23110400 23110612   1.156  1.050  
23111100 23111312   0.449  1.069  
23120200 23120412   1.233  2.261  
23120900 23121112   1.880  2.402  
24010600 24010812   1.697  1.752  
24011300 24011512   24.141  3.897  
