22100100 22100312   4.374  2.267  
22100800 22101012   0.601  1.835  
22101500 22101712   1.796  2.053  
22102200 22102412   1.837  1.863  
22102900 22103112   0.931  0.590  
22111200 22111412   0.593  1.453  
22111900 22112112   0.819  0.741  
22121000 22121212   2.751  2.209  
23010700 23010912   1.777  1.949  
23011400 23011612   3.336  1.640  
23012100 23012312   0.748  2.192  
23012800 23013012   1.020  0.846  
23022500 23022712   0.491  1.071  
23030400 23030612   1.112  0.745  
23031100 23031312   0.243  0.657  
23031800 23032012   4.082  2.362  
23032500 23032712   0.661  0.694  
23040100 23040312   1.641  1.638  
23040800 23041012   3.251  4.753  
23041500 23041712   3.969  3.816  
23042200 23042412   1.295  1.220  
23042900 23050112   1.517  1.630  
23050600 23050812   1.273  1.431  
23051300 23051512   6.280  4.009  
23052000 23052212   2.400  3.528  
23052700 23052912   0.449  2.844  
23060300 23060512   2.034  2.289  
23061000 23061212   1.694  2.428  
23061700 23061912   2.049  1.630  
23062400 23062612   4.995  5.682  
23070100 23070312   1.567  1.712  
23070800 23071012   4.250  4.401  
23072200 23072412   0.968  1.075  
23072900 23073112   2.035  1.930  
23080500 23080712   3.128  3.164  
23081200 23081412   6.813  3.243  
23081900 23082112   1.118  0.867  
23082600 23082812   1.800  1.719  
23090200 23090412   4.281  1.668  
23090900 23091112   6.319  5.013  
23091600 23091812   2.222  2.182  
23092300 23092512   6.563  6.588  
23093000 23100212   2.059  1.958  
23100700 23100912   4.155  3.890  
23101400 23101612   1.748  2.118  
23102100 23102312   1.971  1.711  
