22100100 22100312   2.295  1.862  
22100800 22101012   0.625  0.517  
22101500 22101712   0.973  2.747  
22102200 22102412   1.573  1.516  
22102900 22103112   2.070  1.976  
22111200 22111412   0.369  0.223  
22111900 22112112   2.785  2.903  
22121000 22121212   6.092  9.584  
23010700 23010912   7.813  8.816  
23011400 23011612   6.763  5.253  
23012100 23012312   0.651  0.810  
23012800 23013012   1.667  2.428  
23022500 23022712   4.460  5.022  
23030400 23030612   2.804  4.192  
23031100 23031312   4.070  3.984  
23031800 23032012   1.138  1.317  
23032500 23032712   2.020  2.783  
23040100 23040312   5.889  6.122  
23040800 23041012   1.073  1.067  
23041500 23041712   5.892  5.747  
23042200 23042412   4.202  5.068  
23042900 23050112   2.486  3.473  
23050600 23050812   4.119  3.765  
23051300 23051512   2.485  2.044  
23052000 23052212   2.683  2.613  
23052700 23052912   2.452  3.587  
23060300 23060512   2.430  2.108  
23061000 23061212   1.735  0.938  
23061700 23061912   1.878  2.631  
23062400 23062612   2.592  2.501  
