22100100 22100312   4.637  1.450  
22100800 22101012   8.318  3.222  
22101500 22101712   6.870  8.193  
22102200 22102412   3.488  1.523  
22102900 22103112   17.625  2.964  
22111200 22111412   1.817  3.623  
22111900 22112112   11.781  6.436  
22112600 22112812   16.762  2.495  
22121000 22121212   44.120  7.431  
23010700 23010912   26.812  2.385  
23011400 23011612   25.572  4.278  
23012100 23012312   13.116  3.911  
23012800 23013012   18.372  11.706  
23022500 23022712   16.986  3.149  
23030400 23030612   27.580  3.630  
23031100 23031312   23.377  6.652  
23031800 23032012   3.831  4.835  
23032500 23032712   11.727  5.899  
23040100 23040312   10.171  4.117  
23040800 23041012   5.105  2.896  
23041500 23041712   4.189  3.292  
23042200 23042412   4.283  2.122  
23042900 23050112   3.932  2.400  
23050600 23050812   6.234  3.807  
23051300 23051512   6.782  3.241  
23052000 23052212   8.486  3.331  
23052700 23052912   5.349  1.999  
23060300 23060512   8.199  3.055  
23061000 23061212   1.513  5.633  
23061700 23061912   6.103  1.158  
23062400 23062612   6.418  0.423  
23070100 23070312   4.398  1.849  
23070800 23071012   8.899  1.944  
23072200 23072412   10.031  1.851  
23072900 23073112   6.901  1.319  
23080500 23080712   7.725  1.380  
23081200 23081412   7.499  1.380  
23081900 23082112   11.488  1.324  
23082600 23082812   9.325  3.497  
23090200 23090412   7.339  10.685  
23090900 23091112   3.752  1.675  
23091600 23091812   2.435  2.354  
23092300 23092512   4.606  2.158  
23093000 23100212   1.953  1.327  
23100700 23100912   3.979  5.946  
23101400 23101612   5.194  3.047  
23102100 23102312   16.615  0.947  
