22100100 22100312   5.209  3.540  
22100800 22101012   1.144  0.519  
22101500 22101712   2.679  2.864  
22102200 22102412   3.065  3.084  
22102900 22103112   0.981  1.143  
22111200 22111412   1.511  2.371  
22111900 22112112   0.593  0.637  
22121000 22121212   5.058  4.375  
23010700 23010912   0.917  0.730  
23011400 23011612   3.243  0.980  
23012100 23012312   0.461  1.802  
23012800 23013012   0.947  1.305  
23022500 23022712   1.054  1.946  
23030400 23030612   1.369  1.301  
23031100 23031312   1.991  1.615  
23031800 23032012   4.759  3.216  
23032500 23032712   0.314  0.353  
23040100 23040312   0.447  0.454  
23040800 23041012   1.188  0.511  
23041500 23041712   0.854  0.602  
23042200 23042412   2.170  1.907  
23042900 23050112   1.787  1.942  
23050600 23050812   0.387  0.281  
23051300 23051512   8.439  6.086  
23052000 23052212   2.907  2.969  
23052700 23052912   0.595  2.875  
23060300 23060512   1.337  1.534  
23061000 23061212   2.974  3.706  
23061700 23061912   2.831  2.821  
23062400 23062612   2.986  3.619  
23070100 23070312   2.643  2.838  
23070800 23071012   3.415  3.616  
23072200 23072412   0.482  0.557  
23072900 23073112   1.724  1.666  
23080500 23080712   2.577  2.542  
23081200 23081412   6.348  3.313  
23081900 23082112   0.673  0.461  
23082600 23082812   2.113  2.137  
23090200 23090412   3.813  1.469  
23090900 23091112   3.875  2.809  
23091600 23091812   1.895  1.792  
23092300 23092512   5.209  5.261  
23093000 23100212   0.273  0.227  
23100700 23100912   3.347  2.737  
23101400 23101612   1.525  1.849  
23102100 23102312   1.589  1.574  
23102800 23103012   1.432  1.533  
23110400 23110612   1.621  1.591  
23111100 23111312   0.812  0.526  
24010600 24010812   3.162  3.128  
24011300 24011512   17.255  3.391  
