22100100 22100312   9.761  10.210  
22100800 22101012   2.302  2.473  
22101500 22101712   4.604  4.650  
22102200 22102412   3.496  3.697  
22102900 22103112   6.857  7.379  
22111200 22111412   1.427  1.915  
22111900 22112112   2.892  2.576  
22121000 22121212   4.556  3.714  
23010700 23010912   18.370  19.072  
23011400 23011612   4.004  4.590  
23012100 23012312   1.249  1.074  
23012800 23013012   7.990  8.737  
23022500 23022712   4.101  2.733  
23030400 23030612   8.710  6.555  
23031100 23031312   12.168  12.385  
23031800 23032012   5.115  5.236  
23032500 23032712   10.860  9.786  
23040100 23040312   8.101  9.474  
23040800 23041012   10.196  8.823  
23041500 23041712   16.342  16.109  
23042200 23042412   12.080  12.521  
23042900 23050112   9.048  10.478  
23050600 23050812   5.815  5.718  
23051300 23051512   11.773  11.276  
23052000 23052212   5.251  4.370  
23052700 23052912   5.909  7.616  
23060300 23060512   3.506  3.028  
23061000 23061212   6.733  5.581  
23061700 23061912   10.681  12.525  
23062400 23062612   9.038  9.131  
23070100 23070312   7.036  6.534  
23070800 23071012   5.230  6.816  
23072200 23072412   1.835  1.894  
23072900 23073112   9.700  9.359  
23080500 23080712   10.438  10.840  
23081200 23081412   3.945  5.069  
23081900 23082112   1.552  1.660  
23082600 23082812   11.506  11.456  
23090200 23090412   15.142  15.522  
23090900 23091112   0.834  1.165  
23091600 23091812   6.307  6.623  
23092300 23092512   5.465  5.885  
23093000 23100212   6.470  7.837  
23100700 23100912   4.937  4.697  
23101400 23101612   13.363  14.953  
23102100 23102312   13.483  12.199  
23102800 23103012   3.751  2.392  
23110400 23110612   7.442  7.383  
23111100 23111312   7.543  9.523  
23120200 23120412   2.872  3.718  
23120900 23121112   13.172  11.487  
