22100100 22100312   0.015  0.015  
22100800 22101012   0.042  0.042  
22101500 22101712   0.007  0.012  
22102200 22102412   0.168  0.168  
22102900 22103112   2.075  2.007  
22110500 22110712   0.045  0.053  
22111200 22111412   0.047  0.050  
22111900 22112112   0.082  0.082  
22112600 22112812   2.980  3.048  
22120300 22120512   0.001  0.001  
22121000 22121212   0.026  0.032  
22122400 22122612   0.355  0.291  
22123100 23010212   0.016  0.045  
23010700 23010912   0.219  0.249  
23011400 23011612   0.946  0.871  
23012100 23012312   0.247  0.336  
23012800 23013012   0.079  0.061  
23020400 23020612   0.774  0.758  
23021100 23021312   0.169  0.163  
23021800 23022012   0.356  0.453  
23022500 23022712   0.129  0.129  
23030400 23030612   0.055  0.038  
23031100 23031312   0.029  0.042  
23031800 23032012   0.000  0.000  
23032500 23032712   0.037  0.041  
23040100 23040312   0.500  0.411  
23040800 23041012   0.668  0.645  
23041500 23041712   0.011  0.011  
23042200 23042412   0.492  0.543  
23042900 23050112   0.001  0.000  
23050600 23050812   0.105  0.168  
23051300 23051512   0.007  0.007  
23052000 23052212   0.114  0.121  
23052700 23052912   0.137  0.198  
23060300 23060512   0.076  0.184  
23061000 23061212   0.381  0.293  
23061700 23061912   0.187  0.170  
23062400 23062612   0.767  0.894  
23070100 23070312   0.076  0.076  
23070800 23071012   0.005  0.011  
23072200 23072412   2.249  1.716  
23072900 23073112   0.027  0.027  
23080500 23080712   0.017  0.030  
23081200 23081412   0.161  0.279  
23081900 23082112   0.046  0.074  
23082600 23082812   0.000  0.000  
23090200 23090412   0.037  0.037  
23090900 23091112   0.000  0.000  
23091600 23091812   0.042  0.043  
23092300 23092512   0.182  0.182  
23093000 23100212   0.125  0.128  
23100700 23100912   0.003  0.001  
23101400 23101612   0.024  0.024  
23102100 23102312   0.013  0.012  
23102800 23103012   0.000  0.000  
23110400 23110612   1.065  1.078  
23111100 23111312   0.990  1.121  
23111800 23112012   0.751  0.834  
23112500 23112712   0.074  0.075  
23120200 23120412   0.148  0.158  
23120900 23121112   1.646  1.636  
23123000 24010112   0.046  0.026  
24010600 24010812   0.216  0.283  
24011300 24011512   0.046  0.046  
