22100100 22100312   2.171  0.693  
22100800 22101012   0.767  2.273  
22101500 22101712   2.948  3.483  
22102200 22102412   1.616  1.547  
22102900 22103112   1.451  2.033  
22111200 22111412   0.764  1.216  
22111900 22112112   6.094  5.272  
22121000 22121212   5.362  2.972  
23010700 23010912   0.711  0.242  
23011400 23011612   1.018  0.883  
23012100 23012312   1.197  1.068  
23012800 23013012   4.831  1.897  
23022500 23022712   10.022  1.393  
23030400 23030612   1.919  1.899  
23031100 23031312   0.445  0.492  
23031800 23032012   2.473  1.949  
23032500 23032712   1.117  0.721  
23040100 23040312   4.387  4.010  
23040800 23041012   1.900  2.670  
23041500 23041712   1.377  1.343  
23042200 23042412   0.613  0.674  
23042900 23050112   3.108  3.057  
23050600 23050812   1.471  1.630  
23051300 23051512   7.621  6.003  
23052000 23052212   3.333  2.780  
23052700 23052912   0.582  2.449  
23060300 23060512   1.577  1.855  
23061000 23061212   6.603  7.293  
23061700 23061912   1.261  1.452  
23062400 23062612   3.716  3.852  
23070100 23070312   1.086  0.782  
23070800 23071012   2.702  2.235  
23072200 23072412   1.675  1.518  
23072900 23073112   2.619  2.289  
23080500 23080712   0.922  0.784  
23081200 23081412   7.818  4.349  
23081900 23082112   2.398  2.364  
23082600 23082812   1.565  1.697  
23090200 23090412   4.546  2.097  
23090900 23091112   5.737  4.410  
23091600 23091812   1.521  1.656  
23092300 23092512   8.299  8.134  
23093000 23100212   1.472  1.244  
23100700 23100912   1.684  1.642  
23101400 23101612   1.040  1.415  
23102100 23102312   0.681  0.218  
23102800 23103012   1.154  1.560  
23110400 23110612   2.478  2.420  
23111100 23111312   0.519  0.864  
23120200 23120412   1.528  3.243  
23120900 23121112   6.124  4.121  
24010600 24010812   3.940  1.942  
24011300 24011512   38.450  3.081  
