22100100 22100312   1.233  2.393  
22100800 22101012   0.437  0.388  
22101500 22101712   2.171  1.784  
22102200 22102412   4.384  4.467  
22102900 22103112   2.333  3.604  
22111200 22111412   0.938  1.139  
22111900 22112112   3.530  3.901  
22121000 22121212   1.663  2.268  
23010700 23010912   4.602  4.512  
23011400 23011612   2.007  1.753  
23012100 23012312   1.235  1.075  
23012800 23013012   12.424  11.559  
23022500 23022712   2.394  3.160  
23030400 23030612   2.665  3.116  
23031100 23031312   1.935  1.044  
23031800 23032012   5.537  5.917  
23032500 23032712   2.271  0.856  
23040100 23040312   1.647  1.554  
23040800 23041012   3.403  2.617  
23041500 23041712   7.057  8.675  
23042200 23042412   7.841  8.724  
23042900 23050112   9.409  9.614  
23050600 23050812   2.475  3.153  
23051300 23051512   1.379  1.506  
23052000 23052212   7.708  6.100  
23052700 23052912   11.724  12.019  
23060300 23060512   1.445  1.126  
23061000 23061212   2.810  3.760  
23061700 23061912   1.788  1.521  
23062400 23062612   5.588  6.087  
23070100 23070312   2.163  3.014  
23070800 23071012   4.900  4.354  
23072200 23072412   7.487  7.731  
23072900 23073112   13.087  13.070  
23080500 23080712   1.570  1.245  
23081200 23081412   5.006  6.100  
23081900 23082112   9.486  8.634  
23082600 23082812   1.156  1.257  
23090200 23090412   2.043  2.649  
23090900 23091112   6.016  6.237  
23091600 23091812   4.696  3.728  
23092300 23092512   17.123  17.573  
23093000 23100212   0.564  0.594  
23100700 23100912   0.794  0.782  
23101400 23101612   1.912  3.466  
23102100 23102312   0.371  0.298  
23102800 23103012   1.166  1.375  
23110400 23110612   1.629  2.533  
23111100 23111312   6.329  8.703  
23120200 23120412   4.091  3.692  
23120900 23121112   1.968  1.835  
24010600 24010812   3.470  7.142  
24011300 24011512   2.383  2.404  
