22100100 22100312   3.487  3.987  
22100800 22101012   2.483  2.930  
22101500 22101712   7.624  7.958  
22102200 22102412   11.122  12.517  
22102900 22103112   9.107  8.860  
22111200 22111412   0.793  1.145  
22111900 22112112   4.999  4.597  
22121000 22121212   5.937  11.835  
23010700 23010912   21.491  21.455  
23011400 23011612   17.258  12.787  
23012100 23012312   16.695  22.089  
23012800 23013012   5.786  6.053  
23022500 23022712   32.383  33.675  
23030400 23030612   16.881  20.840  
23031100 23031312   18.492  19.658  
23031800 23032012   7.602  9.468  
23032500 23032712   2.824  3.374  
23040100 23040312   3.134  3.216  
23040800 23041012   14.771  15.902  
23041500 23041712   21.800  20.483  
23042200 23042412   9.272  9.535  
23042900 23050112   10.264  11.448  
23050600 23050812   4.069  6.621  
23051300 23051512   6.671  6.063  
23052000 23052212   10.470  10.575  
23052700 23052912   2.385  3.977  
23060300 23060512   6.488  5.578  
23061000 23061212   6.795  6.137  
23061700 23061912   5.742  6.133  
23062400 23062612   11.593  12.209  
23070100 23070312   9.186  11.037  
23070800 23071012   7.753  6.591  
23072200 23072412   2.604  2.506  
23072900 23073112   5.531  5.836  
23080500 23080712   3.478  3.018  
23081200 23081412   18.072  16.575  
23081900 23082112   5.935  5.358  
23082600 23082812   3.720  3.960  
23090200 23090412   6.429  8.016  
23090900 23091112   7.297  8.728  
23091600 23091812   8.665  8.779  
23092300 23092512   6.733  4.185  
23093000 23100212   2.357  1.904  
23100700 23100912   2.643  2.587  
23101400 23101612   4.863  4.520  
23102100 23102312   1.251  1.577  
23102800 23103012   11.173  8.723  
23110400 23110612   23.634  23.178  
23111100 23111312   28.448  32.259  
23120200 23120412   6.943  8.200  
23120900 23121112   35.268  33.044  
24010600 24010812   8.677  15.295  
24011300 24011512   5.135  5.379  
