22100100 22100312   5.157  2.810  
22100800 22101012   0.877  1.429  
22101500 22101712   2.531  2.332  
22102200 22102412   5.074  2.996  
22102900 22103112   1.792  0.961  
22111200 22111412   14.768  2.741  
22111900 22112112   21.177  1.327  
22121000 22121212   28.593  3.291  
23010700 23010912   5.481  1.558  
23011400 23011612   2.929  1.359  
23012100 23012312   4.534  3.966  
23012800 23013012   34.115  4.588  
23022500 23022712   30.440  7.840  
23030400 23030612   27.226  8.438  
23031100 23031312   32.326  3.178  
23031800 23032012   4.526  0.640  
23032500 23032712   2.607  2.360  
23040100 23040312   3.933  2.639  
23040800 23041012   2.490  2.624  
23041500 23041712   1.139  1.150  
23042200 23042412   2.150  2.433  
23042900 23050112   5.363  5.198  
23050600 23050812   6.009  6.499  
23051300 23051512   2.900  1.183  
23052000 23052212   3.578  1.429  
23052700 23052912   2.497  0.897  
23060300 23060512   4.145  2.858  
23061000 23061212   6.977  7.823  
23061700 23061912   2.327  2.658  
23062400 23062612   3.812  2.344  
23070100 23070312   3.347  4.678  
23070800 23071012   3.044  2.727  
23072200 23072412   3.096  1.381  
23072900 23073112   4.772  4.804  
23080500 23080712   3.691  3.517  
23081200 23081412   5.732  3.781  
23081900 23082112   4.623  3.490  
23082600 23082812   1.087  1.175  
23090200 23090412   0.723  2.208  
23090900 23091112   4.756  3.993  
23091600 23091812   1.482  1.479  
23092300 23092512   2.906  3.605  
23093000 23100212   1.208  0.808  
23100700 23100912   3.571  3.742  
23101400 23101612   1.435  0.868  
23102100 23102312   1.666  1.123  
23102800 23103012   11.002  1.863  
23110400 23110612   2.739  2.472  
23111100 23111312   3.925  0.604  
23120200 23120412   11.524  1.020  
23120900 23121112   16.819  4.554  
24010600 24010812   18.125  5.904  
24011300 24011512   59.298  2.094  
