22100100 22100312   0.726  0.902  
22100800 22101012   0.515  1.206  
22101500 22101712   2.416  2.318  
22102200 22102412   2.505  2.636  
22102900 22103112   1.374  1.062  
22111200 22111412   1.478  0.534  
22111900 22112112   0.766  0.607  
22121000 22121212   2.968  1.899  
23010700 23010912   1.614  1.483  
23011400 23011612   3.856  1.152  
23012100 23012312   0.346  1.630  
23012800 23013012   0.693  0.850  
23022500 23022712   1.060  1.995  
23030400 23030612   2.111  2.013  
23031100 23031312   0.438  0.271  
23031800 23032012   4.219  2.755  
23032500 23032712   1.179  1.087  
23040100 23040312   2.831  2.856  
23040800 23041012   1.476  0.244  
23041500 23041712   2.085  1.758  
23042200 23042412   1.579  1.468  
23042900 23050112   3.087  3.060  
23050600 23050812   0.764  0.449  
23051300 23051512   8.887  6.200  
23052000 23052212   3.955  3.640  
23052700 23052912   3.309  1.063  
23060300 23060512   1.716  1.642  
23061000 23061212   1.109  0.356  
23061700 23061912   1.035  1.058  
23062400 23062612   5.710  6.233  
23070100 23070312   1.794  1.678  
23070800 23071012   0.662  0.730  
23072200 23072412   1.406  1.409  
23072900 23073112   1.196  0.870  
23080500 23080712   5.484  5.649  
23081200 23081412   1.544  1.635  
23081900 23082112   2.034  2.033  
23082600 23082812   1.027  0.918  
23090200 23090412   1.174  1.347  
23090900 23091112   2.983  2.271  
23091600 23091812   1.880  1.750  
23092300 23092512   0.854  0.735  
23093000 23100212   1.362  1.535  
23100700 23100912   2.275  2.789  
23101400 23101612   1.337  1.712  
23102100 23102312   0.917  1.052  
23102800 23103012   3.068  2.536  
23110400 23110612   1.629  1.668  
23111100 23111312   1.484  0.573  
23120200 23120412   1.191  1.045  
23120900 23121112   2.304  1.842  
24010600 24010812   1.451  1.627  
24011300 24011512   11.391  5.036  
