22100100 22100312   3.057  1.054  
22100800 22101012   0.787  1.077  
22101500 22101712   1.316  1.298  
22102200 22102412   1.701  1.569  
22102900 22103112   0.931  0.825  
22111200 22111412   1.010  0.917  
22111900 22112112   0.763  0.592  
22121000 22121212   0.614  0.413  
23010700 23010912   1.762  1.790  
23011400 23011612   2.513  0.747  
23012100 23012312   0.431  0.967  
23012800 23013012   0.988  0.753  
23022500 23022712   2.935  1.580  
23030400 23030612   0.435  0.721  
23031100 23031312   2.041  2.188  
23031800 23032012   3.306  2.555  
23032500 23032712   2.247  1.976  
23040100 23040312   0.664  0.606  
23040800 23041012   2.137  1.486  
23041500 23041712   2.704  2.613  
23042200 23042412   1.379  1.352  
23042900 23050112   2.156  2.705  
23050600 23050812   1.280  1.202  
23051300 23051512   5.944  4.148  
23052000 23052212   3.324  3.536  
23052700 23052912   1.673  1.276  
23060300 23060512   0.556  0.476  
23061000 23061212   3.212  4.076  
23061700 23061912   0.607  0.721  
23062400 23062612   0.480  0.747  
23070100 23070312   1.756  1.487  
23070800 23071012   1.578  1.492  
23072200 23072412   3.349  3.362  
23072900 23073112   2.878  2.624  
23080500 23080712   1.870  1.916  
23081200 23081412   6.786  3.154  
23081900 23082112   1.663  1.336  
23082600 23082812   0.785  0.834  
23090200 23090412   4.784  1.935  
23090900 23091112   4.001  2.664  
23091600 23091812   3.772  3.600  
23092300 23092512   5.706  5.556  
23093000 23100212   0.836  0.798  
23100700 23100912   1.046  0.924  
23101400 23101612   0.737  1.047  
23102100 23102312   0.322  0.232  
23102800 23103012   1.532  1.176  
23110400 23110612   1.409  1.211  
23111100 23111312   1.710  2.413  
23120200 23120412   1.337  0.956  
23120900 23121112   1.121  1.783  
24010600 24010812   3.470  3.479  
24011300 24011512   21.437  5.947  
