22100100 22100312   2.679  3.209  
22100800 22101012   0.599  0.683  
22101500 22101712   1.006  1.480  
22102200 22102412   1.189  0.779  
22102900 22103112   1.978  2.351  
22111200 22111412   0.294  0.192  
22111900 22112112   0.329  0.290  
22121000 22121212   11.246  14.694  
23010700 23010912   12.672  13.159  
23011400 23011612   0.557  0.775  
23012100 23012312   0.399  0.428  
23012800 23013012   1.009  1.176  
23022500 23022712   0.519  0.315  
23030400 23030612   3.690  2.809  
23031100 23031312   0.475  0.499  
23031800 23032012   0.047  0.038  
23032500 23032712   6.273  5.912  
23040100 23040312   10.664  11.482  
23040800 23041012   3.738  3.096  
23041500 23041712   0.655  0.844  
23042200 23042412   0.056  0.085  
23042900 23050112   0.700  0.583  
23050600 23050812   0.915  0.944  
23051300 23051512   1.619  1.498  
23052000 23052212   2.040  1.066  
23052700 23052912   4.981  6.147  
23060300 23060512   2.119  1.951  
23061000 23061212   3.182  2.249  
23061700 23061912   3.231  3.719  
23062400 23062612   0.430  0.722  
23070100 23070312   2.682  2.654  
23070800 23071012   2.033  2.681  
23072200 23072412   0.952  1.004  
23072900 23073112   3.077  3.001  
23080500 23080712   1.108  1.878  
23081200 23081412   1.317  1.419  
23081900 23082112   10.887  9.952  
23082600 23082812   0.548  0.387  
23090200 23090412   6.270  6.584  
23090900 23091112   0.169  0.069  
23091600 23091812   0.394  0.531  
23092300 23092512   0.869  0.812  
23093000 23100212   2.196  3.521  
23100700 23100912   0.229  0.237  
23101400 23101612   4.330  3.283  
23102100 23102312   3.288  2.107  
23102800 23103012   0.887  0.361  
23110400 23110612   8.408  9.393  
23111100 23111312   11.533  13.442  
23120200 23120412   3.060  3.426  
23120900 23121112   3.489  3.649  
24010600 24010812   11.542  12.195  
24011300 24011512   0.311  0.959  
22100100 22100312   2.679  3.209  
22100800 22101012   0.599  0.683  
22101500 22101712   1.006  1.480  
22102200 22102412   1.189  0.779  
22102900 22103112   1.978  2.351  
22111200 22111412   0.294  0.192  
22111900 22112112   0.329  0.290  
22121000 22121212   11.246  14.694  
23010700 23010912   12.672  13.159  
23011400 23011612   0.557  0.775  
23012100 23012312   0.399  0.428  
23012800 23013012   1.009  1.176  
23022500 23022712   0.519  0.315  
23030400 23030612   3.690  2.809  
23031100 23031312   0.475  0.499  
23031800 23032012   0.047  0.038  
23032500 23032712   6.273  5.912  
23040100 23040312   10.664  11.482  
23040800 23041012   3.738  3.096  
23041500 23041712   0.655  0.844  
23042200 23042412   0.056  0.085  
23042900 23050112   0.700  0.583  
23050600 23050812   0.915  0.944  
23051300 23051512   1.619  1.498  
23052000 23052212   2.040  1.066  
23052700 23052912   4.981  6.147  
23060300 23060512   2.119  1.951  
23061000 23061212   3.182  2.249  
23061700 23061912   3.231  3.719  
23062400 23062612   0.430  0.722  
23070100 23070312   2.682  2.654  
23070800 23071012   2.033  2.681  
23072200 23072412   0.952  1.004  
23072900 23073112   3.077  3.001  
23080500 23080712   1.108  1.878  
23081200 23081412   1.317  1.419  
23081900 23082112   10.887  9.952  
23082600 23082812   0.548  0.387  
23090200 23090412   6.270  6.584  
23090900 23091112   0.169  0.069  
23091600 23091812   0.394  0.531  
23092300 23092512   0.869  0.812  
23093000 23100212   2.196  3.521  
23100700 23100912   0.229  0.237  
23101400 23101612   4.330  3.283  
23102100 23102312   3.288  2.107  
23102800 23103012   0.887  0.361  
23110400 23110612   8.408  9.393  
23111100 23111312   11.533  13.442  
23120200 23120412   3.060  3.426  
23120900 23121112   3.489  3.649  
24010600 24010812   11.542  12.195  
24011300 24011512   0.311  0.959  
22100100 22100312   2.679  3.209  
22100800 22101012   0.599  0.683  
22101500 22101712   1.006  1.480  
22102200 22102412   1.189  0.779  
22102900 22103112   1.978  2.351  
22111200 22111412   0.294  0.192  
22111900 22112112   0.329  0.290  
22121000 22121212   11.246  14.694  
23010700 23010912   12.672  13.159  
