22100100 22100312   0.001  0.001  
22100800 22101012   0.000  0.000  
22101500 22101712   0.002  0.000  
22102200 22102412   0.334  0.344  
22102900 22103112   0.532  0.588  
22110500 22110712   0.629  0.693  
22111200 22111412   0.000  0.000  
22111900 22112112   0.006  0.006  
22112600 22112812   0.161  0.186  
22120300 22120512   0.198  0.138  
22121000 22121212   0.409  0.451  
22122400 22122612   1.283  1.328  
22123100 23010212   0.679  0.742  
23010700 23010912   0.744  0.776  
23011400 23011612   0.909  0.879  
23012100 23012312   0.126  0.129  
23012800 23013012   0.000  0.001  
23020400 23020612   0.795  1.006  
23021100 23021312   0.115  0.200  
23021800 23022012   0.028  0.022  
23022500 23022712   0.180  0.185  
23030400 23030612   0.389  0.292  
23031100 23031312   0.182  0.186  
23031800 23032012   0.002  0.003  
23032500 23032712   0.211  0.144  
23040100 23040312   0.851  1.161  
23040800 23041012   0.359  0.360  
23041500 23041712   0.984  0.982  
23042200 23042412   2.909  3.024  
23042900 23050112   0.000  0.000  
23050600 23050812   0.600  0.446  
23051300 23051512   0.001  0.000  
23052000 23052212   0.024  0.024  
23052700 23052912   0.002  0.007  
23060300 23060512   0.000  0.000  
23061000 23061212   0.450  0.599  
23061700 23061912   0.078  0.081  
23062400 23062612   0.017  0.042  
