22100100 22100312   0.637  2.013  
22100800 22101012   1.080  2.229  
22101500 22101712   4.609  5.115  
22102200 22102412   1.122  1.028  
22102900 22103112   3.503  3.401  
22111200 22111412   0.539  1.269  
22111900 22112112   2.597  2.289  
22121000 22121212   1.527  0.270  
23010700 23010912   0.624  0.757  
23011400 23011612   2.665  1.185  
23012100 23012312   0.777  0.729  
23012800 23013012   1.833  1.168  
23022500 23022712   2.398  0.727  
23030400 23030612   1.182  1.532  
23031100 23031312   1.487  1.650  
23031800 23032012   4.293  3.478  
23032500 23032712   0.800  0.645  
23040100 23040312   0.713  0.555  
23040800 23041012   2.291  1.640  
23041500 23041712   2.006  2.032  
23042200 23042412   0.673  0.645  
23042900 23050112   2.141  1.798  
23050600 23050812   2.373  2.208  
23051300 23051512   4.774  3.302  
23052000 23052212   4.218  3.865  
23052700 23052912   1.672  0.908  
23060300 23060512   1.505  1.168  
23061000 23061212   4.227  5.212  
23061700 23061912   1.730  2.058  
23062400 23062612   2.721  2.961  
23070100 23070312   0.779  0.455  
23070800 23071012   3.268  3.163  
23072200 23072412   1.720  1.558  
23072900 23073112   1.910  1.728  
23080500 23080712   2.737  2.725  
23081200 23081412   6.577  3.101  
23081900 23082112   1.684  1.598  
23082600 23082812   1.139  1.305  
23090200 23090412   2.761  0.924  
23090900 23091112   3.354  2.096  
23091600 23091812   1.805  1.872  
23092300 23092512   4.513  4.464  
23093000 23100212   1.396  1.374  
23100700 23100912   4.207  3.843  
23101400 23101612   0.911  0.892  
23102100 23102312   0.749  0.476  
23102800 23103012   2.720  2.966  
23110400 23110612   4.100  4.247  
23111100 23111312   1.124  1.612  
23120200 23120412   1.725  1.172  
23120900 23121112   2.926  2.513  
24010600 24010812   4.249  4.304  
24011300 24011512   23.189  4.531  
22121000 22121212   1.527  0.270  
22100100 22100312   0.637  2.013  
