22100100 22100312   6.629  8.637  
22100800 22101012   4.879  5.258  
22101500 22101712   4.942  6.639  
22102200 22102412   3.942  5.479  
22102900 22103112   8.418  9.859  
22110500 22110712   14.283  13.840  
22111200 22111412   3.811  5.457  
22111900 22112112   2.921  6.035  
22112600 22112812   8.124  7.664  
22120300 22120512   15.399  15.581  
22121000 22121212   16.291  19.294  
22122400 22122612   8.543  8.890  
22123100 23010212   9.351  12.906  
23010700 23010912   16.328  19.505  
23011400 23011612   9.041  10.378  
23012100 23012312   3.440  5.921  
23012800 23013012   5.635  5.191  
23020400 23020612   15.566  20.552  
23021100 23021312   6.675  10.007  
23021800 23022012   3.100  4.069  
23022500 23022712   4.999  4.969  
23030400 23030612   10.655  11.121  
23031100 23031312   6.498  7.602  
23031800 23032012   4.502  6.208  
23032500 23032712   3.662  5.868  
23040100 23040312   9.159  13.669  
23040800 23041012   10.496  11.365  
23041500 23041712   3.732  5.396  
23042200 23042412   5.960  5.919  
23042900 23050112   5.098  5.185  
23050600 23050812   7.401  6.307  
23051300 23051512   2.323  3.160  
23052000 23052212   8.237  6.719  
23052700 23052912   12.484  12.420  
23060300 23060512   8.087  7.943  
23061000 23061212   8.123  8.414  
23061700 23061912   4.726  4.367  
23062400 23062612   8.975  9.307  
23070100 23070312   10.075  8.756  
23070800 23071012   6.555  5.802  
23071500 23071712   10.896  9.288  
23072200 23072412   10.796  10.048  
23072900 23073112   10.020  8.628  
23080500 23080712   13.391  11.109  
23081200 23081412   7.822  9.596  
23081900 23082112   16.430  15.733  
23082600 23082812   4.929  6.719  
23090200 23090412   11.214  14.111  
23090900 23091112   6.119  7.815  
23091600 23091812   6.183  6.169  
23092300 23092512   5.840  5.490  
23093000 23100212   13.661  11.921  
23100700 23100912   5.755  5.132  
23101400 23101612   11.425  11.208  
23102100 23102312   9.631  9.103  
