22100100 22100312   5.097  3.206  
22100800 22101012   0.456  1.962  
22101500 22101712   3.847  3.833  
22102200 22102412   0.762  0.879  
22102900 22103112   1.257  0.888  
22111200 22111412   0.854  1.581  
22111900 22112112   0.525  0.505  
22121000 22121212   3.325  2.778  
23010700 23010912   1.699  1.814  
23011400 23011612   3.392  1.681  
23012100 23012312   0.989  2.515  
23012800 23013012   0.831  1.197  
23022500 23022712   0.542  1.234  
23030400 23030612   2.007  1.581  
23031100 23031312   0.560  1.030  
23031800 23032012   3.569  1.824  
23032500 23032712   2.071  2.066  
23040100 23040312   2.173  2.166  
23040800 23041012   2.309  3.618  
23041500 23041712   3.901  3.735  
23042200 23042412   0.813  0.730  
23042900 23050112   1.850  2.078  
23050600 23050812   1.695  1.976  
23051300 23051512   6.915  4.645  
23052000 23052212   2.552  4.363  
23052700 23052912   0.674  3.086  
23060300 23060512   2.488  2.643  
23061000 23061212   1.422  2.029  
23061700 23061912   1.888  1.452  
23062400 23062612   2.619  3.373  
23070100 23070312   0.415  0.592  
23070800 23071012   4.764  4.934  
23072200 23072412   0.567  0.658  
23072900 23073112   0.747  0.611  
23080500 23080712   0.669  0.755  
23081200 23081412   5.890  2.558  
23081900 23082112   0.902  0.783  
23082600 23082812   1.544  1.594  
23090200 23090412   4.662  2.212  
23090900 23091112   5.524  4.483  
23091600 23091812   2.298  2.179  
23092300 23092512   5.174  5.273  
23093000 23100212   1.149  1.103  
23100700 23100912   4.558  4.187  
23101400 23101612   1.017  1.334  
23102100 23102312   2.596  2.405  
23102800 23103012   0.832  0.300  
23110400 23110612   1.948  1.862  
23111100 23111312   0.601  0.516  
23120200 23120412   2.958  3.801  
23120900 23121112   1.820  1.533  
