22100100 22100312   1.650  1.923  
22100800 22101012   0.369  0.389  
22101500 22101712   0.790  2.022  
22102200 22102412   0.615  0.611  
22102900 22103112   2.117  2.390  
22111200 22111412   0.010  0.014  
22111900 22112112   0.279  0.198  
22121000 22121212   9.347  12.048  
23010700 23010912   10.098  10.756  
23011400 23011612   1.899  1.548  
23012100 23012312   0.317  0.359  
23012800 23013012   1.555  1.744  
23022500 23022712   1.376  1.355  
23030400 23030612   3.497  2.483  
23031100 23031312   0.676  0.729  
23031800 23032012   2.484  2.501  
23032500 23032712   1.897  1.712  
23040100 23040312   5.565  6.556  
23040800 23041012   4.672  3.725  
23041500 23041712   2.409  2.416  
23042200 23042412   0.429  0.420  
23042900 23050112   0.978  1.238  
23050600 23050812   0.718  0.783  
23051300 23051512   2.926  2.688  
23052000 23052212   0.738  0.793  
23052700 23052912   4.243  5.009  
23060300 23060512   1.498  1.274  
23061000 23061212   1.209  0.668  
23061700 23061912   2.565  3.280  
23062400 23062612   0.450  0.401  
23070100 23070312   1.126  1.033  
23070800 23071012   1.626  2.376  
23072200 23072412   2.728  2.433  
23072900 23073112   0.943  0.823  
23080500 23080712   1.742  1.934  
23081200 23081412   0.739  0.994  
23081900 23082112   5.458  4.857  
23082600 23082812   0.432  0.378  
23090200 23090412   4.924  5.128  
23090900 23091112   0.638  0.651  
23091600 23091812   0.303  0.324  
23092300 23092512   0.677  0.705  
23093000 23100212   1.309  1.974  
23100700 23100912   0.248  0.299  
23101400 23101612   5.194  4.016  
23102100 23102312   1.761  1.061  
