22100100 22100312   2.093  0.341  
22100800 22101012   0.351  1.477  
22101500 22101712   1.216  1.847  
22102200 22102412   2.606  2.549  
22102900 22103112   1.805  1.597  
22111200 22111412   0.565  1.052  
22111900 22112112   0.271  0.273  
22121000 22121212   4.099  3.177  
23010700 23010912   0.940  0.466  
23011400 23011612   3.577  0.648  
23012100 23012312   1.025  2.318  
23012800 23013012   0.767  0.868  
23022500 23022712   0.683  0.371  
23030400 23030612   0.807  0.646  
23031100 23031312   0.487  0.323  
23031800 23032012   0.876  0.596  
23032500 23032712   0.899  0.831  
23040100 23040312   1.264  1.279  
23040800 23041012   0.572  1.150  
23041500 23041712   0.817  0.770  
23042200 23042412   0.539  0.439  
23042900 23050112   2.610  3.355  
23050600 23050812   0.531  0.285  
23051300 23051512   4.635  2.646  
23052000 23052212   1.992  2.067  
23052700 23052912   1.261  1.306  
23060300 23060512   0.454  0.596  
23061000 23061212   1.819  2.821  
23061700 23061912   0.829  0.836  
23062400 23062612   3.893  4.023  
23070100 23070312   1.673  1.865  
23070800 23071012   4.114  3.930  
23072200 23072412   0.375  0.303  
23072900 23073112   0.758  0.637  
23080500 23080712   2.052  1.997  
23081200 23081412   5.267  2.270  
23081900 23082112   0.860  0.558  
23082600 23082812   0.744  0.520  
23090200 23090412   2.173  0.460  
23090900 23091112   3.641  2.600  
23091600 23091812   1.600  1.250  
23092300 23092512   2.295  2.213  
23093000 23100212   1.205  1.021  
23100700 23100912   0.990  0.921  
23101400 23101612   0.662  0.778  
23102100 23102312   0.512  0.546  
23102800 23103012   0.310  0.363  
23110400 23110612   3.034  3.409  
23111100 23111312   0.311  0.734  
23120200 23120412   2.146  2.352  
23120900 23121112   1.354  0.950  
24010600 24010812   1.089  1.327  
24011300 24011512   7.933  4.047  
