22100100 22100312   2.381  0.855  
22100800 22101012   0.765  1.768  
22101500 22101712   2.417  2.630  
22102200 22102412   1.951  2.187  
22102900 22103112   2.326  2.069  
22111200 22111412   0.492  0.320  
22111900 22112112   1.143  0.738  
22121000 22121212   0.466  0.792  
23010700 23010912   0.393  0.300  
23011400 23011612   3.286  0.650  
23012100 23012312   0.354  1.385  
23012800 23013012   1.067  1.644  
23022500 23022712   1.329  0.500  
23030400 23030612   1.856  2.362  
23031100 23031312   1.027  1.452  
23031800 23032012   4.842  3.997  
23032500 23032712   1.518  1.445  
23040100 23040312   0.590  0.596  
23040800 23041012   1.163  0.427  
23041500 23041712   2.520  2.564  
23042200 23042412   0.722  0.804  
23042900 23050112   1.849  1.260  
23050600 23050812   1.080  1.190  
23051300 23051512   6.280  4.660  
23052000 23052212   3.858  3.995  
23052700 23052912   2.633  0.499  
23060300 23060512   1.424  1.237  
23061000 23061212   5.320  6.156  
23061700 23061912   2.620  2.890  
23062400 23062612   3.404  3.715  
23070100 23070312   0.667  0.426  
23070800 23071012   3.119  3.092  
23072200 23072412   0.813  0.702  
23072900 23073112   0.997  0.858  
23080500 23080712   2.375  2.449  
23081200 23081412   6.857  3.470  
23081900 23082112   2.775  2.700  
23082600 23082812   1.482  1.741  
23090200 23090412   3.293  0.993  
23090900 23091112   3.821  2.620  
23091600 23091812   2.397  2.404  
23092300 23092512   4.421  4.468  
23093000 23100212   0.973  0.974  
