22100100 22100312   1.609  5.106  
22100800 22101012   1.464  2.577  
22101500 22101712   3.586  4.226  
22102200 22102412   1.009  1.131  
22102900 22103112   1.729  0.542  
22111200 22111412   9.874  3.670  
22111900 22112112   11.845  2.977  
22112600 22112812   11.636  2.417  
22121000 22121212   21.562  4.123  
23010700 23010912   13.062  2.600  
23011400 23011612   17.636  1.901  
23012100 23012312   4.425  1.102  
23012800 23013012   26.651  2.584  
23022500 23022712   15.133  0.929  
23030400 23030612   16.311  1.457  
23031100 23031312   22.004  2.019  
23031800 23032012   5.548  4.165  
23032500 23032712   2.514  1.422  
23040100 23040312   2.574  1.778  
23040800 23041012   3.140  2.145  
23041500 23041712   1.403  0.419  
23042200 23042412   0.682  2.129  
23042900 23050112   7.110  5.489  
23050600 23050812   7.527  10.331  
23051300 23051512   3.943  1.709  
23052000 23052212   3.829  1.107  
23052700 23052912   2.000  3.520  
23060300 23060512   1.121  2.801  
23061000 23061212   0.700  1.689  
23061700 23061912   1.430  1.317  
23062400 23062612   3.347  2.354  
23070100 23070312   3.838  0.847  
23070800 23071012   1.857  1.449  
23072200 23072412   3.161  1.686  
23072900 23073112   2.388  1.397  
23080500 23080712   3.287  1.943  
23081200 23081412   3.673  1.077  
23081900 23082112   7.890  2.763  
23082600 23082812   3.480  2.853  
23090200 23090412   2.343  0.983  
23090900 23091112   6.165  4.958  
23091600 23091812   2.454  1.642  
23092300 23092512   0.383  1.109  
23093000 23100212   1.559  0.322  
23100700 23100912   6.545  5.847  
23101400 23101612   1.834  0.964  
23102100 23102312   6.278  6.061  
23102800 23103012   5.733  3.281  
23110400 23110612   2.892  0.875  
23111100 23111312   2.501  0.953  
23120200 23120412   25.377  9.160  
23120900 23121112   12.914  3.817  
24010600 24010812   27.794  4.061  
24011300 24011512   53.502  0.759  
