22100100 22100312   0.001  0.001  
22100800 22101012   0.000  0.000  
22101500 22101712   0.001  0.001  
22102200 22102412   0.040  0.071  
22102900 22103112   0.070  0.074  
22110500 22110712   0.177  0.251  
22111200 22111412   0.013  0.014  
22111900 22112112   0.003  0.003  
22112600 22112812   0.002  0.002  
22120300 22120512   0.014  0.022  
22121000 22121212   0.044  0.048  
22122400 22122612   0.079  0.075  
22123100 23010212   0.010  0.016  
23010700 23010912   0.001  0.001  
23011400 23011612   0.020  0.024  
23012100 23012312   0.007  0.009  
23012800 23013012   0.002  0.003  
23020400 23020612   0.002  0.002  
23021100 23021312   0.004  0.004  
23021800 23022012   0.015  0.028  
23022500 23022712   0.040  0.042  
23030400 23030612   0.031  0.024  
23031100 23031312   0.009  0.013  
23031800 23032012   0.001  0.002  
23032500 23032712   0.074  0.054  
23040100 23040312   0.085  0.064  
23040800 23041012   0.010  0.010  
23041500 23041712   0.004  0.003  
23042200 23042412   0.017  0.019  
23042900 23050112   0.000  0.000  
23050600 23050812   0.313  0.357  
23051300 23051512   0.001  0.000  
23052000 23052212   0.055  0.055  
23052700 23052912   0.127  0.167  
23060300 23060512   0.130  0.129  
23061000 23061212   0.342  0.467  
23061700 23061912   1.555  1.537  
23062400 23062612   0.218  0.406  
23070100 23070312   0.004  0.006  
23070800 23071012   0.298  0.283  
23072200 23072412   0.094  0.090  
23072900 23073112   0.309  0.710  
23080500 23080712   0.028  0.042  
23081200 23081412   0.018  0.043  
23081900 23082112   0.005  0.019  
23082600 23082812   0.000  0.000  
23090200 23090412   0.067  0.067  
23090900 23091112   0.000  0.000  
23091600 23091812   0.012  0.012  
23092300 23092512   0.008  0.012  
23093000 23100212   0.007  0.016  
23100700 23100912   0.000  0.001  
23101400 23101612   0.007  0.009  
23102100 23102312   0.000  0.000  
23102800 23103012   0.000  0.000  
23110400 23110612   0.103  0.109  
23111100 23111312   0.153  0.149  
23111800 23112012   0.004  0.002  
23112500 23112712   0.001  0.001  
23120200 23120412   0.018  0.021  
23120900 23121112   0.006  0.008  
23123000 24010112   0.002  0.003  
24010600 24010812   0.133  0.142  
24011300 24011512   0.001  0.001  
