22100100 22100312   0.009  0.005  
22100800 22101012   0.000  0.000  
22101500 22101712   0.001  0.000  
22102200 22102412   0.118  0.064  
22102900 22103112   0.131  0.131  
22110500 22110712   0.507  0.700  
22111200 22111412   0.000  0.000  
22111900 22112112   0.000  0.000  
22112600 22112812   0.262  0.232  
22120300 22120512   0.038  0.030  
22121000 22121212   0.075  0.086  
22122400 22122612   0.402  0.471  
22123100 23010212   0.158  0.190  
23010700 23010912   0.070  0.065  
23011400 23011612   0.256  0.407  
23012100 23012312   0.021  0.024  
23012800 23013012   0.035  0.070  
23020400 23020612   0.229  0.375  
23021100 23021312   0.041  0.041  
23021800 23022012   0.023  0.055  
23022500 23022712   0.979  0.975  
23030400 23030612   0.070  0.071  
23031100 23031312   0.141  0.231  
23031800 23032012   0.000  0.000  
23032500 23032712   0.157  0.117  
23040100 23040312   0.214  0.229  
23040800 23041012   0.431  0.418  
23041500 23041712   0.018  0.057  
23042200 23042412   0.102  0.133  
23042900 23050112   0.000  0.000  
23050600 23050812   0.849  0.978  
23051300 23051512   0.001  0.002  
23052000 23052212   0.267  0.298  
23052700 23052912   0.131  0.151  
23060300 23060512   0.008  0.028  
23061000 23061212   1.571  0.936  
23061700 23061912   0.986  0.878  
23062400 23062612   0.015  0.027  
23070100 23070312   0.004  0.015  
23070800 23071012   0.251  0.194  
23072200 23072412   0.022  0.022  
23072900 23073112   19.982  19.984  
23080500 23080712   40.155  40.139  
23081200 23081412   0.001  0.001  
23081900 23082112   0.006  0.002  
23082600 23082812   0.051  0.034  
23090200 23090412   0.001  0.001  
23090900 23091112   0.004  0.014  
23091600 23091812   0.000  0.000  
23092300 23092512   0.127  0.092  
23093000 23100212   0.083  0.053  
23100700 23100912   0.000  0.001  
23101400 23101612   0.088  0.075  
23102100 23102312   0.021  0.011  
23102800 23103012   0.000  0.000  
23110400 23110612   0.133  0.135  
23111100 23111312   0.101  0.108  
23111800 23112012   0.098  0.099  
23112500 23112712   0.001  0.000  
23120200 23120412   0.147  0.148  
23120900 23121112   1.074  1.068  
23123000 24010112   0.023  0.024  
24010600 24010812   0.470  0.423  
24011300 24011512   0.009  0.009  
