22100100 22100312   2.719  3.154  
22100800 22101012   1.598  1.510  
22101500 22101712   2.812  4.034  
22102200 22102412   2.335  1.802  
22102900 22103112   1.030  0.973  
22110500 22110712   2.197  1.981  
22111200 22111412   0.762  0.739  
22111900 22112112   0.961  0.967  
22112600 22112812   1.055  0.608  
22120300 22120512   1.322  1.200  
22121000 22121212   2.373  2.688  
22122400 22122612   4.144  4.013  
22123100 23010212   1.976  1.940  
23010700 23010912   1.319  0.906  
23011400 23011612   1.038  1.448  
23012100 23012312   0.720  1.088  
23012800 23013012   0.425  1.392  
23020400 23020612   1.803  1.655  
23021100 23021312   0.444  0.857  
23021800 23022012   3.514  2.856  
23022500 23022712   0.811  2.836  
23030400 23030612   1.912  2.369  
23031100 23031312   0.761  1.262  
23031800 23032012   3.348  4.024  
23032500 23032712   0.388  0.864  
23040100 23040312   0.850  0.419  
23040800 23041012   3.322  3.298  
23041500 23041712   3.095  2.515  
23042200 23042412   0.788  2.105  
23042900 23050112   1.328  1.025  
23050600 23050812   2.478  2.334  
23051300 23051512   7.121  5.545  
23052000 23052212   0.922  1.391  
23052700 23052912   2.574  1.945  
23060300 23060512   4.499  3.542  
23061000 23061212   1.726  1.127  
23061700 23061912   0.632  1.211  
23062400 23062612   5.506  5.622  
23070100 23070312   2.657  1.716  
23070800 23071012   3.989  3.184  
23072200 23072412   1.513  2.704  
23072900 23073112   0.603  0.448  
23080500 23080712   1.807  1.177  
23081200 23081412   4.801  5.093  
23081900 23082112   0.768  1.315  
23082600 23082812   2.347  2.524  
23090200 23090412   3.997  1.545  
23090900 23091112   5.173  5.193  
23091600 23091812   2.180  1.535  
23092300 23092512   5.398  5.988  
23093000 23100212   3.454  2.571  
23100700 23100912   3.491  4.303  
23101400 23101612   0.538  1.472  
23102100 23102312   0.810  0.781  
