22100100 22100312   4.117  1.631  
22100800 22101012   1.860  0.653  
22101500 22101712   2.506  2.986  
22102200 22102412   1.031  1.174  
22102900 22103112   3.196  3.739  
22111200 22111412   1.924  0.672  
22111900 22112112   8.267  1.529  
22121000 22121212   3.880  3.602  
23010700 23010912   1.077  1.543  
23011400 23011612   1.724  1.605  
23012100 23012312   0.945  1.162  
23012800 23013012   6.434  1.630  
23022500 23022712   11.191  4.641  
23030400 23030612   1.203  1.799  
23031100 23031312   3.856  4.101  
23031800 23032012   4.910  4.012  
23032500 23032712   1.286  1.258  
23040100 23040312   1.751  1.440  
23040800 23041012   1.763  0.844  
23041500 23041712   1.546  1.195  
23042200 23042412   2.622  1.849  
23042900 23050112   1.664  1.672  
23050600 23050812   7.756  7.765  
23051300 23051512   6.951  3.818  
23052000 23052212   5.585  1.795  
23052700 23052912   1.108  2.738  
23060300 23060512   2.505  2.635  
23061000 23061212   3.861  5.228  
23061700 23061912   2.165  3.749  
23062400 23062612   11.088  11.187  
23070100 23070312   1.603  1.186  
23070800 23071012   2.581  2.417  
23072200 23072412   1.731  1.376  
23072900 23073112   0.755  0.756  
23080500 23080712   2.512  2.521  
23081200 23081412   7.014  2.645  
23081900 23082112   1.875  1.652  
23082600 23082812   1.583  1.761  
23090200 23090412   5.303  2.143  
23090900 23091112   5.305  3.702  
23091600 23091812   1.939  1.980  
23092300 23092512   4.444  4.395  
23093000 23100212   1.573  1.450  
23100700 23100912   1.419  1.440  
23101400 23101612   0.415  0.400  
23102100 23102312   2.013  1.572  
23102800 23103012   0.818  0.651  
23110400 23110612   2.299  1.970  
23111100 23111312   3.963  3.038  
23120200 23120412   0.990  2.490  
23120900 23121112   3.797  2.067  
24010600 24010812   1.477  1.578  
24011300 24011512   46.189  3.968  
