22100100 22100312   2.701  2.460  
22100800 22101012   2.480  2.689  
22101500 22101712   4.449  4.033  
22102200 22102412   8.971  8.447  
22102900 22103112   6.658  6.791  
22111200 22111412   3.122  3.175  
22111900 22112112   8.437  8.167  
22121000 22121212   13.477  18.136  
23010700 23010912   20.915  22.708  
23012100 23012312   9.716  10.767  
23012800 23013012   13.872  13.497  
23022500 23022712   9.549  10.169  
23030400 23030612   7.990  8.427  
23031100 23031312   8.500  8.479  
23031800 23032012   6.944  7.775  
23032500 23032712   5.968  8.940  
23040100 23040312   5.040  4.924  
23040800 23041012   11.492  12.321  
23041500 23041712   8.122  10.906  
23042200 23042412   8.145  11.298  
23042900 23050112   3.619  4.186  
23050600 23050812   2.526  2.534  
23051300 23051512   4.765  4.607  
23052000 23052212   4.423  4.836  
23052700 23052912   5.673  6.768  
23060300 23060512   4.765  4.377  
23061000 23061212   4.513  5.541  
23061700 23061912   7.109  5.935  
23062400 23062612   4.375  4.019  
23070100 23070312   6.282  6.538  
23070800 23071012   6.644  6.441  
23072200 23072412   5.151  4.686  
23072900 23073112   4.352  4.436  
23080500 23080712   4.238  4.042  
23081200 23081412   6.744  6.109  
23081900 23082112   6.501  5.970  
23082600 23082812   3.273  3.693  
23090200 23090412   8.727  8.004  
23090900 23091112   4.004  3.929  
23091600 23091812   5.556  5.614  
23092300 23092512   20.973  20.045  
23093000 23100212   7.940  8.169  
23100700 23100912   15.023  13.958  
23101400 23101612   12.271  11.160  
23102100 23102312   4.986  5.598  
23102800 23103012   2.297  2.567  
23110400 23110612   10.720  14.418  
23111100 23111312   10.881  12.044  
23120200 23120412   10.405  10.944  
23120900 23121112   19.526  22.456  
24010600 24010812   9.976  12.273  
24011300 24011512   7.825  7.856  
