22100100 22100312   7.680  4.333  
22100800 22101012   3.249  0.959  
22101500 22101712   3.330  3.610  
22102200 22102412   6.129  5.463  
22102900 22103112   3.168  2.818  
22111200 22111412   10.802  4.028  
22111900 22112112   20.504  1.453  
22121000 22121212   12.792  4.757  
23010700 23010912   6.191  0.467  
23011400 23011612   7.329  3.908  
23012100 23012312   6.234  1.833  
23012800 23013012   22.301  7.005  
23022500 23022712   18.738  4.744  
23030400 23030612   6.420  2.930  
23031100 23031312   7.863  2.792  
23031800 23032012   5.861  4.369  
23032500 23032712   2.219  1.008  
23040100 23040312   4.667  3.873  
23040800 23041012   4.137  3.275  
23041500 23041712   2.306  1.892  
23042200 23042412   5.122  3.753  
23042900 23050112   1.593  1.255  
23050600 23050812   7.563  7.480  
23051300 23051512   6.486  4.476  
23052000 23052212   3.458  4.082  
23052700 23052912   4.213  1.840  
23060300 23060512   2.332  1.570  
23061000 23061212   10.738  11.274  
23061700 23061912   10.412  10.706  
23062400 23062612   0.279  0.742  
23070100 23070312   2.964  4.159  
23070800 23071012   0.550  0.841  
23072200 23072412   2.820  3.869  
23072900 23073112   1.177  0.938  
23080500 23080712   3.393  3.223  
23081200 23081412   9.619  6.052  
23081900 23082112   2.569  2.039  
23082600 23082812   1.883  1.742  
23090200 23090412   7.109  4.660  
23090900 23091112   5.366  4.015  
23091600 23091812   0.835  0.807  
23092300 23092512   4.415  4.819  
23093000 23100212   1.835  0.883  
23100700 23100912   2.273  2.124  
23101400 23101612   1.138  1.005  
23102100 23102312   1.469  0.653  
23102800 23103012   3.101  1.216  
23110400 23110612   5.210  2.652  
23111100 23111312   2.244  1.597  
23120200 23120412   10.024  1.501  
23120900 23121112   18.921  2.611  
24010600 24010812   10.457  1.613  
24011300 24011512   55.683  4.919  
