22100100 22100312   3.265  1.397  
22100800 22101012   0.748  2.173  
22101500 22101712   1.591  1.763  
22102200 22102412   3.739  3.477  
22102900 22103112   1.562  1.201  
22111200 22111412   0.357  1.174  
22111900 22112112   1.170  1.109  
22121000 22121212   2.391  1.789  
23010700 23010912   1.793  1.918  
23011400 23011612   3.289  1.708  
23012100 23012312   0.296  1.552  
23012800 23013012   1.176  0.893  
23022500 23022712   0.798  1.293  
23030400 23030612   1.353  0.981  
23031100 23031312   0.688  1.151  
23031800 23032012   3.025  1.600  
23032500 23032712   0.670  0.546  
23040100 23040312   1.921  1.932  
23040800 23041012   2.840  4.204  
23041500 23041712   3.549  3.297  
23042200 23042412   0.839  0.745  
23042900 23050112   1.707  1.670  
23050600 23050812   1.012  0.758  
23051300 23051512   5.373  3.486  
23052000 23052212   2.013  3.005  
23052700 23052912   0.482  2.732  
23060300 23060512   1.990  2.212  
23061000 23061212   0.965  1.575  
23061700 23061912   1.552  1.104  
23062400 23062612   1.750  1.611  
22100100 22100312   3.265  1.397  
