22100100 22100312   4.290  2.205  
22100800 22101012   0.630  1.586  
22101500 22101712   1.496  1.132  
22102200 22102412   2.527  2.221  
22102900 22103112   1.698  1.480  
22111200 22111412   0.841  1.843  
22111900 22112112   1.295  1.303  
22121000 22121212   3.612  2.910  
23010700 23010912   1.091  1.103  
23011400 23011612   3.385  1.978  
23012100 23012312   0.858  2.246  
23012800 23013012   0.915  1.164  
23022500 23022712   0.365  1.312  
23030400 23030612   3.011  2.596  
23031100 23031312   0.363  0.795  
23031800 23032012   4.676  3.065  
23032500 23032712   0.775  0.618  
23040100 23040312   2.302  2.342  
23040800 23041012   1.859  3.070  
23041500 23041712   3.228  2.940  
23042200 23042412   1.134  1.036  
23042900 23050112   1.873  1.865  
23050600 23050812   1.004  0.691  
23051300 23051512   6.963  5.027  
23052000 23052212   2.500  3.967  
23052700 23052912   1.008  3.608  
23060300 23060512   1.631  1.869  
23061000 23061212   1.168  2.019  
23061700 23061912   1.707  1.354  
23062400 23062612   2.024  1.719  
