22100100 22100312   3.387  0.915  
22100800 22101012   2.001  3.585  
22101500 22101712   2.490  2.720  
22102200 22102412   0.738  0.752  
22102900 22103112   1.394  0.864  
22111200 22111412   1.033  0.821  
22111900 22112112   1.582  1.549  
22121000 22121212   3.466  2.877  
23010700 23010912   0.774  0.697  
23011400 23011612   3.195  0.999  
23012100 23012312   0.433  2.998  
23012800 23013012   1.665  2.304  
23022500 23022712   0.717  0.284  
23030400 23030612   3.485  3.261  
23031100 23031312   0.519  0.469  
23031800 23032012   4.947  3.623  
23032500 23032712   1.235  1.078  
23040100 23040312   3.696  3.721  
23040800 23041012   2.561  1.412  
23041500 23041712   1.789  1.896  
23042200 23042412   1.314  0.498  
23042900 23050112   2.884  3.639  
23050600 23050812   0.877  0.620  
23051300 23051512   4.288  2.780  
23052000 23052212   1.034  1.797  
23052700 23052912   1.823  0.409  
23060300 23060512   0.761  1.122  
23061000 23061212   0.496  0.809  
23061700 23061912   2.850  3.204  
23062400 23062612   0.627  1.401  
23070100 23070312   2.384  1.450  
23070800 23071012   3.182  3.119  
23072200 23072412   0.963  1.705  
23072900 23073112   0.598  0.539  
23080500 23080712   0.849  0.810  
23081200 23081412   4.631  1.715  
23081900 23082112   1.511  0.921  
23082600 23082812   1.666  1.423  
23090200 23090412   1.976  0.672  
23090900 23091112   3.007  2.040  
23091600 23091812   1.642  1.813  
23092300 23092512   3.621  3.959  
23093000 23100212   1.563  0.703  
23100700 23100912   4.773  4.762  
23101400 23101612   0.686  1.396  
23102100 23102312   0.368  0.171  
23102800 23103012   3.654  4.476  
23110400 23110612   2.416  2.589  
23111100 23111312   2.029  3.566  
23120200 23120412   0.720  0.810  
23120900 23121112   1.857  1.707  
24010600 24010812   0.678  0.729  
24011300 24011512   12.423  1.719  
