22100100 22100312   1.593  1.717  
22100800 22101012   1.727  1.967  
22101500 22101712   2.096  3.769  
22102200 22102412   1.692  2.027  
22102900 22103112   2.670  2.803  
22111200 22111412   0.264  0.423  
22111900 22112112   1.389  1.837  
22121000 22121212   3.797  6.862  
23010700 23010912   9.520  9.325  
23011400 23011612   7.853  4.914  
23012100 23012312   2.293  1.839  
23012800 23013012   5.033  6.041  
23022500 23022712   3.055  5.091  
23030400 23030612   2.819  4.233  
23031100 23031312   2.938  3.629  
23031800 23032012   1.785  1.189  
23032500 23032712   4.117  4.416  
23040100 23040312   9.057  10.027  
23040800 23041012   1.340  1.513  
23041500 23041712   4.733  4.769  
23042200 23042412   3.916  5.132  
23042900 23050112   6.797  8.722  
23050600 23050812   1.823  2.514  
23051300 23051512   8.103  7.682  
23052000 23052212   4.718  3.849  
23052700 23052912   1.903  2.816  
23060300 23060512   3.218  3.111  
23061000 23061212   4.482  4.023  
23061700 23061912   7.882  9.361  
23062400 23062612   3.882  4.533  
