22100100 22100312   0.054  0.184  
22100800 22101012   0.007  0.013  
22101500 22101712   0.046  0.100  
22102200 22102412   0.086  0.135  
22102900 22103112   0.027  0.027  
22110500 22110712   0.035  0.052  
22111200 22111412   0.007  0.013  
22111900 22112112   0.004  0.015  
22112600 22112812   0.063  0.120  
22120300 22120512   0.114  0.343  
22121000 22121212   0.024  0.036  
22122400 22122612   0.048  0.087  
22123100 23010212   0.195  0.195  
23010700 23010912   0.042  0.063  
23011400 23011612   0.000  0.001  
23012100 23012312   0.022  0.091  
23012800 23013012   0.003  0.004  
23020400 23020612   0.000  0.000  
23021100 23021312   0.000  0.003  
23021800 23022012   0.024  0.095  
23022500 23022712   0.081  0.145  
23030400 23030612   0.052  0.053  
23031100 23031312   0.036  0.051  
23031800 23032012   0.011  0.016  
23032500 23032712   0.035  0.047  
23040100 23040312   0.032  0.081  
23040800 23041012   0.006  0.006  
23041500 23041712   0.039  0.039  
23042200 23042412   0.029  0.030  
23042900 23050112   0.066  0.111  
23050600 23050812   0.032  0.042  
23051300 23051512   0.034  0.051  
23052000 23052212   0.136  0.135  
23052700 23052912   0.020  0.019  
23060300 23060512   0.018  0.019  
23061000 23061212   0.020  0.034  
23061700 23061912   0.228  0.228  
23062400 23062612   0.116  0.215  
23070100 23070312   0.189  0.739  
23070800 23071012   0.023  0.023  
23072200 23072412   0.583  0.709  
23072900 23073112   0.149  0.151  
23080500 23080712   0.031  0.064  
23081200 23081412   0.033  0.056  
23081900 23082112   0.011  0.011  
23082600 23082812   0.027  0.078  
23090200 23090412   0.437  0.433  
23090900 23091112   0.005  0.037  
23091600 23091812   0.022  0.024  
23092300 23092512   0.065  0.095  
23093000 23100212   0.045  0.070  
23100700 23100912   0.032  0.097  
23101400 23101612   0.012  0.030  
23102100 23102312   0.001  0.006  
