22100100 22100312   0.097  0.097  
22100800 22101012   0.097  0.097  
22101500 22101712   0.044  0.044  
22102200 22102412   0.191  0.168  
22102900 22103112   1.951  2.181  
22110500 22110712   0.410  0.415  
22111200 22111412   0.001  0.001  
22111900 22112112   0.029  0.029  
22112600 22112812   1.225  1.248  
22120300 22120512   0.823  1.007  
22121000 22121212   1.593  1.551  
22122400 22122612   0.924  0.633  
22123100 23010212   0.967  0.954  
23010700 23010912   2.037  1.357  
23011400 23011612   1.231  1.019  
23012100 23012312   0.184  0.175  
23012800 23013012   0.002  0.002  
23020400 23020612   0.675  0.909  
23021100 23021312   0.025  0.031  
23021800 23022012   0.011  0.045  
23022500 23022712   1.458  1.441  
23030400 23030612   0.521  0.560  
23031100 23031312   0.853  0.805  
23031800 23032012   0.008  0.008  
23032500 23032712   0.213  0.183  
23040100 23040312   0.161  0.179  
23040800 23041012   0.482  0.476  
23041500 23041712   0.526  0.501  
23042200 23042412   0.077  0.092  
23042900 23050112   0.000  0.000  
23050600 23050812   0.710  0.503  
23051300 23051512   0.130  0.130  
23052000 23052212   0.017  0.011  
23052700 23052912   0.013  0.119  
23060300 23060512   0.001  0.001  
23061000 23061212   0.152  0.171  
23061700 23061912   0.141  0.142  
23062400 23062612   0.040  0.251  
23070100 23070312   0.002  0.016  
23070800 23071012   0.004  0.054  
23072200 23072412   0.035  0.039  
23072900 23073112   0.076  0.052  
23080500 23080712   0.020  0.257  
23081200 23081412   0.055  0.071  
23081900 23082112   0.000  0.000  
23082600 23082812   0.007  0.005  
23090200 23090412   0.097  0.097  
23090900 23091112   0.011  0.011  
23091600 23091812   0.049  0.049  
23092300 23092512   0.180  0.160  
23093000 23100212   0.005  0.003  
23100700 23100912   0.158  0.158  
23101400 23101612   0.205  0.158  
23102100 23102312   0.000  0.000  
23102800 23103012   0.000  0.000  
23110400 23110612   0.701  0.939  
23111100 23111312   3.476  4.406  
23111800 23112012   0.131  0.115  
23112500 23112712   0.004  0.004  
23120200 23120412   0.814  1.394  
23120900 23121112   0.763  0.759  
23123000 24010112   1.098  1.104  
24010600 24010812   2.033  1.970  
24011300 24011512   0.028  0.027  
