22100100 22100312   1.236  2.070  
22100800 22101012   1.288  3.480  
22101500 22101712   1.703  2.394  
22102200 22102412   3.659  3.768  
22102900 22103112   4.357  3.935  
22111200 22111412   1.329  1.963  
22111900 22112112   6.735  1.444  
22121000 22121212   0.596  2.684  
23010700 23010912   0.554  0.360  
23011400 23011612   2.301  2.056  
23012100 23012312   0.893  2.573  
23012800 23013012   5.230  2.419  
23022500 23022712   12.079  3.995  
23030400 23030612   1.725  2.882  
23031100 23031312   0.871  1.374  
23031800 23032012   3.064  1.878  
23032500 23032712   1.308  0.554  
23040100 23040312   2.183  2.070  
23040800 23041012   0.759  1.856  
23041500 23041712   2.689  2.507  
23042200 23042412   0.973  0.655  
23042900 23050112   1.258  1.187  
23050600 23050812   6.744  6.618  
23051300 23051512   7.825  4.937  
23052000 23052212   1.525  6.166  
23052700 23052912   2.358  4.860  
23060300 23060512   4.363  3.254  
23061000 23061212   1.844  3.427  
23061700 23061912   3.048  2.483  
23062400 23062612   1.799  0.545  
23070100 23070312   2.100  0.801  
23070800 23071012   1.869  1.245  
23072200 23072412   3.553  2.097  
23072900 23073112   2.027  1.543  
23080500 23080712   3.343  3.683  
23081200 23081412   1.176  1.032  
23081900 23082112   2.622  3.365  
23082600 23082812   0.788  0.711  
23090200 23090412   2.342  1.081  
23090900 23091112   5.097  3.992  
23091600 23091812   1.026  1.191  
23092300 23092512   2.039  2.667  
23093000 23100212   1.226  0.972  
23100700 23100912   3.785  3.595  
23101400 23101612   0.450  1.080  
23102100 23102312   2.033  1.390  
23102800 23103012   4.734  1.975  
23110400 23110612   0.821  0.990  
23111100 23111312   3.466  3.146  
23120200 23120412   0.957  2.642  
23120900 23121112   4.755  3.206  
24010600 24010812   0.216  1.381  
24011300 24011512   41.724  9.127  
