22100100 22100312   -0.069  0.021  -0.052  0.086  
22100800 22101012   0.156  0.000  0.156  0.000  
22101500 22101712   -0.205  0.000  -0.474  0.000  
22102200 22102412   0.155  0.000  0.155  0.000  
22102900 22103112   0.316  0.000  0.202  0.000  
22110500 22110712   0.170  0.000  0.258  0.000  
22111200 22111412   -0.015  0.020  -0.015  0.020  
22111900 22112112   0.003  0.917  -0.100  0.001  
22112600 22112812   0.018  0.240  0.016  0.303  
22120300 22120512   0.021  0.485  0.030  0.319  
22121000 22121212   0.032  0.289  0.037  0.225  
22122400 22122612   0.208  0.000  0.229  0.000  
22123100 23010212   -0.023  0.444  -0.054  0.073  
23010700 23010912   -0.053  0.001  -0.111  0.000  
23011400 23011612   0.186  0.000  0.220  0.000  
23012100 23012312   0.149  0.000  0.151  0.000  
23012800 23013012   0.019  0.014  0.019  0.014  
23020400 23020612   -0.050  0.000  -0.044  0.000  
23021100 23021312   nan  nan  nan  nan  
23021800 23022012   0.019  0.014  0.019  0.014  
23022500 23022712   0.131  0.000  0.227  0.000  
23030400 23030612   0.156  0.000  0.154  0.000  
23031100 23031312   0.130  0.000  0.090  0.003  
23031800 23032012   0.252  0.000  0.256  0.000  
23032500 23032712   0.438  0.000  0.415  0.000  
23040100 23040312   0.266  0.000  0.379  0.000  
23040800 23041012   0.413  0.000  0.415  0.000  
23041500 23041712   -0.067  0.000  -0.034  0.000  
23042200 23042412   0.209  0.000  0.207  0.000  
23042900 23050112   -0.501  0.000  -0.503  0.000  
23050600 23050812   0.290  0.000  0.144  0.000  
23051300 23051512   -0.375  0.000  0.067  0.099  
23052000 23052212   0.340  0.000  0.328  0.000  
23052700 23052912   0.319  0.000  0.319  0.000  
23060300 23060512   0.028  0.000  0.030  0.000  
23061000 23061212   0.210  0.000  0.311  0.000  
23061700 23061912   0.242  0.000  0.163  0.000  
23062400 23062612   0.166  0.000  0.246  0.000  
23070100 23070312   0.263  0.000  0.262  0.000  
23070800 23071012   -0.134  0.000  -0.169  0.000  
23071500 23071712   -0.188  0.000  -0.133  0.000  
23072200 23072412   -0.066  0.029  -0.067  0.027  
23072900 23073112   nan  nan  nan  nan  
23080500 23080712   -0.153  0.000  -0.153  0.000  
23081200 23081412   nan  nan  nan  nan  
23081900 23082112   -0.326  0.000  -0.325  0.000  
23082600 23082812   0.099  0.001  0.005  0.870  
23090200 23090412   nan  nan  nan  nan  
23090900 23091112   -0.119  0.000  -0.119  0.000  
23091600 23091812   nan  nan  nan  nan  
23092300 23092512   nan  nan  nan  nan  
23093000 23100212   nan  nan  nan  nan  
23100700 23100912   nan  nan  nan  nan  
23101400 23101612   nan  nan  nan  nan  
23102100 23102312   -0.059  0.000  -0.059  0.000  
