22100100 22100312   nan  nan  nan  nan  
22100800 22101012   nan  nan  nan  nan  
22101500 22101712   nan  nan  nan  nan  
22102200 22102412   0.090  0.003  0.089  0.003  
22102900 22103112   0.307  0.000  0.306  0.000  
22110500 22110712   -0.225  0.000  -0.226  0.000  
22111200 22111412   0.009  0.156  0.010  0.098  
22111900 22112112   -0.029  0.335  -0.029  0.335  
22112600 22112812   0.027  0.083  0.027  0.083  
22120300 22120512   -0.156  0.000  -0.157  0.000  
22121000 22121212   0.167  0.000  0.169  0.000  
22122400 22122612   -0.170  0.000  -0.040  0.193  
22123100 23010212   0.136  0.000  0.131  0.000  
23010700 23010912   0.017  0.272  -0.117  0.000  
23011400 23011612   0.137  0.000  0.165  0.000  
23012100 23012312   0.121  0.000  0.086  0.004  
23012800 23013012   nan  nan  nan  nan  
23020400 23020612   0.006  0.452  0.010  0.197  
23021100 23021312   -0.040  0.000  -0.061  0.000  
23021800 23022012   0.041  0.000  0.041  0.000  
23022500 23022712   0.220  0.000  0.214  0.000  
23030400 23030612   -0.123  0.000  -0.124  0.000  
23031100 23031312   0.185  0.000  0.184  0.000  
23031800 23032012   nan  nan  nan  nan  
23032500 23032712   -0.069  0.023  0.021  0.485  
23040100 23040312   0.252  0.000  0.342  0.000  
23040800 23041012   0.083  0.000  0.145  0.000  
23041500 23041712   -0.003  0.684  -0.049  0.000  
23042200 23042412   0.232  0.000  0.258  0.000  
23042900 23050112   nan  nan  nan  nan  
23050600 23050812   -0.068  0.023  0.002  0.947  
23051300 23051512   nan  nan  nan  nan  
23052000 23052212   0.113  0.000  0.116  0.000  
23052700 23052912   nan  nan  nan  nan  
23060300 23060512   nan  nan  nan  nan  
23061000 23061212   0.146  0.000  -0.030  0.315  
23061700 23061912   nan  nan  nan  nan  
23062400 23062612   nan  nan  nan  nan  
23070100 23070312   nan  nan  nan  nan  
23070800 23071012   nan  nan  nan  nan  
23072200 23072412   nan  nan  nan  nan  
23072900 23073112   nan  nan  nan  nan  
23080500 23080712   nan  nan  nan  nan  
23081200 23081412   nan  nan  nan  nan  
23081900 23082112   nan  nan  nan  nan  
23082600 23082812   nan  nan  nan  nan  
23090200 23090412   nan  nan  nan  nan  
23090900 23091112   nan  nan  nan  nan  
23091600 23091812   0.223  0.000  0.221  0.000  
23092300 23092512   0.087  0.000  0.041  0.008  
23093000 23100212   nan  nan  nan  nan  
23100700 23100912   0.052  0.081  0.041  0.174  
23101400 23101612   0.180  0.000  0.098  0.001  
23102100 23102312   nan  nan  nan  nan  
23102800 23103012   nan  nan  nan  nan  
23110400 23110612   0.103  0.001  0.177  0.000  
23111100 23111312   -0.124  0.000  0.124  0.000  
23111800 23112012   0.114  0.000  0.114  0.000  
23112500 23112712   nan  nan  nan  nan  
23120200 23120412   0.233  0.000  0.219  0.000  
23120900 23121112   -0.378  0.000  -0.164  0.000  
23123000 24010112   -0.089  0.003  -0.088  0.003  
