22100100 22100312   0.242  0.000  0.254  0.000  
22100800 22101012   nan  nan  nan  nan  
22101500 22101712   nan  nan  nan  nan  
22102200 22102412   0.098  0.083  0.099  0.079  
22102900 22103112   -0.164  0.003  -0.176  0.002  
22110500 22110712   -0.098  0.084  -0.101  0.074  
22111200 22111412   nan  nan  nan  nan  
22111900 22112112   nan  nan  nan  nan  
22112600 22112812   0.025  0.664  0.177  0.002  
22120300 22120512   0.150  0.008  0.140  0.013  
22121000 22121212   -0.026  0.650  -0.066  0.240  
22122400 22122612   nan  nan  nan  nan  
22123100 23010212   -0.144  0.011  -0.140  0.014  
23010700 23010912   -0.091  0.107  -0.093  0.099  
23011400 23011612   nan  nan  nan  nan  
23012100 23012312   0.008  0.883  -0.053  0.350  
23012800 23013012   0.130  0.000  -0.130  0.000  
23020400 23020612   nan  nan  nan  nan  
23021100 23021312   nan  nan  nan  nan  
23021800 23022012   nan  nan  nan  nan  
23022500 23022712   0.186  0.001  0.271  0.000  
23030400 23030612   -0.037  0.513  0.248  0.000  
23031100 23031312   -0.153  0.007  -0.156  0.006  
23031800 23032012   0.086  0.126  0.091  0.108  
23032500 23032712   0.231  0.000  0.246  0.000  
23040100 23040312   0.200  0.000  0.198  0.000  
23040800 23041012   0.061  0.029  0.067  0.016  
23041500 23041712   0.325  0.000  0.406  0.000  
23042200 23042412   0.124  0.027  0.071  0.206  
23042900 23050112   -0.029  0.044  0.002  0.910  
23050600 23050812   -0.195  0.000  -0.123  0.030  
23051300 23051512   -0.181  0.014  -0.187  0.011  
23052000 23052212   0.281  0.000  0.314  0.000  
23052700 23052912   -0.003  0.962  0.162  0.004  
23060300 23060512   -0.173  0.000  -0.173  0.000  
23061000 23061212   0.114  0.044  0.117  0.038  
23061700 23061912   -0.213  0.000  -0.084  0.136  
23062400 23062612   0.135  0.017  0.136  0.016  
23070100 23070312   0.202  0.000  0.129  0.022  
23070800 23071012   -0.176  0.002  -0.175  0.002  
23072200 23072412   -0.148  0.009  0.025  0.657  
23072900 23073112   -0.301  0.000  -0.403  0.000  
23080500 23080712   0.038  0.504  -0.096  0.091  
23081200 23081412   -0.167  0.003  -0.161  0.004  
23081900 23082112   0.141  0.012  0.148  0.009  
23082600 23082812   nan  nan  nan  nan  
23090200 23090412   0.238  0.000  -0.041  0.470  
23090900 23091112   nan  nan  nan  nan  
23091600 23091812   0.130  0.021  0.113  0.045  
23092300 23092512   -0.130  0.021  -0.137  0.015  
23093000 23100212   nan  nan  nan  nan  
23100700 23100912   nan  nan  nan  nan  
23101400 23101612   nan  nan  nan  nan  
23102100 23102312   nan  nan  nan  nan  
