22100100 22100312   0.188  0.000  0.110  0.000  
22100800 22101012   -0.093  0.002  -0.176  0.000  
22101500 22101712   -0.048  0.000  -0.065  0.000  
22102200 22102412   -0.049  0.101  0.042  0.165  
22102900 22103112   0.032  0.287  -0.029  0.332  
22110500 22110712   -0.270  0.000  -0.221  0.000  
22111200 22111412   nan  nan  nan  nan  
22111900 22112112   0.003  0.933  -0.010  0.740  
22112600 22112812   0.123  0.000  0.058  0.000  
22120300 22120512   -0.022  0.459  -0.042  0.166  
22121000 22121212   -0.072  0.017  0.154  0.000  
22122400 22122612   0.153  0.000  0.246  0.000  
22123100 23010212   -0.106  0.000  -0.100  0.001  
23010700 23010912   0.127  0.000  0.127  0.000  
23011400 23011612   -0.196  0.000  -0.124  0.000  
23012100 23012312   -0.061  0.042  -0.077  0.011  
23012800 23013012   0.261  0.000  0.260  0.000  
23020400 23020612   0.011  0.170  -0.002  0.841  
23021100 23021312   -0.056  0.000  -0.048  0.000  
23021800 23022012   0.036  0.000  0.036  0.000  
23022500 23022712   -0.175  0.000  -0.069  0.022  
23030400 23030612   -0.021  0.478  -0.153  0.000  
23031100 23031312   -0.083  0.006  -0.070  0.021  
23031800 23032012   0.025  0.100  0.003  0.855  
23032500 23032712   0.032  0.287  0.033  0.276  
23040100 23040312   0.015  0.613  -0.097  0.001  
23040800 23041012   0.491  0.000  0.466  0.000  
23041500 23041712   0.014  0.074  0.007  0.337  
23042200 23042412   -0.007  0.826  -0.056  0.064  
23042900 23050112   nan  nan  nan  nan  
23050600 23050812   -0.174  0.000  -0.173  0.000  
23051300 23051512   -0.009  0.826  0.018  0.661  
23052000 23052212   nan  nan  nan  nan  
23052700 23052912   nan  nan  nan  nan  
23060300 23060512   0.021  0.006  0.021  0.007  
23061000 23061212   0.064  0.035  0.032  0.285  
23061700 23061912   0.004  0.883  -0.020  0.503  
23062400 23062612   0.074  0.014  -0.064  0.033  
23070100 23070312   nan  nan  nan  nan  
23070800 23071012   nan  nan  nan  nan  
23072200 23072412   -0.072  0.017  -0.070  0.021  
23072900 23073112   nan  nan  nan  nan  
23080500 23080712   -0.024  0.427  -0.024  0.430  
23081200 23081412   0.519  0.000  0.463  0.000  
23081900 23082112   nan  nan  nan  nan  
23082600 23082812   0.080  0.007  0.080  0.007  
23090200 23090412   -0.230  0.000  -0.256  0.000  
23090900 23091112   0.041  0.008  0.041  0.008  
23091600 23091812   0.172  0.000  0.172  0.000  
23092300 23092512   -0.030  0.054  -0.038  0.015  
23093000 23100212   nan  nan  nan  nan  
23100700 23100912   0.007  0.821  -0.052  0.086  
23101400 23101612   -0.055  0.066  -0.057  0.056  
23102100 23102312   nan  nan  nan  nan  
23102800 23103012   nan  nan  nan  nan  
23110400 23110612   0.025  0.403  0.015  0.616  
23111100 23111312   -0.097  0.001  -0.055  0.070  
23111800 23112012   0.054  0.070  0.078  0.009  
23112500 23112712   0.017  0.266  0.018  0.228  
23120200 23120412   -0.107  0.000  -0.165  0.000  
23120900 23121112   -0.294  0.000  -0.102  0.000  
23123000 24010112   -0.246  0.000  -0.174  0.000  
24010600 24010812   -0.109  0.000  -0.109  0.000  
24011300 24011512   0.178  0.000  0.182  0.000  
