22100100 22100312   -0.122  0.000  -0.047  0.126  
22100800 22101012   -0.008  0.781  0.030  0.318  
22101500 22101712   nan  nan  nan  nan  
22102200 22102412   0.152  0.000  0.172  0.000  
22102900 22103112   0.118  0.000  0.120  0.000  
22110500 22110712   0.242  0.000  0.287  0.000  
22111200 22111412   0.245  0.000  0.220  0.000  
22111900 22112112   -0.101  0.001  -0.079  0.009  
22112600 22112812   -0.047  0.002  -0.138  0.000  
22120300 22120512   nan  nan  nan  nan  
22121000 22121212   -0.077  0.011  -0.052  0.087  
22122400 22122612   0.120  0.000  0.062  0.041  
22123100 23010212   0.113  0.000  0.041  0.174  
23010700 23010912   0.000  0.984  -0.053  0.001  
23011400 23011612   -0.115  0.000  -0.114  0.000  
23012100 23012312   0.182  0.000  0.150  0.000  
23012800 23013012   0.031  0.000  0.052  0.000  
23020400 23020612   0.017  0.034  0.033  0.000  
23021100 23021312   0.047  0.000  0.041  0.000  
23021800 23022012   0.011  0.146  0.007  0.376  
23022500 23022712   0.030  0.331  0.032  0.299  
23030400 23030612   0.149  0.000  0.174  0.000  
23031100 23031312   0.048  0.118  0.019  0.538  
23031800 23032012   nan  nan  nan  nan  
23032500 23032712   0.132  0.000  -0.012  0.701  
23040100 23040312   0.129  0.000  0.133  0.000  
23040800 23041012   0.106  0.000  0.162  0.000  
23041500 23041712   -0.018  0.020  -0.018  0.019  
23042200 23042412   0.137  0.000  0.054  0.074  
23042900 23050112   nan  nan  nan  nan  
23050600 23050812   -0.142  0.000  -0.140  0.000  
23051300 23051512   -0.127  0.013  -0.127  0.013  
23052000 23052212   -0.139  0.000  -0.138  0.000  
23052700 23052912   -0.084  0.006  -0.084  0.005  
23060300 23060512   -0.022  0.005  -0.033  0.000  
23061000 23061212   0.105  0.001  0.105  0.001  
23061700 23061912   -0.086  0.005  0.002  0.958  
23062400 23062612   -0.047  0.121  0.053  0.083  
23070100 23070312   0.005  0.877  0.009  0.765  
23070800 23071012   0.075  0.013  0.075  0.013  
23072200 23072412   -0.155  0.000  -0.075  0.014  
23072900 23073112   0.344  0.000  0.346  0.000  
23080500 23080712   0.003  0.909  -0.047  0.123  
23081200 23081412   -0.081  0.007  -0.079  0.008  
23081900 23082112   -0.031  0.310  -0.031  0.312  
23082600 23082812   nan  nan  nan  nan  
23090200 23090412   0.085  0.005  0.114  0.000  
23090900 23091112   nan  nan  nan  nan  
23091600 23091812   -0.037  0.229  -0.056  0.064  
23092300 23092512   -0.061  0.000  -0.012  0.438  
23093000 23100212   -0.177  0.000  -0.176  0.000  
23100700 23100912   nan  nan  nan  nan  
23101400 23101612   0.436  0.000  0.457  0.000  
23102100 23102312   -0.060  0.000  -0.066  0.000  
23102800 23103012   nan  nan  nan  nan  
23110400 23110612   -0.059  0.051  -0.050  0.102  
23111100 23111312   -0.023  0.444  0.025  0.402  
23111800 23112012   -0.196  0.000  -0.226  0.000  
23112500 23112712   0.388  0.000  0.371  0.000  
23120200 23120412   0.141  0.000  0.072  0.018  
23120900 23121112   0.040  0.009  0.171  0.000  
23123000 24010112   -0.005  0.865  0.383  0.000  
24010600 24010812   -0.118  0.000  -0.118  0.000  
24011300 24011512   0.012  0.691  -0.050  0.103  
