22100100 22100312   nan  nan  nan  nan  
22100800 22101012   nan  nan  nan  nan  
22101500 22101712   nan  nan  nan  nan  
22102200 22102412   0.282  0.000  0.190  0.000  
22102900 22103112   -0.012  0.697  0.112  0.000  
22110500 22110712   -0.039  0.205  -0.010  0.751  
22111200 22111412   nan  nan  nan  nan  
22111900 22112112   nan  nan  nan  nan  
22112600 22112812   -0.132  0.000  -0.132  0.000  
22120300 22120512   nan  nan  nan  nan  
22121000 22121212   0.150  0.000  0.194  0.000  
22122400 22122612   0.111  0.000  0.085  0.005  
22123100 23010212   -0.050  0.101  -0.051  0.091  
23010700 23010912   -0.006  0.692  0.006  0.701  
23011400 23011612   0.101  0.001  0.026  0.393  
23012100 23012312   -0.029  0.334  0.019  0.525  
23012800 23013012   0.021  0.008  -0.003  0.712  
23020400 23020612   -0.010  0.190  -0.023  0.003  
23021100 23021312   -0.013  0.084  -0.013  0.084  
23021800 23022012   nan  nan  nan  nan  
23022500 23022712   -0.109  0.000  0.158  0.000  
23030400 23030612   0.073  0.016  0.072  0.017  
23031100 23031312   -0.152  0.000  -0.153  0.000  
23031800 23032012   nan  nan  nan  nan  
23032500 23032712   0.074  0.015  0.074  0.015  
23040100 23040312   0.111  0.000  0.146  0.000  
23040800 23041012   0.099  0.000  0.072  0.000  
23041500 23041712   -0.013  0.085  0.014  0.083  
23042200 23042412   -0.138  0.000  -0.138  0.000  
23042900 23050112   nan  nan  nan  nan  
23050600 23050812   0.016  0.604  -0.053  0.080  
23051300 23051512   nan  nan  nan  nan  
23052000 23052212   -0.094  0.002  -0.116  0.000  
23052700 23052912   0.072  0.018  0.073  0.016  
23060300 23060512   -0.054  0.000  -0.055  0.000  
23061000 23061212   -0.103  0.001  -0.102  0.001  
23061700 23061912   -0.122  0.000  -0.122  0.000  
23062400 23062612   nan  nan  nan  nan  
23070100 23070312   nan  nan  nan  nan  
23070800 23071012   -0.047  0.119  0.053  0.083  
23072200 23072412   nan  nan  nan  nan  
23072900 23073112   0.028  0.844  -0.186  0.187  
23080500 23080712   0.010  0.755  0.013  0.663  
23081200 23081412   nan  nan  nan  nan  
23081900 23082112   nan  nan  nan  nan  
23082600 23082812   nan  nan  nan  nan  
23090200 23090412   nan  nan  nan  nan  
23090900 23091112   -0.030  0.053  -0.030  0.052  
23091600 23091812   nan  nan  nan  nan  
23092300 23092512   -0.023  0.138  0.010  0.506  
23093000 23100212   nan  nan  nan  nan  
23100700 23100912   nan  nan  nan  nan  
23101400 23101612   -0.105  0.001  -0.121  0.000  
23102100 23102312   -0.040  0.010  -0.018  0.246  
23102800 23103012   nan  nan  nan  nan  
23110400 23110612   0.188  0.000  0.188  0.000  
23111100 23111312   0.170  0.000  0.171  0.000  
23111800 23112012   -0.069  0.022  -0.069  0.022  
23112500 23112712   nan  nan  nan  nan  
23120200 23120412   0.183  0.000  0.188  0.000  
23120900 23121112   0.042  0.006  0.102  0.000  
23123000 24010112   0.025  0.414  0.024  0.437  
24010600 24010812   -0.123  0.000  -0.124  0.000  
24011300 24011512   -0.022  0.475  -0.022  0.478  
