22100100 22100312   0.256  0.000  0.164  0.000  
22100800 22101012   -0.066  0.028  -0.082  0.006  
22101500 22101712   0.610  0.000  0.632  0.000  
22102200 22102412   -0.239  0.000  -0.238  0.000  
22102900 22103112   -0.006  0.837  -0.066  0.028  
22111200 22111412   -0.174  0.000  -0.315  0.000  
22111900 22112112   0.409  0.000  0.408  0.000  
22121000 22121212   -0.045  0.135  -0.037  0.215  
23010700 23010912   -0.045  0.004  -0.075  0.000  
23011400 23011612   0.111  0.365  0.360  0.003  
23012100 23012312   0.050  0.096  0.056  0.063  
23012800 23013012   -0.193  0.000  -0.187  0.000  
23022500 23022712   0.665  0.000  0.666  0.000  
23030400 23030612   -0.212  0.000  -0.228  0.000  
23031100 23031312   -0.178  0.000  -0.172  0.000  
23031800 23032012   -0.450  0.000  0.032  0.275  
23032500 23032712   -0.296  0.000  -0.282  0.000  
23040100 23040312   0.170  0.000  0.179  0.000  
23040800 23041012   0.103  0.001  0.049  0.105  
23041500 23041712   0.084  0.000  0.108  0.000  
23042200 23042412   0.475  0.000  0.489  0.000  
23042900 23050112   -0.022  0.437  0.078  0.007  
23050600 23050812   0.310  0.000  0.281  0.000  
23051300 23051512   -0.057  0.277  0.326  0.000  
23052000 23052212   -0.718  0.000  0.070  0.006  
23052700 23052912   0.097  0.001  0.015  0.613  
23060300 23060512   0.088  0.003  0.094  0.002  
23061000 23061212   -0.119  0.000  -0.126  0.000  
23061700 23061912   0.068  0.024  0.059  0.049  
23062400 23062612   -0.015  0.060  -0.021  0.007  
23070100 23070312   0.096  0.001  0.162  0.000  
23070800 23071012   0.073  0.015  0.094  0.002  
23072200 23072412   0.137  0.000  0.225  0.000  
23072900 23073112   0.061  0.044  0.113  0.000  
23080500 23080712   -0.134  0.000  -0.081  0.007  
23081200 23081412   -0.060  0.046  -0.044  0.140  
23081900 23082112   0.225  0.000  0.105  0.000  
23082600 23082812   0.330  0.000  0.320  0.000  
23090200 23090412   -0.148  0.000  -0.227  0.000  
23090900 23091112   0.695  0.000  0.491  0.000  
23091600 23091812   -0.007  0.818  -0.039  0.177  
23092300 23092512   -0.007  0.652  -0.001  0.932  
23093000 23100212   0.326  0.000  0.325  0.000  
23100700 23100912   -0.313  0.000  -0.301  0.000  
23101400 23101612   0.288  0.000  0.244  0.000  
23102100 23102312   -0.017  0.274  -0.030  0.054  
23102800 23103012   0.226  0.000  0.226  0.000  
23110400 23110612   -0.033  0.000  0.052  0.000  
23111100 23111312   0.810  0.015  0.738  0.037  
24010600 24010812   0.029  0.058  0.032  0.035  
24011300 24011512   -0.018  0.000  -0.018  0.000  
