22100100 22100312   nan  nan  nan  nan  
22100800 22101012   nan  nan  nan  nan  
22101500 22101712   nan  nan  nan  nan  
22102200 22102412   0.062  0.039  0.070  0.020  
22102900 22103112   0.178  0.000  0.157  0.000  
22110500 22110712   -0.160  0.000  -0.161  0.000  
22111200 22111412   -0.277  0.000  -0.280  0.000  
22111900 22112112   0.116  0.000  0.113  0.000  
22112600 22112812   -0.072  0.000  -0.109  0.000  
22120300 22120512   nan  nan  nan  nan  
22121000 22121212   0.317  0.000  0.324  0.000  
22122400 22122612   -0.039  0.200  0.004  0.886  
22123100 23010212   -0.210  0.000  -0.223  0.000  
23010700 23010912   -0.005  0.752  -0.005  0.764  
23011400 23011612   0.064  0.034  0.096  0.001  
23012100 23012312   0.040  0.183  0.234  0.000  
23012800 23013012   -0.319  0.000  -0.426  0.000  
23020400 23020612   -0.004  0.587  -0.005  0.532  
23021100 23021312   -0.111  0.000  -0.110  0.000  
23021800 23022012   0.050  0.000  0.060  0.000  
23022500 23022712   0.217  0.000  0.310  0.000  
23030400 23030612   0.237  0.000  0.221  0.000  
23031100 23031312   0.225  0.000  0.241  0.000  
23031800 23032012   nan  nan  nan  nan  
23032500 23032712   0.188  0.000  -0.087  0.004  
23040100 23040312   0.230  0.000  0.301  0.000  
23040800 23041012   0.212  0.000  0.054  0.000  
23041500 23041712   -0.012  0.119  0.007  0.349  
23042200 23042412   0.169  0.000  0.121  0.000  
23042900 23050112   -0.014  0.057  -0.014  0.065  
23050600 23050812   -0.151  0.000  -0.153  0.000  
23051300 23051512   nan  nan  nan  nan  
23052000 23052212   0.112  0.000  0.113  0.000  
23052700 23052912   nan  nan  nan  nan  
23060300 23060512   0.012  0.112  0.013  0.092  
23061000 23061212   -0.002  0.948  -0.166  0.000  
23061700 23061912   -0.194  0.000  -0.194  0.000  
23062400 23062612   -0.003  0.925  -0.032  0.294  
23070100 23070312   nan  nan  nan  nan  
23070800 23071012   0.075  0.012  0.074  0.014  
23072200 23072412   -0.052  0.082  -0.054  0.071  
23072900 23073112   nan  nan  nan  nan  
23080500 23080712   nan  nan  nan  nan  
23081200 23081412   nan  nan  nan  nan  
23081900 23082112   nan  nan  nan  nan  
23082600 23082812   -0.136  0.000  -0.141  0.000  
23090200 23090412   0.139  0.000  0.140  0.000  
23090900 23091112   nan  nan  nan  nan  
23091600 23091812   0.287  0.000  0.288  0.000  
23092300 23092512   0.006  0.700  0.020  0.183  
23093000 23100212   -0.068  0.023  -0.068  0.023  
23100700 23100912   -0.024  0.435  0.003  0.919  
23101400 23101612   0.187  0.000  0.162  0.000  
23102100 23102312   -0.758  0.000  -0.758  0.000  
23102800 23103012   nan  nan  nan  nan  
23110400 23110612   -0.009  0.756  -0.003  0.922  
23111100 23111312   -0.145  0.000  -0.252  0.000  
23111800 23112012   0.159  0.000  0.162  0.000  
23112500 23112712   0.056  0.000  0.279  0.000  
23120200 23120412   0.150  0.000  -0.105  0.000  
23120900 23121112   -0.367  0.000  0.054  0.000  
23123000 24010112   -0.132  0.000  -0.253  0.000  
24010600 24010812   0.000  0.979  0.006  0.704  
24011300 24011512   -0.062  0.040  -0.049  0.106  
