23032500 23032712   -0.031  0.311  0.052  0.086  
23040100 23040312   0.127  0.000  0.101  0.001  
23040800 23041012   0.181  0.000  0.168  0.000  
23041500 23041712   0.097  0.000  0.091  0.000  
23042200 23042412   0.305  0.000  0.141  0.000  
23042900 23050112   0.370  0.000  0.370  0.000  
23050600 23050812   -0.241  0.000  -0.136  0.000  
23051300 23051512   -0.376  0.000  -0.326  0.000  
23052000 23052212   0.461  0.000  0.539  0.000  
23052700 23052912   0.101  0.001  0.099  0.001  
23060300 23060512   0.010  0.748  -0.003  0.926  
23061000 23061212   0.203  0.000  0.264  0.000  
23061700 23061912   -0.064  0.035  -0.032  0.296  
23062400 23062612   0.023  0.003  0.028  0.000  
23070100 23070312   -0.063  0.039  -0.023  0.448  
23070800 23071012   -0.140  0.000  -0.156  0.000  
23072200 23072412   -0.053  0.079  -0.045  0.136  
23072900 23073112   0.142  0.000  0.193  0.000  
23080500 23080712   0.284  0.000  0.222  0.000  
23081200 23081412   -0.068  0.025  -0.112  0.000  
23081900 23082112   0.125  0.000  0.071  0.020  
23082600 23082812   -0.070  0.021  -0.070  0.020  
23090200 23090412   -0.076  0.013  -0.012  0.702  
23090900 23091112   -0.023  0.145  0.092  0.000  
23091600 23091812   0.056  0.057  0.013  0.671  
23092300 23092512   -0.058  0.000  -0.062  0.000  
23093000 23100212   -0.229  0.000  -0.272  0.000  
23100700 23100912   -0.040  0.187  -0.044  0.146  
23101400 23101612   0.038  0.210  0.039  0.201  
23102100 23102312   0.070  0.000  0.039  0.012  
23102800 23103012   -0.010  0.522  -0.007  0.639  
23110400 23110612   -0.058  0.000  -0.386  0.000  
23111100 23111312   0.099  0.001  0.059  0.052  
23120200 23120412   -0.107  0.000  -0.196  0.000  
23120900 23121112   -0.436  0.000  -0.320  0.000  
24010600 24010812   -0.004  0.791  0.015  0.323  
24011300 24011512   -0.003  0.000  -0.005  0.000  
