22100100 22100312   0.213  0.000  0.269  0.000  
22100800 22101012   0.281  0.000  0.235  0.000  
22101500 22101712   0.508  0.000  -0.091  0.000  
22102200 22102412   0.359  0.000  0.365  0.000  
22102900 22103112   0.324  0.000  0.331  0.000  
22111200 22111412   0.108  0.000  -0.020  0.000  
22111900 22112112   -0.297  0.000  -0.345  0.000  
22121000 22121212   -0.011  0.708  0.094  0.002  
23010700 23010912   -0.268  0.000  -0.270  0.000  
23011400 23011612   -0.321  0.008  -0.243  0.046  
23012100 23012312   0.102  0.001  0.044  0.141  
23012800 23013012   -0.112  0.000  -0.284  0.000  
23022500 23022712   0.080  0.000  -0.059  0.000  
23030400 23030612   -0.264  0.000  -0.308  0.000  
23031100 23031312   0.241  0.000  0.157  0.000  
23031800 23032012   -0.204  0.000  -0.073  0.013  
23032500 23032712   -0.088  0.003  -0.060  0.039  
23040100 23040312   0.190  0.000  0.141  0.000  
23040800 23041012   0.166  0.000  0.163  0.000  
23041500 23041712   -0.063  0.000  -0.055  0.000  
23042200 23042412   0.238  0.000  0.222  0.000  
23042900 23050112   -0.498  0.000  -0.524  0.000  
23050600 23050812   0.283  0.000  0.317  0.000  
23051300 23051512   -0.424  0.000  -0.354  0.000  
23052000 23052212   -0.152  0.000  -0.156  0.000  
23052700 23052912   0.159  0.000  0.151  0.000  
23060300 23060512   0.311  0.000  0.314  0.000  
23061000 23061212   -0.259  0.000  -0.155  0.000  
23061700 23061912   0.228  0.000  0.149  0.000  
23062400 23062612   0.697  0.000  0.743  0.000  
22100100 22100312   0.213  0.000  0.269  0.000  
