22100100 22100312   -0.064  0.033  -0.063  0.035  
22100800 22101012   0.156  0.000  0.158  0.000  
22101500 22101712   -0.480  0.000  -0.496  0.000  
22102200 22102412   0.173  0.000  0.173  0.000  
22102900 22103112   0.325  0.000  0.310  0.000  
22111200 22111412   0.009  0.000  0.009  0.000  
22111900 22112112   -0.111  0.000  -0.112  0.000  
22121000 22121212   0.071  0.018  0.016  0.586  
23010700 23010912   -0.132  0.000  -0.154  0.000  
23011400 23011612   -0.261  0.031  0.404  0.001  
23012100 23012312   0.256  0.000  0.256  0.000  
23012800 23013012   0.073  0.015  0.073  0.015  
23022500 23022712   0.082  0.000  0.148  0.000  
23030400 23030612   0.154  0.000  0.156  0.000  
23031100 23031312   0.170  0.000  0.132  0.000  
23031800 23032012   0.405  0.000  0.448  0.000  
23032500 23032712   0.190  0.000  0.023  0.430  
23040100 23040312   0.342  0.000  0.414  0.000  
23040800 23041012   0.229  0.000  0.267  0.000  
23041500 23041712   -0.164  0.000  -0.154  0.000  
23042200 23042412   0.024  0.001  0.305  0.000  
23042900 23050112   -0.473  0.000  -0.497  0.000  
23050600 23050812   0.104  0.001  -0.072  0.017  
23051300 23051512   -0.197  0.000  -0.237  0.000  
23052000 23052212   0.729  0.000  0.735  0.000  
23052700 23052912   0.294  0.000  0.309  0.000  
23060300 23060512   -0.105  0.000  0.034  0.264  
23061000 23061212   0.243  0.000  0.123  0.000  
23061700 23061912   0.012  0.683  -0.257  0.000  
23062400 23062612   -0.009  0.241  -0.009  0.242  
23070100 23070312   0.092  0.002  -0.050  0.094  
23070800 23071012   -0.224  0.000  -0.233  0.000  
23072200 23072412   0.144  0.000  0.143  0.000  
23072900 23073112   nan  nan  nan  nan  
23080500 23080712   -0.152  0.000  -0.149  0.000  
23081200 23081412   nan  nan  nan  nan  
23081900 23082112   -0.243  0.000  -0.241  0.000  
23082600 23082812   -0.007  0.823  0.042  0.162  
23090200 23090412   nan  nan  nan  nan  
23090900 23091112   -0.007  0.662  -0.088  0.000  
23091600 23091812   nan  nan  nan  nan  
23092300 23092512   nan  nan  nan  nan  
23093000 23100212   nan  nan  nan  nan  
23100700 23100912   nan  nan  nan  nan  
23101400 23101612   nan  nan  nan  nan  
23102100 23102312   -0.060  0.000  -0.050  0.001  
