22100100 22100312   nan  nan  nan  nan  
22100800 22101012   nan  nan  nan  nan  
22101500 22101712   nan  nan  nan  nan  
22102200 22102412   0.145  0.000  0.154  0.000  
22102900 22103112   nan  nan  nan  nan  
22110500 22110712   -0.109  0.000  -0.086  0.005  
22111200 22111412   nan  nan  nan  nan  
22111900 22112112   0.058  0.055  0.029  0.338  
22112600 22112812   nan  nan  nan  nan  
22120300 22120512   nan  nan  nan  nan  
22121000 22121212   0.260  0.000  0.241  0.000  
22122400 22122612   0.116  0.000  0.116  0.000  
22123100 23010212   nan  nan  nan  nan  
23010700 23010912   nan  nan  nan  nan  
23011400 23011612   0.183  0.000  0.417  0.000  
23012100 23012312   0.052  0.086  0.049  0.105  
23012800 23013012   0.195  0.000  0.197  0.000  
23020400 23020612   nan  nan  nan  nan  
23021100 23021312   -0.018  0.022  -0.019  0.015  
23021800 23022012   0.034  0.000  -0.014  0.069  
23022500 23022712   0.537  0.000  0.532  0.000  
23030400 23030612   -0.158  0.000  -0.095  0.002  
23031100 23031312   nan  nan  nan  nan  
23031800 23032012   nan  nan  nan  nan  
23032500 23032712   0.165  0.000  0.163  0.000  
23040100 23040312   -0.051  0.097  -0.049  0.107  
23040800 23041012   0.043  0.003  0.043  0.003  
23041500 23041712   nan  nan  nan  nan  
23042200 23042412   nan  nan  nan  nan  
23042900 23050112   nan  nan  nan  nan  
23050600 23050812   0.305  0.000  0.318  0.000  
23051300 23051512   nan  nan  nan  nan  
23052000 23052212   -0.157  0.000  -0.003  0.909  
23052700 23052912   nan  nan  nan  nan  
23060300 23060512   -0.119  0.000  -0.118  0.000  
23061000 23061212   -0.347  0.000  -0.370  0.000  
23061700 23061912   0.023  0.451  0.354  0.000  
23062400 23062612   -0.105  0.000  -0.106  0.000  
23070100 23070312   nan  nan  nan  nan  
23070800 23071012   0.052  0.084  0.053  0.080  
23072200 23072412   -0.048  0.112  0.049  0.101  
23072900 23073112   0.002  0.954  -0.066  0.028  
23080500 23080712   -0.072  0.016  -0.072  0.017  
23081200 23081412   nan  nan  nan  nan  
23081900 23082112   nan  nan  nan  nan  
23082600 23082812   nan  nan  nan  nan  
23090200 23090412   0.116  0.000  0.129  0.000  
23090900 23091112   nan  nan  nan  nan  
23091600 23091812   0.120  0.000  0.121  0.000  
23092300 23092512   nan  nan  nan  nan  
23093000 23100212   nan  nan  nan  nan  
23100700 23100912   nan  nan  nan  nan  
23101400 23101612   nan  nan  nan  nan  
23102100 23102312   nan  nan  nan  nan  
23102800 23103012   nan  nan  nan  nan  
23110400 23110612   0.050  0.098  0.050  0.099  
23111100 23111312   0.208  0.000  0.131  0.000  
23111800 23112012   nan  nan  nan  nan  
23112500 23112712   nan  nan  nan  nan  
23120200 23120412   nan  nan  nan  nan  
23120900 23121112   nan  nan  nan  nan  
23123000 24010112   nan  nan  nan  nan  
24010600 24010812   -0.052  0.001  -0.052  0.001  
24011300 24011512   nan  nan  nan  nan  
