22100100 22100312   0.305  0.129  0.403  0.041  
22100800 22101012   0.379  0.042  0.293  0.123  
22101500 22101712   -0.189  0.000  -0.049  0.000  
22102200 22102412   -0.122  0.553  0.056  0.787  
22102900 22103112   0.572  0.002  0.584  0.002  
22111200 22111412   -0.681  0.000  -0.550  0.000  
22111900 22112112   0.107  0.604  -0.151  0.461  
22121000 22121212   0.252  0.214  0.126  0.541  
23010700 23010912   -0.396  0.014  -0.223  0.179  
23012100 23012312   0.213  0.000  -0.022  0.002  
23012800 23013012   -0.389  0.049  -0.213  0.296  
23022500 23022712   0.511  0.001  0.466  0.003  
23030400 23030612   0.156  0.446  -0.183  0.372  
23031100 23031312   0.430  0.029  0.376  0.059  
23031800 23032012   -0.059  0.725  -0.093  0.577  
23032500 23032712   0.692  0.000  0.776  0.000  
23040100 23040312   0.128  0.650  0.209  0.455  
23040800 23041012   -0.203  0.319  -0.147  0.475  
23041500 23041712   -0.350  0.000  -0.394  0.000  
23042200 23042412   0.526  0.000  0.377  0.000  
23042900 23050112   0.152  0.264  0.330  0.013  
23050600 23050812   0.560  0.003  0.614  0.001  
23051300 23051512   0.889  0.000  0.842  0.000  
23052000 23052212   0.708  0.000  0.704  0.000  
23052700 23052912   0.840  0.000  0.891  0.000  
23060300 23060512   0.412  0.037  0.485  0.012  
23061000 23061212   0.776  0.000  0.870  0.000  
23061700 23061912   0.670  0.000  0.650  0.000  
23062400 23062612   0.684  0.000  0.723  0.000  
23070100 23070312   0.764  0.000  0.770  0.000  
23070800 23071012   0.485  0.012  0.440  0.025  
23072200 23072412   0.491  0.011  0.499  0.009  
23072900 23073112   0.228  0.263  0.258  0.203  
23080500 23080712   0.636  0.000  0.625  0.001  
23081200 23081412   0.892  0.000  0.945  0.000  
23081900 23082112   0.426  0.011  0.507  0.002  
23082600 23082812   0.146  0.401  0.069  0.693  
23090200 23090412   0.403  0.041  0.683  0.000  
23090900 23091112   0.694  0.001  0.738  0.000  
23091600 23091812   0.085  0.503  0.229  0.066  
23092300 23092512   0.012  0.945  0.189  0.255  
23093000 23100212   0.473  0.015  0.495  0.010  
23100700 23100912   -0.077  0.710  0.022  0.914  
23101400 23101612   0.698  0.000  0.727  0.000  
23102100 23102312   0.186  0.363  0.188  0.359  
23102800 23103012   0.010  0.953  -0.218  0.189  
23110400 23110612   0.208  0.000  -0.122  0.000  
23111100 23111312   0.312  0.120  0.188  0.356  
23120200 23120412   0.038  0.844  0.298  0.116  
23120900 23121112   -0.689  0.000  -0.475  0.000  
24010600 24010812   -0.088  0.600  -0.195  0.240  
24011300 24011512   0.267  0.000  0.354  0.000  
