22100100 22100312   -0.247  0.000  -0.251  0.000  
22100800 22101012   0.170  0.000  0.102  0.001  
22101500 22101712   0.500  0.000  0.397  0.000  
22102200 22102412   0.058  0.052  0.065  0.030  
22102900 22103112   0.169  0.000  0.171  0.000  
22111200 22111412   -0.154  0.000  0.013  0.001  
22111900 22112112   -0.158  0.000  -0.151  0.000  
22121000 22121212   0.163  0.000  0.174  0.000  
23010700 23010912   -0.082  0.000  -0.082  0.000  
23011400 23011612   -0.160  0.192  -0.018  0.883  
23012100 23012312   nan  nan  nan  nan  
23012800 23013012   -0.120  0.000  -0.141  0.000  
23022500 23022712   nan  nan  nan  nan  
23030400 23030612   0.318  0.000  0.356  0.000  
23031100 23031312   -0.095  0.002  -0.072  0.016  
23031800 23032012   0.140  0.000  0.149  0.000  
23032500 23032712   -0.138  0.000  -0.195  0.000  
23040100 23040312   -0.143  0.000  -0.143  0.000  
23040800 23041012   nan  nan  nan  nan  
23041500 23041712   0.184  0.000  0.162  0.000  
23042200 23042412   0.129  0.000  0.107  0.000  
23042900 23050112   -0.536  0.000  -0.539  0.000  
23050600 23050812   -0.074  0.015  0.061  0.044  
23051300 23051512   -0.066  0.209  -0.030  0.571  
23052000 23052212   -0.372  0.000  -0.522  0.000  
23052700 23052912   -0.120  0.000  -0.135  0.000  
23060300 23060512   -0.102  0.001  0.022  0.465  
23061000 23061212   -0.183  0.000  -0.214  0.000  
23061700 23061912   -0.239  0.000  -0.352  0.000  
23062400 23062612   0.000  0.970  -0.020  0.010  
23070100 23070312   -0.030  0.320  -0.091  0.002  
23070800 23071012   0.053  0.078  0.090  0.003  
23072200 23072412   0.110  0.000  0.079  0.009  
23072900 23073112   0.085  0.005  0.098  0.001  
23080500 23080712   nan  nan  nan  nan  
23081200 23081412   -0.047  0.122  -0.048  0.108  
23081900 23082112   0.344  0.000  0.346  0.000  
23082600 23082812   -0.330  0.000  -0.262  0.000  
23090200 23090412   -0.177  0.000  -0.175  0.000  
23090900 23091112   -0.048  0.002  -0.048  0.002  
23091600 23091812   0.211  0.000  0.183  0.000  
23092300 23092512   0.208  0.000  0.197  0.000  
23093000 23100212   0.045  0.136  0.075  0.013  
23100700 23100912   0.265  0.000  0.267  0.000  
23101400 23101612   0.013  0.670  -0.178  0.000  
23102100 23102312   -0.206  0.000  -0.116  0.000  
23102800 23103012   0.180  0.000  0.180  0.000  
23110400 23110612   -0.237  0.000  -0.175  0.000  
23111100 23111312   -0.006  0.835  -0.046  0.125  
23120200 23120412   0.239  0.000  0.258  0.000  
23120900 23121112   -0.630  0.000  -0.616  0.000  
