22100100 22100312   nan  nan  nan  nan  
22100800 22101012   nan  nan  nan  nan  
22101500 22101712   nan  nan  nan  nan  
22102200 22102412   nan  nan  nan  nan  
22102900 22103112   nan  nan  nan  nan  
22111200 22111412   nan  nan  nan  nan  
22111900 22112112   nan  nan  nan  nan  
22121000 22121212   nan  nan  nan  nan  
23010700 23010912   -0.082  0.000  -0.082  0.000  
23011400 23011612   nan  nan  nan  nan  
23012100 23012312   nan  nan  nan  nan  
23012800 23013012   nan  nan  nan  nan  
23022500 23022712   nan  nan  nan  nan  
23030400 23030612   nan  nan  nan  nan  
23031100 23031312   nan  nan  nan  nan  
23031800 23032012   nan  nan  nan  nan  
23032500 23032712   nan  nan  nan  nan  
23040100 23040312   nan  nan  nan  nan  
23040800 23041012   nan  nan  nan  nan  
23041500 23041712   nan  nan  nan  nan  
23042200 23042412   nan  nan  nan  nan  
23042900 23050112   nan  nan  nan  nan  
23050600 23050812   nan  nan  nan  nan  
23051300 23051512   -0.405  0.000  -0.409  0.000  
23052000 23052212   0.185  0.000  0.352  0.000  
23052700 23052912   0.044  0.143  0.071  0.018  
23060300 23060512   0.109  0.000  0.231  0.000  
23061000 23061212   -0.237  0.000  -0.201  0.000  
23061700 23061912   -0.238  0.000  -0.343  0.000  
23062400 23062612   0.020  0.012  0.031  0.000  
23070100 23070312   -0.178  0.000  -0.347  0.000  
23070800 23071012   -0.177  0.000  -0.184  0.000  
23072200 23072412   0.153  0.000  0.174  0.000  
23072900 23073112   -0.231  0.000  -0.146  0.000  
23080500 23080712   0.237  0.000  0.262  0.000  
23081200 23081412   0.092  0.002  0.187  0.000  
23081900 23082112   nan  nan  nan  nan  
23082600 23082812   nan  nan  nan  nan  
23090200 23090412   nan  nan  nan  nan  
23090900 23091112   nan  nan  nan  nan  
23091600 23091812   nan  nan  nan  nan  
23092300 23092512   nan  nan  nan  nan  
23093000 23100212   nan  nan  nan  nan  
23100700 23100912   nan  nan  nan  nan  
23101400 23101612   nan  nan  nan  nan  
23102100 23102312   nan  nan  nan  nan  
23102800 23103012   -0.122  0.000  -0.122  0.000  
23110400 23110612   0.103  0.000  0.115  0.000  
23111100 23111312   -0.031  0.302  -0.023  0.453  
23120200 23120412   0.326  0.000  0.332  0.000  
23120900 23121112   -0.643  0.000  -0.634  0.000  
24010600 24010812   nan  nan  nan  nan  
24011300 24011512   -0.014  0.000  -0.003  0.000  
22100100 22100312   nan  nan  nan  nan  
22100800 22101012   nan  nan  nan  nan  
22101500 22101712   nan  nan  nan  nan  
22102200 22102412   nan  nan  nan  nan  
22102900 22103112   nan  nan  nan  nan  
22111200 22111412   nan  nan  nan  nan  
22111900 22112112   nan  nan  nan  nan  
22121000 22121212   nan  nan  nan  nan  
23010700 23010912   -0.082  0.000  -0.082  0.000  
23011400 23011612   nan  nan  nan  nan  
23012100 23012312   nan  nan  nan  nan  
23012800 23013012   nan  nan  nan  nan  
23022500 23022712   nan  nan  nan  nan  
23030400 23030612   nan  nan  nan  nan  
23031100 23031312   nan  nan  nan  nan  
23031800 23032012   nan  nan  nan  nan  
23032500 23032712   nan  nan  nan  nan  
23040100 23040312   nan  nan  nan  nan  
23040800 23041012   nan  nan  nan  nan  
23041500 23041712   nan  nan  nan  nan  
23042200 23042412   nan  nan  nan  nan  
23042900 23050112   nan  nan  nan  nan  
23050600 23050812   nan  nan  nan  nan  
23051300 23051512   -0.405  0.000  -0.409  0.000  
23052000 23052212   0.185  0.000  0.352  0.000  
23052700 23052912   0.044  0.143  0.071  0.018  
23060300 23060512   0.109  0.000  0.231  0.000  
23061000 23061212   -0.237  0.000  -0.201  0.000  
23061700 23061912   -0.238  0.000  -0.343  0.000  
23062400 23062612   0.020  0.012  0.031  0.000  
23070100 23070312   -0.178  0.000  -0.347  0.000  
23070800 23071012   -0.177  0.000  -0.184  0.000  
23072200 23072412   0.153  0.000  0.174  0.000  
23072900 23073112   -0.231  0.000  -0.146  0.000  
23080500 23080712   0.237  0.000  0.262  0.000  
23081200 23081412   0.092  0.002  0.187  0.000  
23081900 23082112   nan  nan  nan  nan  
23082600 23082812   nan  nan  nan  nan  
23090200 23090412   nan  nan  nan  nan  
23090900 23091112   nan  nan  nan  nan  
23091600 23091812   nan  nan  nan  nan  
23092300 23092512   nan  nan  nan  nan  
23093000 23100212   nan  nan  nan  nan  
23100700 23100912   nan  nan  nan  nan  
23101400 23101612   nan  nan  nan  nan  
23102100 23102312   nan  nan  nan  nan  
23102800 23103012   -0.122  0.000  -0.122  0.000  
23110400 23110612   0.103  0.000  0.115  0.000  
23111100 23111312   -0.031  0.302  -0.023  0.453  
23120200 23120412   0.326  0.000  0.332  0.000  
23120900 23121112   -0.643  0.000  -0.634  0.000  
24010600 24010812   nan  nan  nan  nan  
24011300 24011512   -0.014  0.000  -0.003  0.000  
22100100 22100312   nan  nan  nan  nan  
22100800 22101012   nan  nan  nan  nan  
22101500 22101712   nan  nan  nan  nan  
22102200 22102412   nan  nan  nan  nan  
22102900 22103112   nan  nan  nan  nan  
22111200 22111412   nan  nan  nan  nan  
22111900 22112112   nan  nan  nan  nan  
22121000 22121212   nan  nan  nan  nan  
23010700 23010912   -0.082  0.000  -0.082  0.000  
