22100100 22100312   nan  nan  nan  nan  
22100800 22101012   0.057  0.060  0.056  0.061  
22101500 22101712   nan  nan  nan  nan  
22102200 22102412   0.041  0.170  0.040  0.185  
22102900 22103112   0.062  0.039  0.054  0.075  
22110500 22110712   -0.096  0.001  -0.096  0.001  
22111200 22111412   nan  nan  nan  nan  
22111900 22112112   nan  nan  nan  nan  
22112600 22112812   -0.022  0.156  -0.091  0.000  
22120300 22120512   nan  nan  nan  nan  
22121000 22121212   0.160  0.000  0.161  0.000  
22122400 22122612   0.015  0.621  -0.101  0.001  
22123100 23010212   0.088  0.003  0.089  0.003  
23010700 23010912   -0.240  0.000  -0.231  0.000  
23011400 23011612   0.029  0.343  0.027  0.372  
23012100 23012312   0.136  0.000  0.136  0.000  
23012800 23013012   nan  nan  nan  nan  
23020400 23020612   -0.039  0.000  -0.047  0.000  
23021100 23021312   -0.074  0.000  -0.080  0.000  
23021800 23022012   0.019  0.014  0.013  0.108  
23022500 23022712   -0.024  0.418  0.084  0.005  
23030400 23030612   nan  nan  nan  nan  
23031100 23031312   0.238  0.000  0.233  0.000  
23031800 23032012   nan  nan  nan  nan  
23032500 23032712   -0.048  0.113  -0.048  0.110  
23040100 23040312   0.008  0.797  0.316  0.000  
23040800 23041012   0.113  0.000  -0.005  0.730  
23041500 23041712   0.022  0.005  0.038  0.000  
23042200 23042412   -0.299  0.000  -0.177  0.000  
23042900 23050112   nan  nan  nan  nan  
23050600 23050812   -0.046  0.130  -0.048  0.114  
23051300 23051512   -0.101  0.013  -0.102  0.012  
23052000 23052212   -0.050  0.100  -0.049  0.105  
23052700 23052912   0.038  0.213  0.038  0.204  
23060300 23060512   nan  nan  nan  nan  
23061000 23061212   0.172  0.000  -0.036  0.233  
23061700 23061912   -0.103  0.001  -0.104  0.001  
23062400 23062612   -0.054  0.071  -0.057  0.059  
23070100 23070312   -0.051  0.090  0.000  0.999  
23070800 23071012   nan  nan  nan  nan  
23072200 23072412   0.075  0.013  0.074  0.013  
23072900 23073112   nan  nan  nan  nan  
23080500 23080712   -0.050  0.097  -0.050  0.096  
23081200 23081412   -0.089  0.003  -0.089  0.003  
23081900 23082112   0.052  0.084  -0.023  0.445  
23082600 23082812   -0.100  0.001  -0.102  0.001  
23090200 23090412   0.047  0.122  0.046  0.123  
23090900 23091112   0.032  0.041  0.008  0.616  
23091600 23091812   0.345  0.000  0.343  0.000  
23092300 23092512   0.108  0.000  0.041  0.008  
23093000 23100212   -0.051  0.093  -0.047  0.119  
23100700 23100912   nan  nan  nan  nan  
23101400 23101612   0.150  0.000  0.199  0.000  
23102100 23102312   nan  nan  nan  nan  
23102800 23103012   nan  nan  nan  nan  
23110400 23110612   0.059  0.051  0.023  0.452  
23111100 23111312   -0.078  0.010  -0.109  0.000  
23111800 23112012   0.227  0.000  0.154  0.000  
23112500 23112712   nan  nan  nan  nan  
23120200 23120412   0.212  0.000  0.183  0.000  
23120900 23121112   -0.018  0.216  -0.163  0.000  
23123000 24010112   -0.318  0.000  -0.240  0.000  
24010600 24010812   -0.063  0.000  -0.013  0.384  
24011300 24011512   nan  nan  nan  nan  
