22100100 22100312   0.351  0.000  0.358  0.000  
22100800 22101012   0.176  0.000  0.177  0.000  
22101500 22101712   -0.194  0.000  -0.508  0.000  
22102200 22102412   0.335  0.000  0.362  0.000  
22102900 22103112   -0.140  0.000  0.014  0.650  
22111200 22111412   0.162  0.000  -0.060  0.000  
22111900 22112112   0.277  0.000  0.275  0.000  
22121000 22121212   -0.032  0.283  -0.012  0.701  
23010700 23010912   0.071  0.000  0.060  0.000  
23011400 23011612   -0.580  0.000  -0.237  0.051  
23012100 23012312   -0.035  0.239  -0.093  0.002  
23012800 23013012   -0.153  0.000  -0.243  0.000  
23022500 23022712   0.017  0.282  -0.037  0.016  
23030400 23030612   -0.168  0.000  -0.136  0.000  
23031100 23031312   0.256  0.000  0.222  0.000  
23031800 23032012   -0.030  0.304  0.010  0.726  
23032500 23032712   -0.030  0.311  -0.030  0.302  
23040100 23040312   0.286  0.000  0.287  0.000  
23040800 23041012   0.153  0.000  0.174  0.000  
23041500 23041712   -0.106  0.000  -0.088  0.000  
23042200 23042412   -0.413  0.000  -0.447  0.000  
23042900 23050112   -0.523  0.000  -0.596  0.000  
23050600 23050812   0.247  0.000  0.219  0.000  
23051300 23051512   -0.505  0.000  -0.412  0.000  
23052000 23052212   -0.311  0.000  -0.180  0.000  
23052700 23052912   0.077  0.011  0.040  0.183  
23060300 23060512   0.230  0.000  0.173  0.000  
23061000 23061212   -0.326  0.000  -0.277  0.000  
23061700 23061912   0.068  0.024  -0.088  0.003  
23062400 23062612   0.826  0.000  0.847  0.000  
