22100100 22100312   -0.223  0.000  0.087  0.004  
22100800 22101012   0.257  0.000  0.266  0.000  
22101500 22101712   0.453  0.000  0.541  0.000  
22102200 22102412   0.207  0.000  0.025  0.402  
22102900 22103112   0.241  0.000  0.284  0.000  
22111200 22111412   -0.044  0.000  -0.037  0.000  
22111900 22112112   -0.098  0.001  -0.093  0.002  
22121000 22121212   -0.010  0.735  -0.011  0.707  
23010700 23010912   -0.220  0.000  -0.218  0.000  
23011400 23011612   -0.053  0.668  0.053  0.671  
23012100 23012312   0.133  0.000  0.060  0.046  
23012800 23013012   -0.124  0.000  -0.225  0.000  
23022500 23022712   -0.139  0.000  -0.109  0.000  
23030400 23030612   -0.165  0.000  -0.189  0.000  
23031100 23031312   0.116  0.000  -0.039  0.199  
23031800 23032012   0.316  0.000  0.336  0.000  
23032500 23032712   -0.363  0.000  -0.402  0.000  
23040100 23040312   0.058  0.053  0.115  0.000  
23040800 23041012   0.278  0.000  0.302  0.000  
23041500 23041712   0.139  0.000  0.139  0.000  
23042200 23042412   0.153  0.000  0.122  0.000  
23042900 23050112   0.030  0.296  -0.031  0.279  
23050600 23050812   -0.049  0.106  -0.121  0.000  
23051300 23051512   -0.443  0.000  -0.622  0.000  
23052000 23052212   0.013  0.610  0.133  0.000  
23052700 23052912   -0.128  0.000  -0.142  0.000  
23060300 23060512   -0.065  0.032  -0.106  0.000  
23061000 23061212   -0.102  0.001  -0.043  0.149  
23061700 23061912   -0.062  0.040  -0.291  0.000  
23062400 23062612   0.864  0.000  0.849  0.000  
