22100100 22100312   nan  nan  nan  nan  
22100800 22101012   nan  nan  nan  nan  
22101500 22101712   nan  nan  nan  nan  
22102200 22102412   0.070  0.019  0.101  0.001  
22102900 22103112   0.338  0.000  0.338  0.000  
22110500 22110712   -0.259  0.000  -0.259  0.000  
22111200 22111412   nan  nan  nan  nan  
22111900 22112112   0.059  0.048  0.059  0.048  
22112600 22112812   -0.037  0.017  0.001  0.925  
22120300 22120512   -0.130  0.000  -0.130  0.000  
22121000 22121212   0.164  0.000  0.177  0.000  
22122400 22122612   0.228  0.000  0.144  0.000  
22123100 23010212   0.130  0.000  0.126  0.000  
23010700 23010912   0.026  0.087  -0.062  0.000  
23011400 23011612   0.112  0.000  0.171  0.000  
23012100 23012312   0.075  0.013  0.048  0.113  
23012800 23013012   nan  nan  nan  nan  
23020400 23020612   0.000  0.995  0.004  0.636  
23021100 23021312   -0.109  0.000  -0.116  0.000  
23021800 23022012   0.042  0.000  0.059  0.000  
23022500 23022712   0.084  0.005  0.052  0.084  
23030400 23030612   0.089  0.003  0.167  0.000  
23031100 23031312   0.225  0.000  0.224  0.000  
23031800 23032012   nan  nan  nan  nan  
23032500 23032712   -0.069  0.022  0.106  0.000  
23040100 23040312   0.170  0.000  0.172  0.000  
23040800 23041012   0.306  0.000  0.408  0.000  
23041500 23041712   -0.004  0.616  0.000  0.979  
23042200 23042412   -0.093  0.002  -0.208  0.000  
23042900 23050112   nan  nan  nan  nan  
23050600 23050812   -0.072  0.017  -0.071  0.018  
23051300 23051512   nan  nan  nan  nan  
23052000 23052212   0.102  0.001  -0.115  0.000  
23052700 23052912   nan  nan  nan  nan  
23060300 23060512   nan  nan  nan  nan  
23061000 23061212   0.081  0.007  -0.002  0.948  
23061700 23061912   -0.110  0.000  -0.105  0.000  
23062400 23062612   nan  nan  nan  nan  
