22100100 22100312   0.209  0.000  0.248  0.000  
22100800 22101012   -0.395  0.000  -0.226  0.000  
22101500 22101712   -0.666  0.000  -0.662  0.000  
22102200 22102412   0.140  0.000  0.166  0.000  
22102900 22103112   0.238  0.000  -0.011  0.714  
22111200 22111412   -0.348  0.000  -0.157  0.000  
22111900 22112112   -0.148  0.000  -0.175  0.000  
22121000 22121212   -0.156  0.000  -0.132  0.000  
23010700 23010912   -0.164  0.000  -0.054  0.001  
23011400 23011612   0.471  0.000  0.592  0.000  
23012100 23012312   0.225  0.000  -0.008  0.790  
23012800 23013012   0.115  0.000  0.239  0.000  
23022500 23022712   -0.051  0.001  -0.088  0.000  
23030400 23030612   0.318  0.000  0.301  0.000  
23031100 23031312   -0.039  0.198  -0.032  0.295  
23031800 23032012   -0.125  0.000  0.068  0.025  
23032500 23032712   0.265  0.000  0.324  0.000  
23040100 23040312   0.136  0.000  0.146  0.000  
23040800 23041012   0.233  0.000  0.231  0.000  
23041500 23041712   0.032  0.000  0.020  0.008  
23042200 23042412   0.455  0.000  0.260  0.000  
23042900 23050112   -0.257  0.000  -0.170  0.000  
23050600 23050812   0.029  0.338  0.163  0.000  
23051300 23051512   0.472  0.000  0.503  0.000  
23052000 23052212   0.353  0.000  0.473  0.000  
23052700 23052912   0.351  0.000  0.347  0.000  
23060300 23060512   0.347  0.000  0.328  0.000  
23061000 23061212   0.219  0.000  0.303  0.000  
23061700 23061912   0.150  0.000  0.185  0.000  
23062400 23062612   0.063  0.000  0.065  0.000  
23070100 23070312   0.337  0.000  0.369  0.000  
23070800 23071012   0.298  0.000  0.278  0.000  
23072200 23072412   0.312  0.000  0.308  0.000  
23072900 23073112   0.342  0.000  0.318  0.000  
23080500 23080712   0.062  0.042  0.051  0.097  
23081200 23081412   -0.022  0.471  0.338  0.000  
23081900 23082112   0.302  0.000  0.318  0.000  
23082600 23082812   0.312  0.000  0.266  0.000  
23090200 23090412   0.194  0.000  0.295  0.000  
23090900 23091112   0.119  0.000  0.119  0.000  
23091600 23091812   -0.266  0.000  -0.224  0.000  
23092300 23092512   -0.087  0.000  -0.078  0.000  
23093000 23100212   0.130  0.000  0.168  0.000  
23100700 23100912   0.024  0.436  -0.004  0.886  
23101400 23101612   -0.075  0.014  -0.144  0.000  
23102100 23102312   0.058  0.000  0.013  0.415  
23102800 23103012   0.059  0.000  0.005  0.743  
23110400 23110612   -0.511  0.000  -0.508  0.000  
23111100 23111312   0.032  0.287  -0.233  0.000  
23120200 23120412   -0.101  0.001  -0.035  0.255  
23120900 23121112   0.431  0.000  0.049  0.092  
24010600 24010812   -0.047  0.002  -0.023  0.146  
24011300 24011512   0.004  0.000  0.002  0.000  
