22100100 22100312   nan  nan  nan  nan  
22100800 22101012   nan  nan  nan  nan  
22101500 22101712   nan  nan  nan  nan  
22102200 22102412   -0.042  0.166  -0.038  0.208  
22102900 22103112   0.195  0.000  0.204  0.000  
22110500 22110712   -0.157  0.000  -0.111  0.000  
22111200 22111412   0.009  0.366  0.016  0.106  
22111900 22112112   0.002  0.938  0.002  0.937  
22112600 22112812   -0.038  0.015  -0.056  0.000  
22120300 22120512   0.126  0.000  0.141  0.000  
22121000 22121212   0.137  0.000  0.110  0.000  
22122400 22122612   -0.133  0.000  -0.061  0.045  
22123100 23010212   0.090  0.003  0.112  0.000  
23010700 23010912   0.254  0.000  0.131  0.000  
23011400 23011612   0.172  0.000  0.130  0.000  
23012100 23012312   0.129  0.000  0.195  0.000  
23012800 23013012   nan  nan  nan  nan  
23020400 23020612   0.003  0.669  0.016  0.035  
23021100 23021312   0.048  0.000  -0.020  0.010  
23021800 23022012   nan  nan  nan  nan  
23022500 23022712   0.670  0.000  0.675  0.000  
23030400 23030612   0.134  0.000  0.099  0.001  
23031100 23031312   0.201  0.000  0.196  0.000  
23031800 23032012   nan  nan  nan  nan  
23032500 23032712   0.057  0.057  -0.090  0.003  
23040100 23040312   0.001  0.985  0.001  0.985  
23040800 23041012   0.148  0.000  0.151  0.000  
23041500 23041712   0.023  0.003  0.005  0.549  
23042200 23042412   -0.246  0.000  -0.147  0.000  
23042900 23050112   0.023  0.002  0.023  0.001  
23050600 23050812   -0.071  0.018  -0.069  0.021  
23051300 23051512   nan  nan  nan  nan  
23052000 23052212   0.261  0.000  0.344  0.000  
23052700 23052912   nan  nan  nan  nan  
23060300 23060512   nan  nan  nan  nan  
23061000 23061212   0.124  0.000  0.006  0.843  
23061700 23061912   nan  nan  nan  nan  
23062400 23062612   nan  nan  nan  nan  
23070100 23070312   nan  nan  nan  nan  
23070800 23071012   nan  nan  nan  nan  
23072200 23072412   0.058  0.054  0.057  0.059  
23072900 23073112   nan  nan  nan  nan  
23080500 23080712   0.058  0.053  0.058  0.056  
23081200 23081412   nan  nan  nan  nan  
23081900 23082112   nan  nan  nan  nan  
23082600 23082812   nan  nan  nan  nan  
23090200 23090412   0.069  0.021  0.069  0.022  
23090900 23091112   nan  nan  nan  nan  
23091600 23091812   0.178  0.000  0.178  0.000  
23092300 23092512   0.354  0.000  0.354  0.000  
23093000 23100212   -0.074  0.014  -0.074  0.014  
23100700 23100912   nan  nan  nan  nan  
23101400 23101612   0.080  0.008  0.024  0.420  
23102100 23102312   nan  nan  nan  nan  
23102800 23103012   nan  nan  nan  nan  
23110400 23110612   0.200  0.000  0.228  0.000  
23111100 23111312   0.835  0.010  0.896  0.003  
23120900 23121112   -0.180  0.000  -0.167  0.000  
23123000 24010112   -0.011  0.709  -0.275  0.000  
24010600 24010812   0.072  0.000  0.071  0.000  
24011300 24011512   nan  nan  nan  nan  
