22100100 22100312   -0.178  0.000  -0.165  0.000  
22100800 22101012   0.370  0.000  0.353  0.000  
22101500 22101712   0.092  0.000  0.096  0.000  
22102200 22102412   -0.008  0.787  -0.097  0.001  
22102900 22103112   0.187  0.000  0.157  0.000  
22111200 22111412   -0.150  0.000  0.012  0.000  
22111900 22112112   0.345  0.000  0.312  0.000  
22121000 22121212   0.088  0.003  0.097  0.001  
23010700 23010912   0.043  0.006  0.017  0.268  
23011400 23011612   -0.231  0.058  0.134  0.276  
23012100 23012312   0.162  0.000  0.220  0.000  
23012800 23013012   0.048  0.108  0.130  0.000  
23022500 23022712   0.028  0.065  0.004  0.784  
23030400 23030612   -0.230  0.000  -0.249  0.000  
23031100 23031312   -0.029  0.339  0.007  0.818  
23031800 23032012   0.163  0.000  0.065  0.027  
23032500 23032712   -0.333  0.000  -0.347  0.000  
23040100 23040312   0.116  0.000  0.136  0.000  
23040800 23041012   0.243  0.000  0.232  0.000  
23041500 23041712   0.041  0.000  0.051  0.000  
23042200 23042412   -0.574  0.000  -0.588  0.000  
23042900 23050112   -0.081  0.005  -0.097  0.001  
23050600 23050812   0.283  0.000  0.114  0.000  
23051300 23051512   0.386  0.000  0.295  0.000  
23052000 23052212   0.020  0.441  -0.030  0.241  
23052700 23052912   -0.017  0.577  -0.019  0.527  
23060300 23060512   0.133  0.000  0.139  0.000  
23061000 23061212   -0.028  0.349  -0.154  0.000  
23061700 23061912   0.054  0.071  0.078  0.010  
23062400 23062612   0.669  0.001  0.590  0.004  
