22100100 22100312   nan  nan  nan  nan  
22100800 22101012   nan  nan  nan  nan  
22101500 22101712   nan  nan  nan  nan  
22102200 22102412   nan  nan  nan  nan  
22102900 22103112   nan  nan  nan  nan  
22110500 22110712   0.119  0.000  0.095  0.002  
22111200 22111412   nan  nan  nan  nan  
22112600 22112812   0.034  0.028  0.026  0.100  
22121000 22121212   nan  nan  nan  nan  
22123100 23010212   -0.304  0.220  -0.257  0.303  
23010700 23010912   0.030  0.050  0.030  0.051  
23011400 23011612   0.182  0.000  0.002  0.952  
23012100 23012312   nan  nan  nan  nan  
23012800 23013012   0.117  0.644  0.023  0.927  
23020400 23020612   nan  nan  nan  nan  
23021100 23021312   nan  nan  nan  nan  
23021800 23022012   0.015  0.051  0.039  0.000  
23030400 23030612   nan  nan  nan  nan  
23031100 23031312   -0.001  0.971  -0.002  0.944  
23031800 23032012   nan  nan  nan  nan  
23032500 23032712   nan  nan  nan  nan  
23040100 23040312   nan  nan  nan  nan  
23040800 23041012   nan  nan  nan  nan  
23041500 23041712   nan  nan  nan  nan  
23042200 23042412   nan  nan  nan  nan  
23042900 23050112   0.066  0.000  0.066  0.000  
23050600 23050812   -0.173  0.000  -0.007  0.815  
23051300 23051512   nan  nan  nan  nan  
23052000 23052212   -0.114  0.000  -0.114  0.000  
23052700 23052912   nan  nan  nan  nan  
23060300 23060512   nan  nan  nan  nan  
23061000 23061212   -0.115  0.000  -0.114  0.000  
23061700 23061912   0.003  0.924  0.002  0.935  
23062400 23062612   0.030  0.329  0.030  0.326  
23070100 23070312   nan  nan  nan  nan  
23070800 23071012   nan  nan  nan  nan  
23072200 23072412   nan  nan  nan  nan  
23072900 23073112   nan  nan  nan  nan  
23080500 23080712   nan  nan  nan  nan  
23081200 23081412   nan  nan  nan  nan  
23081900 23082112   nan  nan  nan  nan  
23082600 23082812   nan  nan  nan  nan  
23090200 23090412   nan  nan  nan  nan  
23090900 23091112   nan  nan  nan  nan  
23091600 23091812   0.212  0.000  0.212  0.000  
23092300 23092512   nan  nan  nan  nan  
23093000 23100212   nan  nan  nan  nan  
23100700 23100912   nan  nan  nan  nan  
23101400 23101612   nan  nan  nan  nan  
23102100 23102312   nan  nan  nan  nan  
23102800 23103012   nan  nan  nan  nan  
23110400 23110612   -0.313  0.000  -0.255  0.000  
23111100 23111312   0.052  0.088  0.052  0.090  
23111800 23112012   -0.055  0.076  -0.057  0.063  
23112500 23112712   nan  nan  nan  nan  
23120200 23120412   -0.215  0.000  -0.214  0.000  
23120900 23121112   -0.642  0.000  -0.136  0.368  
23123000 24010112   nan  nan  nan  nan  
24010600 24010812   0.048  0.002  0.048  0.002  
