22100100 22100312   -0.052  0.085  -0.012  0.694  
22100800 22101012   -0.003  0.916  0.053  0.077  
22101500 22101712   nan  nan  nan  nan  
22102200 22102412   0.061  0.043  0.087  0.004  
22102900 22103112   -0.067  0.026  -0.124  0.000  
22110500 22110712   -0.253  0.000  -0.251  0.000  
22111200 22111412   0.010  0.128  0.008  0.209  
22111900 22112112   -0.006  0.835  -0.015  0.615  
22112600 22112812   -0.102  0.000  -0.035  0.025  
22120300 22120512   -0.050  0.095  -0.068  0.024  
22121000 22121212   -0.041  0.178  0.169  0.000  
22122400 22122612   0.259  0.000  0.294  0.000  
22123100 23010212   -0.006  0.842  0.027  0.377  
23010700 23010912   -0.068  0.000  -0.059  0.000  
23011400 23011612   -0.305  0.000  -0.206  0.000  
23012100 23012312   0.175  0.000  0.176  0.000  
23012800 23013012   0.053  0.000  0.053  0.000  
23020400 23020612   0.091  0.000  0.050  0.000  
23021100 23021312   -0.008  0.328  -0.008  0.327  
23021800 23022012   -0.034  0.000  -0.045  0.000  
23022500 23022712   -0.123  0.000  -0.070  0.020  
23030400 23030612   -0.293  0.000  -0.302  0.000  
23031100 23031312   -0.001  0.965  0.102  0.001  
23031800 23032012   0.046  0.003  0.031  0.043  
23032500 23032712   0.055  0.066  0.028  0.345  
23040100 23040312   0.018  0.555  0.019  0.535  
23040800 23041012   0.451  0.000  0.469  0.000  
23041500 23041712   -0.051  0.000  -0.057  0.000  
23042200 23042412   -0.090  0.003  -0.002  0.944  
23042900 23050112   nan  nan  nan  nan  
23050600 23050812   -0.100  0.001  -0.075  0.013  
23051300 23051512   nan  nan  nan  nan  
23052000 23052212   -0.104  0.001  0.005  0.861  
23052700 23052912   nan  nan  nan  nan  
23060300 23060512   0.019  0.016  -0.000  0.991  
23061000 23061212   0.184  0.000  0.185  0.000  
23061700 23061912   -0.049  0.104  -0.064  0.034  
23062400 23062612   nan  nan  nan  nan  
23070100 23070312   nan  nan  nan  nan  
23070800 23071012   nan  nan  nan  nan  
23072200 23072412   nan  nan  nan  nan  
23072900 23073112   nan  nan  nan  nan  
23080500 23080712   0.415  0.000  0.424  0.000  
23081200 23081412   -0.057  0.054  -0.057  0.056  
23081900 23082112   nan  nan  nan  nan  
23082600 23082812   0.010  0.730  0.113  0.000  
23090200 23090412   nan  nan  nan  nan  
23090900 23091112   nan  nan  nan  nan  
23091600 23091812   -0.151  0.000  0.093  0.002  
23092300 23092512   -0.034  0.026  -0.032  0.040  
23093000 23100212   -0.050  0.097  -0.048  0.109  
23100700 23100912   0.007  0.823  -0.052  0.085  
