22100100 22100312   0.444  0.000  0.438  0.000  
22100800 22101012   0.219  0.000  0.130  0.000  
22101500 22101712   0.412  0.000  0.560  0.000  
22102200 22102412   0.106  0.000  0.219  0.000  
22102900 22103112   -0.116  0.000  -0.062  0.040  
22111200 22111412   0.337  0.000  -0.719  0.000  
22111900 22112112   0.311  0.000  0.318  0.000  
22121000 22121212   -0.016  0.598  -0.052  0.087  
23010700 23010912   0.023  0.128  0.029  0.058  
23011400 23011612   0.285  0.019  0.403  0.001  
23012100 23012312   -0.072  0.016  -0.089  0.003  
23012800 23013012   0.122  0.000  0.169  0.000  
23022500 23022712   0.117  0.000  -0.066  0.000  
23030400 23030612   -0.051  0.093  -0.059  0.049  
23031100 23031312   0.225  0.000  0.173  0.000  
23031800 23032012   0.245  0.000  0.396  0.000  
23032500 23032712   0.096  0.001  0.159  0.000  
23040100 23040312   0.171  0.000  0.173  0.000  
23040800 23041012   -0.087  0.004  -0.105  0.000  
23041500 23041712   0.178  0.000  0.160  0.000  
23042200 23042412   0.498  0.000  0.498  0.000  
23042900 23050112   -0.663  0.000  -0.623  0.000  
23050600 23050812   0.246  0.000  0.228  0.000  
23051300 23051512   0.064  0.220  0.150  0.004  
23052000 23052212   -0.685  0.000  -0.674  0.000  
23052700 23052912   -0.060  0.046  -0.035  0.240  
23060300 23060512   0.234  0.000  0.252  0.000  
23061000 23061212   -0.228  0.000  -0.211  0.000  
23061700 23061912   -0.165  0.000  -0.275  0.000  
23062400 23062612   0.021  0.006  0.022  0.004  
23070100 23070312   -0.009  0.764  -0.044  0.140  
23070800 23071012   0.092  0.002  0.070  0.020  
23072200 23072412   -0.062  0.040  -0.116  0.000  
23072900 23073112   -0.135  0.000  -0.106  0.000  
23080500 23080712   0.188  0.000  0.232  0.000  
23081200 23081412   -0.058  0.053  -0.033  0.274  
23081900 23082112   0.159  0.000  0.159  0.000  
23082600 23082812   0.235  0.000  0.362  0.000  
23090200 23090412   0.246  0.000  0.263  0.000  
23090900 23091112   0.133  0.000  0.131  0.000  
23091600 23091812   0.160  0.000  -0.200  0.000  
23092300 23092512   0.174  0.000  0.196  0.000  
23093000 23100212   0.016  0.586  0.054  0.071  
23100700 23100912   0.125  0.000  0.379  0.000  
23101400 23101612   0.107  0.000  0.102  0.001  
23102100 23102312   -0.004  0.781  0.042  0.006  
23102800 23103012   0.200  0.000  0.195  0.000  
23110400 23110612   -0.318  0.000  -0.299  0.000  
23111100 23111312   0.034  0.266  0.022  0.462  
23120200 23120412   0.334  0.000  0.337  0.000  
23120900 23121112   -0.584  0.000  -0.563  0.000  
24010600 24010812   -0.045  0.003  -0.146  0.000  
