22100100 22100312   0.248  0.000  0.212  0.000  
22100800 22101012   0.326  0.000  0.166  0.000  
22101500 22101712   0.951  0.000  0.933  0.000  
22102200 22102412   0.242  0.000  0.259  0.000  
22102900 22103112   0.417  0.000  0.374  0.000  
22111200 22111412   0.103  0.000  0.106  0.000  
22111900 22112112   0.095  0.002  0.035  0.239  
22121000 22121212   -0.188  0.000  -0.202  0.000  
23010700 23010912   -0.199  0.000  -0.183  0.000  
23011400 23011612   0.830  0.000  0.174  0.156  
23012100 23012312   0.023  0.444  -0.270  0.000  
23012800 23013012   0.192  0.000  0.190  0.000  
23022500 23022712   0.041  0.008  -0.039  0.011  
23030400 23030612   0.005  0.858  -0.233  0.000  
23031100 23031312   -0.300  0.000  -0.300  0.000  
23031800 23032012   0.332  0.000  0.336  0.000  
23032500 23032712   0.525  0.000  0.510  0.000  
23040100 23040312   0.150  0.000  0.142  0.000  
23040800 23041012   -0.162  0.000  -0.158  0.000  
23041500 23041712   -0.080  0.000  -0.083  0.000  
23042200 23042412   -0.333  0.000  -0.374  0.000  
23042900 23050112   0.576  0.000  0.582  0.000  
23050600 23050812   0.017  0.573  0.146  0.000  
23051300 23051512   0.624  0.000  0.532  0.000  
23052000 23052212   0.782  0.000  0.720  0.000  
23052700 23052912   0.375  0.000  0.376  0.000  
23060300 23060512   0.428  0.000  0.439  0.000  
23061000 23061212   -0.176  0.000  -0.048  0.110  
23061700 23061912   0.337  0.000  0.384  0.000  
23062400 23062612   0.959  0.000  0.942  0.000  
