22100100 22100312   nan  nan  nan  nan  
22100800 22101012   nan  nan  nan  nan  
22101500 22101712   nan  nan  nan  nan  
22102200 22102412   0.120  0.000  0.089  0.003  
22102900 22103112   0.086  0.004  0.086  0.004  
22110500 22110712   -0.215  0.000  -0.236  0.000  
22111200 22111412   nan  nan  nan  nan  
22111900 22112112   -0.029  0.335  -0.029  0.335  
22112600 22112812   0.009  0.554  -0.026  0.092  
22120300 22120512   -0.104  0.001  -0.104  0.001  
22121000 22121212   0.105  0.000  0.121  0.000  
22122400 22122612   -0.142  0.000  -0.057  0.059  
22123100 23010212   0.107  0.000  0.130  0.000  
23010700 23010912   0.013  0.406  0.026  0.097  
23011400 23011612   0.070  0.020  0.069  0.021  
23012100 23012312   nan  nan  nan  nan  
23012800 23013012   nan  nan  nan  nan  
23020400 23020612   0.031  0.000  0.040  0.000  
23021100 23021312   -0.015  0.051  -0.044  0.000  
23021800 23022012   0.019  0.014  0.019  0.013  
23022500 23022712   0.206  0.000  0.205  0.000  
23030400 23030612   -0.029  0.335  -0.030  0.319  
23031100 23031312   0.103  0.001  0.104  0.001  
23031800 23032012   nan  nan  nan  nan  
23032500 23032712   0.060  0.045  0.127  0.000  
23040100 23040312   0.277  0.000  0.293  0.000  
23040800 23041012   nan  nan  nan  nan  
23041500 23041712   0.040  0.000  0.037  0.000  
23042200 23042412   0.041  0.173  0.160  0.000  
23042900 23050112   -0.002  0.773  -0.002  0.773  
23050600 23050812   nan  nan  nan  nan  
23051300 23051512   nan  nan  nan  nan  
23052000 23052212   nan  nan  nan  nan  
23052700 23052912   nan  nan  nan  nan  
23060300 23060512   0.014  0.062  0.015  0.050  
23061000 23061212   0.138  0.000  0.039  0.200  
23061700 23061912   -0.108  0.000  -0.108  0.000  
23062400 23062612   nan  nan  nan  nan  
23070100 23070312   nan  nan  nan  nan  
23070800 23071012   nan  nan  nan  nan  
23072200 23072412   nan  nan  nan  nan  
23072900 23073112   nan  nan  nan  nan  
23080500 23080712   nan  nan  nan  nan  
23081200 23081412   nan  nan  nan  nan  
23081900 23082112   nan  nan  nan  nan  
23082600 23082812   nan  nan  nan  nan  
23090200 23090412   nan  nan  nan  nan  
23090900 23091112   nan  nan  nan  nan  
23091600 23091812   0.179  0.000  0.176  0.000  
23092300 23092512   0.049  0.001  0.057  0.000  
23093000 23100212   nan  nan  nan  nan  
23100700 23100912   -0.049  0.104  -0.024  0.429  
23101400 23101612   nan  nan  nan  nan  
23102100 23102312   nan  nan  nan  nan  
23102800 23103012   nan  nan  nan  nan  
23110400 23110612   -0.075  0.013  0.067  0.026  
23111100 23111312   nan  nan  nan  nan  
23111800 23112012   nan  nan  nan  nan  
23112500 23112712   nan  nan  nan  nan  
23120200 23120412   nan  nan  nan  nan  
23120900 23121112   nan  nan  nan  nan  
23123000 24010112   nan  nan  nan  nan  
